14
373604609938805146464770507580610359614002
569368832393714863725441190788224542904152940810
428443115645163855188901149281595249110726791550
4633526635721409024513322038800951646200
8005432684670001793821680968495965459185155
38149915763329259647807468365434263271420330
11281167557330293250066034425065901518540481282
14285200342885779437783873755250014332731638
60062951713241147288370687098261132808195818
7012955628280629419954381241773753849930
7417147889457315519182758762104660290561290
4107421262554110463829954793542016420463499
885860823140163791069818218099316267821761
9402002220416032995096330128439892349471630206681
