50
32755898097574307536090664586102992419284690
787333192463963112405469394963753629483040854035
464139107443546512608572459117742276949194286452
98045486506595884536379576649517153589321
942786209173591307378024666217853632950602356502
84169530779672489680993515401477109782284
638176115447904195778169441705223513822126776
3400773701612750823940896398142599175298509374929
34023093830073129135665345629554148534164393
5486723284099356063776273483833299966768
92080120248633761545063075213314566497725
65846011871974148426343596803738798524448857309
7069230646362244757873564462161373661887518634
890970293948770089632027388629916691476408208235
13499435666260252440203519358403531021399846268
30174787212275811524802872964446378067054825286
7077009811094348313609831135968587962249431
6869670928239170115702984337599594598831893
481320070040271793287808186181450809647840
85737903861461944921070888075938302666554771826
1256008644594351913851989157834185863993906706
112174191260825730640388577877145973708174678802
5795458979727613520668003111807927224604344383415
281335453184824749917265055555960728163364685545
690018503809350219694240030660738779624334991360
674098605904799897128805740627738330073103931690
3508768031207430411740067603039928957397733461
901545253500616866557660429857297075926451118
15773476988364942303065810483278011659730008
7643223594964640281719231810605483127705461877101
8797804846019497938015773966604993461811577746
6746340698051464259164818566221737948511242
4251332256886412658705261702054214338965985994
258343467268061704841768325056496969964023
12826870964177479858742521131104574106087
69843652967165566437432399532926072244680
8475880993418592612360207116154192214015410
13686466881741740230437729099075712402564483
71088673748230072180502745297458431279498141
3248299424252609116198598244297036534516474974053
5149432173407687416637952887627604541453748656072
74845030623064028454911263650817335809967501495
59566182797909268217253642548819972709327630404
8034384838722493962510192859579687100017494
57362935348944411306916901385167067243959178
7952750406393116681600016849290532062381513658423
66071369132546462446305845668457540473128796890
70790226140050841879716441138883283771675975
20777517235438513302547215900446514756861616940
65695966045081092001813348971911768646184394
