14
51022366363422536506686133348584505133799058
1642778117408781421432343958618316413337000930
999583542160129364195238880352585283943769547483
372841071577080230683788164870231221448984184
4784662737292149858714761123836034555049927059654
91775760908319285713432851738095005699407570
9013700279684448897877030355205958241909987099
31418615095107793561891999520425366927295483426
54405328969075718986784476582230130763280
48771012530173643131593209254665963214110556
3848921794016052705456030324969589082563313859
92309465735740155794746016548554123236899602717
3420267192497802169708969272082344233641
5835655434045182666606508936957771874175981265
