31
56451448916885280655522736979842309781820
38252305433360807816253814378980860664643461761
4055422285343778408487540210653278640091259
88808975293690081911011422705434936523348194586
294956522672444595239070953472630843807386899944
655747673491572582729692281528476857262524369
37353359253443200716037104058823362245481354
9916579917784356575537274509983933047022
1583896138502872606657518268036189635368606
3915959999830074750128249898424136573419424248553
37874401823644943454680889190721504903666232
65905922160123278996478448157983706305422242600
4105560492974291782212388439930292329118609498363
728446985992100064607771746970477879264750010
18286130677133102448624167284180783394377421
545852315315297424822091904670826730550900162186
907168587538043818060568449941761589769933
11211538088050974920570984604768921113102424028
26899878118952075429325143265735698025044324
943595758390074482905458797868131981687309912060
6707702418937570706146269694191444180482229399
5584562674805277616775022437381489490554282
283130602047889506049672994119951619552558157
6996035731723279804887155022130164797032708047
2643332137263274008001398527334515314474
759645050795224232036565219134581559309596
906657963446739253791670404415232426115724722
5036636097850345506080848810097180775146
629432119836116420362105418449626872739877
68761289404102643665739556044249658129368280
6171649800111687174913112686663201930763079
