61
7898370234022731316313496208359900409879059
13981850938803293821056174621576298894769683967
495209320368542299922733426969504690066814
2454458238524320061137680894945752803733400
862959690459883947376631674197496601639475366421
1812747683657677880670467296871598980983987
464842446198541116386684885083424816110597846
63007796071383075165978256987466964179494896
26211334699970324172716481848938468454267718720
410569614154669662562460604228023619613267333020
5521606092697953462802147374628088122426133295
3156275252891794540088290652638051468456
19373501895049327926268522613426669855134927
5834524843374236622740860008210429188394
6614771127350444053708242960634398790803885
538267466421048247954475539630806204553390203
38370177660328793038708634794835489479306
9114464523482737058919353153727540781637065824
3724692587955769469965618141042879319887517705399
6026176812165195920465145103695206260649959992
14715600209009152790902409357136121684262095
3873764787088942675781239458387505550424
30563854559691883148968089840661203735020825
12538385088019047356132796092804754783853592
170770220374362496275014499271471044295747559534
2145766559629221920352195883671719832310015919
9309989614723810067480267340560953680912
157129923694845949576671848860596484440536315845
2662263381486954434014484922071849272898
3057229611926340772325102506055618882427663
1009373003826529433400830898719716101821
2179836932799702659256491793075375761476399287408
66210446516026991271513197956078154118998324327
419270816261461321202986150819767198551010549862
10347081438259142966205097524180294769752
2720554679658969315987574747593874858108647524257
8378727288835914005713984253794634963121
4696458093672239656999999483880358340616
56138659917877218979430871535146923532600804684
5955117818817286241263023563573443533409535775271
3004275940783673525984999947642492752921645
115372419818462998958833166223007533533287995401
1978991157081972386415557503160130089347003003330
3803574852401709596085134467044714281038255
34757357193662720179679932234484599808883117895
203220399151914952887299297501629530300448
45752964579902610202573724989977230727193
9450429629448147675513506178571344570082322746
827506532970595391602890098924559136091007
5390668499754749840483089989455220562013887398
55753923277712749165352499002261918619703443340
647122334387685012698859210199141076728651707641
659214534593892550009330560908233229888477010
74414452557711199453584837532800087321576344414
27234445437499628269761195267709508315234
437659704131461662482699234313775827721281023
155473722090723279058398356022962969228432
5611657819294738947738705878992467450600950842
2141035625930826065343250554544118791015
3644128940157478276887238688954505032340029940521
4488807932933543342998457978003551027396093304
