46
840797533430330914331781530361640675204847729605
8489580634929929230300022067641738390341299892639
396557280973857506254780348010106835492521445
157805201244929730286295701201029703689026
9743579076010285061430670639536058971669
23952337305683077084547294321650915902465
2411328327921955319594369324697360885417100
2995153451908437507691326343365216650398
52359724285845489625431145306614435252266288
3131561476459886809176209792464459998746
6158003109921343268344799048553494618340322179213
3147524402065705677778818052525899140802330329127
34882820306839590464366851935952374397499
4214223281035257809485983143822069239216320
614397398366927824315729829950636296598372565
451203242605590638473029606396621187871319161807
784710743468924347301018172246606885966110606
4492145485436134132869617968190162034738686351903
6348817148818430899494091831697817657254996249595
49048414174101547128027957955595732999710
8115097290721489145947452541941463126812124577953
48833964811159495116675427165378383431198062
4603741539380180968989464542242200362253217377936
99791570517290824199930538715734125782753
8390606158761176777318913191268701371301096
2476497031741512349907244478646870858148785203
312862904979765368746164233185963605308500553
7669183465827250329559568338693201386418108
88401102461212426779708926733594874955202
7450294680605117686826904081880880655344755
19351205570536083685923307593573608233390
968119881572586239946594133943247896300994690446
180694283715181453282582242303450354241046141
836312168265469683860708724759210556291141639396
876359357733023012740792127822307230140305389
76300131828975158195553745150482242928853723026
721231173498303381043399163151735060077088
93306480765087403511041832018735760681320335
6391968485175692392393365178794027466046989
89586581847713677431661032106563387806731548414
70586862115036499447262798889063960845284148149
9169451591547383851452467965549986385753
5953679897202234126517078111368653046785306503932
6597171207533443947669404649895500071324239
5885006567887080510193052147712584473085
3235952274928738818577621319417845126495645237118
