710
1 1
2 2
3
4
1 5
3
2 7
3
2 9
3
1 11
5
2 13
4
3
1 16
4
2 18
2 19
1 20
6
3
6
1 24
1 25
5
3
3
1 29
1 30
2 31
3
1 33
6
4
3
6
2 38
6
5
6
3
6
1 44
4
2 46
5
6
4
2 50
2 51
3
4
2 54
1 55
2 56
2 57
4
4
4
6
3
4
3
3
2 66
1 67
4
3
2 70
5
4
1 73
5
1 75
4
3
2 78
3
1 80
4
2 82
5
3
1 85
1 86
1 87
1 88
4
3
4
5
1 93
6
2 95
2 96
3
1 98
1 99
4
3
4
3
4
2 105
6
5
6
5
4
1 111
3
1 113
5
6
4
1 117
4
1 119
1 120
4
3
2 123
6
5
3
1 127
2 128
2 129
5
2 131
3
3
4
3
2 136
4
2 138
2 139
4
3
2 142
6
2 144
5
4
6
4
1 149
2 150
4
3
1 153
2 154
3
4
1 157
5
6
4
1 161
2 162
1 163
4
6
4
5
3
2 169
4
1 171
4
1 173
3
1 175
5
3
2 178
4
1 180
3
2 182
5
6
5
3
1 187
5
4
1 190
4
1 192
4
1 194
3
2 196
4
2 198
4
2 200
5
1 202
1 203
2 204
3
4
2 207
2 208
4
3
5
3
3
2 214
4
2 216
5
3
1 219
5
1 221
3
4
1 224
1 225
3
2 227
4
5
2 230
3
3
1 233
2 234
2 235
4
2 237
5
2 239
3
2 241
4
4
3
2 245
4
4
2 248
2 249
4
2 251
4
6
3
1 255
4
1 257
4
1 259
3
1 261
6
5
1 264
1 265
5
4
3
5
2 270
4
4
2 273
3
1 275
4
2 277
2 278
2 279
5
6
5
2 283
4
4
2 286
3
3
3
1 290
3
2 292
2 293
3
1 295
4
3
2 298
4
1 300
2 301
5
1 303
2 304
6
5
4
3
3
3
1 311
4
2 313
5
4
1 316
4
2 318
4
2 320
6
4
2 323
4
2 325
3
2 327
5
4
2 330
6
4
1 333
6
5
4
1 337
3
1 339
2 340
4
2 342
4
5
2 345
2 346
3
2 348
5
3
6
5
6
5
4
3
1 357
3
1 359
6
4
1 362
2 363
5
3
5
2 367
4
5
6
3
1 372
2 373
2 374
4
5
4
4
1 379
3
1 381
3
1 383
1 384
4
3
1 387
4
2 389
3
1 391
5
4
2 394
4
1 396
1 397
1 398
2 399
3
6
2 402
5
2 404
3
6
2 407
5
2 409
4
3
3
4
6
4
4
1 417
6
4
2 420
5
4
2 423
5
3
2 426
1 427
6
1 429
2 430
3
1 432
6
1 434
4
5
3
4
1 439
3
2 441
6
4
5
4
5
4
2 448
1 449
6
4
6
3
1 454
4
1 456
1 457
2 458
5
4
6
1 462
2 463
1 464
5
6
3
6
4
2 470
1 471
2 472
4
3
3
4
4
5
3
1 480
3
2 482
4
2 484
3
1 486
6
5
1 489
1 490
2 491
6
5
1 494
3
3
1 497
4
6
1 500
3
2 502
1 503
4
1 505
5
6
4
3
3
5
3
4
2 514
3
1 516
3
1 518
6
5
3
2 522
4
1 524
6
3
1 527
4
2 529
2 530
2 531
1 532
2 533
2 534
3
3
1 537
1 538
6
5
3
2 542
1 543
4
6
3
4
1 548
5
6
2 551
3
2 553
6
4
4
3
2 558
4
4
3
4
1 563
4
2 565
3
2 567
3
1 569
5
3
1 572
3
2 574
5
4
1 577
3
1 579
2 580
2 581
6
1 583
2 584
1 585
1 586
4
4
4
1 590
4
5
2 593
4
4
4
3
3
1 599
4
1 601
2 602
2 603
1 604
4
1 606
1 607
3
3
5
3
5
1 613
4
6
5
3
1 618
3
6
5
1 622
1 623
6
2 625
3
3
5
3
4
2 631
2 632
1 633
1 634
6
3
4
5
3
5
3
1 642
2 643
4
2 645
2 646
3
4
2 649
5
2 651
4
3
6
4
1 656
4
2 658
3
2 660
3
2 662
6
3
1 665
5
4
2 668
3
1 670
4
1 672
1 673
1 674
3
4
2 677
1 678
5
4
3
4
1 683
4
1 685
6
5
3
1 689
3
1 691
1 692
2 693
6
5
4
1 697
6
5
6
4
3
3
2 704
1 705
2 706
4
3
3
1 710
