2610
2 1
6
4
2 4
2 5
2 6
2 7
1 8
6
2 10
5
6
5
2 14
2 15
4
2 17
2 18
3
4
4
6
2 23
1 24
4
4
3
2 28
1 29
4
4
4
3
4
4
3
2 37
5
1 39
4
1 41
4
5
4
2 45
4
1 47
1 48
3
4
1 51
1 52
2 53
3
3
1 56
2 57
6
2 59
5
1 61
5
3
1 64
6
4
3
5
4
3
4
2 72
5
3
2 75
1 76
3
2 78
3
3
2 81
2 82
1 83
3
3
3
2 87
3
2 89
6
5
2 92
4
3
2 95
3
2 97
4
1 99
6
5
6
3
2 104
3
1 106
1 107
4
1 109
2 110
1 111
3
4
1 114
3
5
6
4
4
2 120
4
1 122
3
2 124
4
2 126
6
3
1 129
2 130
2 131
3
2 133
6
3
4
3
2 138
2 139
2 140
1 141
5
4
5
3
6
4
4
2 149
3
2 151
5
4
2 154
3
2 156
4
2 158
2 159
3
4
1 162
1 163
2 164
3
6
4
3
2 169
1 170
5
4
4
1 174
1 175
6
4
1 178
3
4
2 181
3
1 183
5
2 185
2 186
4
4
3
1 190
6
5
4
1 194
5
6
1 197
4
1 199
2 200
5
3
1 203
5
1 205
3
5
4
4
4
1 211
1 212
3
4
1 215
1 216
2 217
4
6
5
6
3
6
3
1 225
1 226
4
1 228
5
3
1 231
6
4
3
2 235
4
1 237
5
3
1 240
3
2 242
3
1 244
1 245
1 246
1 247
3
5
6
3
6
3
6
4
2 256
2 257
5
3
6
4
1 262
1 263
5
3
4
1 267
3
1 269
3
1 271
3
1 273
6
2 275
3
1 277
1 278
3
2 280
1 281
3
6
4
4
4
1 287
3
1 289
4
2 291
3
1 293
3
1 295
1 296
1 297
4
3
4
1 301
2 302
2 303
3
3
4
2 307
6
4
1 310
4
1 312
1 313
1 314
6
4
4
3
2 319
5
3
2 322
1 323
6
5
3
4
2 328
3
2 330
6
3
2 333
6
5
4
2 337
5
2 339
6
4
1 342
4
6
3
2 346
4
2 348
5
4
2 351
4
1 353
3
1 355
4
1 357
3
1 359
4
2 361
6
4
1 364
3
1 366
4
2 368
5
6
2 371
4
2 373
2 374
4
3
5
3
2 379
3
1 381
4
1 383
3
1 385
1 386
4
6
4
2 390
3
2 392
6
3
2 395
3
2 397
3
2 399
3
1 401
4
2 403
4
2 405
2 406
2 407
4
1 409
6
2 411
3
3
4
6
4
1 417
4
1 419
4
2 421
1 422
5
1 424
1 425
3
3
1 428
5
4
5
6
5
6
1 435
4
4
4
1 439
4
2 441
4
1 443
2 444
4
2 446
4
4
1 449
1 450
4
2 452
3
4
1 455
4
1 457
4
1 459
5
4
2 462
4
2 464
5
3
2 467
3
1 469
4
1 471
1 472
3
3
2 475
2 476
6
4
5
2 480
5
1 482
2 483
2 484
1 485
4
3
3
5
6
5
1 492
4
2 494
2 495
4
5
6
3
1 500
5
4
5
2 504
2 505
3
5
2 508
4
3
6
3
4
3
1 515
4
1 517
4
2 519
3
2 521
1 522
4
2 524
4
6
3
1 528
5
4
1 531
6
1 533
1 534
6
4
1 537
3
4
3
1 541
1 542
5
4
2 545
1 546
3
3
3
2 550
3
2 552
3
2 554
3
2 556
1 557
1 558
3
3
2 561
4
3
2 564
6
4
2 567
3
1 569
6
5
4
1 573
2 574
5
1 576
6
3
5
4
3
1 582
6
5
3
1 586
1 587
3
3
1 590
1 591
3
4
1 594
3
1 596
2 597
3
4
2 600
4
1 602
1 603
4
1 605
1 606
2 607
5
6
3
5
6
4
4
5
4
1 617
1 618
1 619
3
5
4
4
2 624
2 625
3
4
2 628
6
5
3
1 632
3
1 634
4
1 636
3
1 638
3
2 640
6
5
4
1 644
3
1 646
2 647
3
5
2 650
6
3
4
2 654
4
1 656
1 657
2 658
2 659
4
2 661
5
1 663
6
5
6
3
6
4
6
3
1 672
4
4
1 675
5
3
1 678
5
6
4
4
2 683
2 684
6
3
3
2 688
4
2 690
1 691
5
3
3
1 695
6
5
2 698
4
4
2 701
4
2 703
2 704
5
4
3
1 708
4
2 710
2 711
3
4
1 714
2 715
1 716
6
3
4
6
4
2 722
3
1 724
3
1 726
3
1 728
6
5
2 731
3
2 733
5
1 735
5
3
6
2 739
4
5
3
6
5
3
2 746
4
2 748
4
2 750
4
1 752
4
2 754
3
2 756
6
1 758
4
2 760
1 761
5
6
4
3
5
1 767
1 768
4
3
1 771
1 772
1 773
5
4
1 776
3
3
6
4
4
1 782
5
1 784
4
3
2 787
6
2 789
6
5
4
3
1 794
3
2 796
4
2 798
4
2 800
2 801
3
2 803
1 804
4
3
3
2 808
5
3
1 811
4
1 813
2 814
4
6
3
2 818
1 819
2 820
4
6
5
6
2 825
4
4
6
4
2 830
4
1 832
1 833
4
3
1 836
2 837
3
2 839
1 840
1 841
4
3
5
4
4
1 847
3
1 849
3
1 851
3
1 853
3
1 855
3
1 857
3
2 859
3
2 861
4
2 863
3
1 865
2 866
1 867
4
5
2 870
6
5
3
6
4
3
1 877
5
2 879
6
1 881
3
6
3
4
1 886
3
2 888
4
2 890
5
4
2 893
2 894
4
2 896
3
1 898
5
3
4
2 902
4
1 904
6
2 906
1 907
2 908
6
5
6
2 912
3
5
6
5
6
4
6
3
1 921
4
3
5
6
1 926
3
1 928
3
3
2 931
5
4
1 934
1 935
3
3
1 938
3
2 940
4
2 942
4
2 944
6
4
2 947
2 948
3
5
4
1 952
4
1 954
3
1 956
3
1 958
4
2 960
4
2 962
3
2 964
2 965
3
4
2 968
4
1 970
2 971
2 972
3
4
4
2 976
3
2 978
6
1 980
3
2 982
1 983
4
4
1 986
2 987
3
6
4
5
4
2 993
4
1 995
1 996
2 997
3
2 999
2 1000
4
3
4
3
1 1005
4
1 1007
5
4
1 1010
3
1 1012
5
4
1 1015
2 1016
3
3
2 1019
2 1020
6
5
4
6
3
2 1026
1 1027
6
4
6
1 1031
2 1032
4
4
1 1035
1 1036
4
1 1038
6
3
4
2 1042
2 1043
6
3
4
4
1 1048
3
1 1050
6
4
1 1053
4
1 1055
2 1056
5
1 1058
2 1059
2 1060
5
2 1062
4
3
3
3
4
1 1068
6
4
6
1 1072
4
3
1 1075
2 1076
5
4
1 1079
6
4
4
2 1083
3
1 1085
1 1086
3
2 1088
4
6
5
4
1 1093
6
2 1095
1 1096
1 1097
3
1 1099
4
1 1101
1 1102
5
6
3
6
4
4
4
3
1 1111
4
2 1113
4
2 1115
2 1116
3
3
1 1119
6
4
2 1122
4
1 1124
6
3
2 1127
3
1 1129
3
1 1131
6
2 1133
4
3
2 1136
2 1137
3
6
5
6
4
1 1143
6
3
1 1146
5
4
1 1149
4
1 1151
3
2 1153
3
1 1155
4
1 1157
4
2 1159
4
1 1161
3
2 1163
6
4
2 1166
6
4
2 1169
6
5
1 1172
2 1173
3
5
4
1 1177
5
2 1179
1 1180
4
5
4
3
6
5
1 1187
3
3
2 1190
2 1191
3
4
2 1194
3
2 1196
6
3
2 1199
4
2 1201
5
2 1203
4
6
1 1206
4
1 1208
2 1209
1 1210
1 1211
4
2 1213
4
3
3
3
1 1218
4
6
3
2 1222
3
1 1224
5
6
4
1 1228
3
2 1230
5
3
2 1233
3
2 1235
4
1 1237
6
1 1239
3
2 1241
2 1242
6
3
3
4
2 1247
4
1 1249
6
3
2 1252
6
4
1 1255
4
2 1257
3
2 1259
1 1260
6
5
6
4
3
2 1266
4
2 1268
5
4
2 1271
4
2 1273
3
2 1275
3
1 1277
4
2 1279
4
1 1281
4
2 1283
6
4
2 1286
3
1 1288
3
2 1290
6
2 1292
4
3
2 1295
6
5
4
1 1299
3
1 1301
6
3
1 1304
6
5
6
4
2 1309
6
5
4
2 1313
4
1 1315
5
6
5
4
1 1320
3
1 1322
4
2 1324
4
1 1326
2 1327
4
4
1 1330
4
2 1332
1 1333
3
1 1335
6
4
5
1 1339
2 1340
4
3
5
3
2 1345
4
1 1347
3
1 1349
6
2 1351
3
3
2 1354
4
2 1356
2 1357
3
4
1 1360
3
1 1362
4
1 1364
6
2 1366
4
3
2 1369
3
2 1371
6
4
2 1374
5
4
2 1377
3
2 1379
3
2 1381
3
2 1383
4
1 1385
3
2 1387
3
2 1389
3
2 1391
2 1392
4
6
3
2 1396
4
1 1398
4
1 1400
4
2 1402
4
1 1404
3
2 1406
3
2 1408
3
2 1410
4
1 1412
1 1413
6
3
4
2 1417
2 1418
2 1419
3
3
4
1 1423
5
3
2 1426
5
2 1428
2 1429
5
3
4
3
1 1434
2 1435
3
2 1437
3
4
2 1440
4
2 1442
1 1443
2 1444
6
3
6
3
4
1 1450
1 1451
4
5
6
3
2 1456
3
2 1458
1 1459
3
1 1461
3
1 1463
1 1464
5
3
2 1467
6
5
4
2 1471
3
3
2 1474
2 1475
5
6
5
3
5
2 1481
4
5
3
4
1 1486
6
5
3
1 1490
3
2 1492
2 1493
1 1494
6
5
6
5
1 1499
3
3
5
6
3
6
5
1 1507
3
4
2 1510
6
1 1512
4
2 1514
5
3
5
1 1518
4
4
1 1521
4
1 1523
4
1 1525
4
1 1527
6
3
2 1530
3
2 1532
3
1 1534
3
1 1536
4
2 1538
2 1539
3
5
6
3
2 1544
3
2 1546
2 1547
5
3
6
2 1551
6
3
4
1 1555
3
2 1557
4
1 1559
6
2 1561
3
1 1563
2 1564
3
5
1 1567
5
6
5
6
4
4
4
2 1575
3
1 1577
4
2 1579
2 1580
3
6
1 1583
3
4
2 1586
3
2 1588
6
4
2 1591
4
1 1593
4
2 1595
2 1596
3
4
1 1599
3
2 1601
4
2 1603
3
2 1605
3
1 1607
1 1608
4
3
1 1611
3
1 1613
2 1614
3
2 1616
1 1617
3
5
4
4
2 1622
3
1 1624
4
1 1626
4
1 1628
4
2 1630
3
2 1632
4
2 1634
6
5
6
5
2 1639
3
3
1 1642
1 1643
5
3
6
5
4
1 1649
4
1 1651
2 1652
1 1653
2 1654
3
1 1656
2 1657
4
6
5
6
5
2 1663
4
3
6
4
2 1668
1 1669
3
6
1 1672
5
1 1674
6
5
3
5
3
3
1 1681
6
4
4
6
4
1 1687
2 1688
1 1689
3
3
6
4
2 1694
5
2 1696
2 1697
3
4
6
4
1 1702
5
3
2 1705
5
6
2 1708
2 1709
2 1710
1 1711
3
3
6
4
2 1716
6
2 1718
3
2 1720
3
1 1722
3
3
4
2 1726
4
1 1728
6
4
5
2 1732
2 1733
6
4
5
6
4
5
2 1740
4
4
2 1743
4
1 1745
5
1 1747
4
3
1 1750
3
1 1752
3
2 1754
1 1755
2 1756
4
5
6
4
3
2 1762
1 1763
6
3
3
2 1767
5
4
1 1770
1 1771
2 1772
5
1 1774
5
4
5
4
4
3
2 1781
1 1782
3
3
2 1785
4
2 1787
3
1 1789
3
2 1791
3
2 1793
4
1 1795
3
2 1797
2 1798
4
2 1800
6
3
4
2 1804
4
1 1806
3
2 1808
3
2 1810
1 1811
2 1812
1 1813
3
4
1 1816
4
6
4
5
2 1821
4
3
1 1824
3
2 1826
4
1 1828
2 1829
4
2 1831
4
4
2 1834
4
2 1836
6
4
2 1839
3
2 1841
1 1842
2 1843
4
4
4
1 1847
3
2 1849
6
5
2 1852
5
3
5
4
2 1857
3
1 1859
3
2 1861
3
2 1863
5
1 1865
5
4
3
1 1869
6
5
6
4
2 1874
6
4
1 1877
3
2 1879
6
1 1881
3
5
3
2 1885
3
1 1887
1 1888
4
1 1890
3
1 1892
3
3
2 1895
2 1896
4
3
2 1899
3
2 1901
4
2 1903
5
6
3
1 1907
1 1908
6
1 1910
6
4
3
3
2 1915
3
1 1917
4
2 1919
3
1 1921
2 1922
2 1923
4
2 1925
4
4
5
6
4
1 1931
3
2 1933
2 1934
4
3
2 1937
1 1938
4
3
1 1941
4
2 1943
2 1944
2 1945
4
3
6
4
1 1950
6
3
1 1953
3
2 1955
5
4
1 1958
4
2 1960
2 1961
3
2 1963
1 1964
3
4
5
2 1968
4
2 1970
6
1 1972
3
6
4
2 1976
4
4
1 1979
5
3
2 1982
5
6
3
2 1986
1 1987
5
6
4
1 1991
4
5
2 1994
6
4
6
4
1 1999
4
2 2001
3
1 2003
1 2004
4
3
1 2007
3
1 2009
5
2 2011
1 2012
6
4
4
2 2016
3
2 2018
4
1 2020
6
1 2022
2 2023
3
5
4
6
5
6
5
6
5
3
3
1 2035
3
1 2037
3
1 2039
6
4
2 2042
4
2 2044
5
3
1 2047
3
2 2049
4
2 2051
1 2052
3
3
2 2055
5
6
5
4
2 2060
3
1 2062
2 2063
6
4
5
3
1 2068
2 2069
4
6
5
4
1 2074
2 2075
3
5
3
2 2079
1 2080
3
5
2 2083
4
4
2 2086
3
2 2088
2 2089
4
1 2091
5
4
6
5
4
2 2097
3
2 2099
4
2 2101
6
5
3
1 2105
6
5
1 2108
2 2109
4
2 2111
4
6
5
4
4
1 2117
2 2118
6
3
6
4
1 2123
5
4
2 2126
1 2127
4
3
1 2130
3
2 2132
4
2 2134
3
2 2136
3
2 2138
3
2 2140
3
2 2142
3
2 2144
6
4
1 2147
6
5
3
1 2151
3
1 2153
5
3
1 2156
3
1 2158
5
4
1 2161
3
2 2163
4
1 2165
4
2 2167
4
2 2169
5
1 2171
2 2172
4
4
5
6
1 2177
1 2178
1 2179
3
3
6
1 2183
4
3
1 2186
4
1 2188
6
3
5
3
1 2193
3
1 2195
3
2 2197
4
2 2199
4
1 2201
4
2 2203
5
3
2 2206
4
1 2208
4
1 2210
4
2 2212
1 2213
4
2 2215
6
2 2217
5
4
1 2220
4
4
4
1 2224
4
2 2226
6
1 2228
4
5
2 2231
3
5
1 2234
3
4
1 2237
4
1 2239
6
5
3
2 2243
5
1 2245
2 2246
3
5
6
5
1 2251
6
3
6
2 2255
4
4
1 2258
4
4
2 2261
5
4
1 2264
5
3
2 2267
2 2268
6
2 2270
4
6
3
4
1 2275
4
2 2277
2 2278
1 2279
6
2 2281
5
6
4
3
6
4
4
1 2289
4
2 2291
4
1 2293
6
2 2295
6
1 2297
3
3
3
2 2301
4
1 2303
1 2304
6
5
1 2307
4
4
2 2310
4
4
1 2313
3
1 2315
5
4
1 2318
6
3
1 2321
2 2322
4
1 2324
4
4
1 2327
1 2328
1 2329
2 2330
3
6
5
4
5
3
1 2337
3
2 2339
1 2340
4
5
4
4
2 2345
6
4
2 2348
1 2349
3
5
4
1 2353
4
1 2355
3
2 2357
4
2 2359
1 2360
1 2361
6
3
3
4
2 2366
5
4
1 2369
5
4
2 2372
3
2 2374
1 2375
3
4
1 2378
3
2 2380
5
4
2 2383
4
1 2385
6
4
2 2388
3
2 2390
1 2391
3
1 2393
4
4
2 2396
3
1 2398
3
1 2400
1 2401
3
5
4
2 2405
3
2 2407
6
5
4
1 2411
4
2 2413
1 2414
4
3
1 2417
4
1 2419
3
2 2421
2 2422
4
3
2 2425
4
1 2427
4
1 2429
5
4
1 2432
2 2433
4
5
3
1 2437
3
2 2439
2 2440
3
2 2442
2 2443
1 2444
4
4
4
4
2 2449
4
1 2451
5
1 2453
4
4
2 2456
4
2 2458
4
1 2460
4
1 2462
5
4
2 2465
4
1 2467
4
2 2469
4
2 2471
4
1 2473
1 2474
6
1 2476
4
4
4
2 2480
2 2481
3
3
1 2484
2 2485
5
4
2 2488
5
4
1 2491
3
3
1 2494
6
3
2 2497
3
1 2499
4
2 2501
3
2 2503
5
4
2 2506
1 2507
1 2508
3
3
3
2 2512
2 2513
3
4
2 2516
3
1 2518
1 2519
5
6
3
6
5
3
1 2526
4
1 2528
1 2529
6
5
6
2 2533
3
3
3
1 2537
5
3
2 2540
4
2 2542
4
2 2544
2 2545
5
6
4
3
2 2550
1 2551
1 2552
1 2553
4
4
6
4
6
3
1 2560
2 2561
4
1 2563
2 2564
2 2565
1 2566
3
2 2568
5
2 2570
3
4
5
3
2 2575
4
4
3
1 2579
3
1 2581
5
1 2583
1 2584
5
4
4
2 2588
5
2 2590
4
6
1 2593
1 2594
4
2 2596
6
4
6
3
4
6
1 2603
3
4
5
1 2607
4
4
1 2610
