6310
2 1
5
2 3
5
4
3
2 7
3
2 9
5
4
1 12
6
2 14
3
5
6
5
2 19
6
3
5
4
1 24
3
2 26
5
3
2 29
3
1 31
3
1 33
3
1 35
3
1 37
5
6
3
1 41
1 42
1 43
6
5
4
2 47
5
3
4
3
2 52
4
1 54
1 55
1 56
4
6
3
2 60
5
2 62
6
4
6
1 66
1 67
4
3
6
3
1 72
4
6
3
1 76
4
2 78
3
1 80
3
1 82
4
1 84
5
3
1 87
3
1 89
4
2 91
6
4
1 94
3
1 96
4
2 98
6
3
2 101
4
2 103
4
2 105
4
1 107
5
4
1 110
6
3
2 113
1 114
1 115
4
3
1 118
6
5
4
5
3
2 124
3
1 126
6
3
1 129
3
2 131
2 132
6
4
3
1 136
6
3
1 139
5
2 141
6
5
4
3
2 146
4
2 148
2 149
5
3
5
6
1 154
1 155
3
1 157
4
3
2 160
2 161
6
4
5
3
3
1 167
6
4
1 170
2 171
3
6
4
1 175
1 176
4
5
4
1 180
3
1 182
5
6
5
4
2 187
4
2 189
4
2 191
3
1 193
5
6
5
3
1 198
4
1 200
2 201
4
4
2 204
2 205
3
6
5
2 209
3
1 211
3
3
2 214
4
1 216
1 217
1 218
3
4
1 221
2 222
4
1 224
4
6
4
4
2 229
2 230
4
2 232
5
3
5
6
4
2 238
4
2 240
4
2 242
3
2 244
4
1 246
6
2 248
4
5
2 251
3
4
2 254
3
2 256
3
1 258
2 259
4
2 261
3
3
1 264
4
1 266
2 267
3
1 269
1 270
6
5
1 273
4
2 275
3
3
2 278
3
5
3
2 282
3
1 284
2 285
3
2 287
5
3
1 290
5
1 292
4
6
3
2 296
1 297
5
6
2 300
3
3
4
3
1 305
2 306
6
5
6
4
2 311
6
4
3
4
2 316
4
1 318
4
2 320
3
1 322
4
2 324
2 325
1 326
2 327
3
1 329
4
3
6
4
4
2 335
4
2 337
2 338
2 339
4
4
3
1 343
3
1 345
4
1 347
1 348
6
4
6
2 352
6
5
4
6
3
2 358
3
1 360
3
2 362
3
2 364
4
2 366
4
2 368
1 369
4
6
4
1 373
6
4
2 376
3
2 378
4
2 380
5
6
5
4
1 385
4
2 387
1 388
3
1 390
4
6
5
4
2 395
4
1 397
2 398
6
2 400
4
1 402
4
5
1 405
4
4
6
3
2 410
4
1 412
2 413
1 414
5
2 416
3
2 418
6
3
4
3
2 423
5
4
4
1 427
2 428
5
6
3
4
1 433
3
1 435
1 436
1 437
3
6
5
2 441
5
6
5
3
3
6
5
4
1 450
3
1 452
3
1 454
4
1 456
1 457
2 458
1 459
6
4
3
3
4
2 465
2 466
4
6
1 469
3
3
2 472
1 473
2 474
1 475
5
1 477
6
3
4
4
1 482
4
5
2 485
1 486
4
3
4
4
2 491
6
2 493
3
3
1 496
3
1 498
1 499
5
6
4
5
3
2 505
4
2 507
5
6
4
1 511
3
2 513
5
3
1 516
2 517
4
4
2 520
1 521
2 522
6
5
6
3
2 527
2 528
3
6
4
4
3
2 534
5
3
1 537
3
2 539
3
2 541
5
4
1 544
3
1 546
3
1 548
4
1 550
4
1 552
4
1 554
3
1 556
3
2 558
5
3
1 561
1 562
3
4
2 565
3
2 567
3
1 569
1 570
1 571
1 572
3
4
6
3
4
1 578
3
1 580
4
1 582
4
1 584
3
1 586
6
4
2 589
2 590
4
5
2 593
3
2 595
4
3
2 598
2 599
2 600
2 601
5
4
3
1 605
3
5
4
1 609
2 610
2 611
3
3
3
3
1 616
6
1 618
6
2 620
2 621
5
6
3
2 625
3
4
1 628
1 629
3
3
4
6
4
2 635
6
3
2 638
2 639
4
3
2 642
1 643
2 644
1 645
4
6
5
4
5
6
2 652
5
6
4
3
1 657
5
1 659
3
4
2 662
5
6
2 665
4
4
2 668
4
5
3
2 672
6
3
1 675
3
1 677
3
2 679
2 680
4
4
1 683
6
5
4
1 687
6
1 689
3
4
2 692
1 693
4
3
1 696
5
1 698
2 699
2 700
5
4
2 703
5
1 705
6
5
3
3
2 710
3
2 712
1 713
6
3
1 716
4
4
4
1 720
4
6
3
4
1 725
3
2 727
4
1 729
2 730
5
1 732
2 733
2 734
6
5
6
5
4
4
4
1 742
4
3
3
1 746
3
2 748
3
1 750
3
2 752
5
4
2 755
3
1 757
2 758
5
2 760
1 761
4
3
5
3
3
1 767
6
5
4
2 771
3
1 773
3
1 775
6
1 777
2 778
6
3
3
3
1 783
6
3
1 786
2 787
4
6
4
1 791
5
3
2 794
4
2 796
3
2 798
6
3
2 801
1 802
4
5
6
3
1 807
4
2 809
5
6
3
1 813
2 814
2 815
5
1 817
4
3
4
6
3
1 823
4
1 825
2 826
3
4
1 829
1 830
4
3
2 833
2 834
2 835
4
4
6
4
1 840
6
2 842
3
4
2 845
4
1 847
1 848
3
4
2 851
5
2 853
5
1 855
5
3
5
3
1 860
4
3
2 863
6
4
1 866
3
2 868
4
1 870
4
1 872
1 873
1 874
5
6
3
4
5
3
2 881
2 882
3
6
2 885
4
3
2 888
4
2 890
4
2 892
1 893
5
1 895
2 896
4
1 898
3
4
4
2 902
1 903
3
4
2 906
4
6
4
1 910
6
1 912
3
2 914
5
1 916
3
4
6
3
1 921
2 922
3
1 924
3
1 926
4
5
4
2 930
2 931
1 932
2 933
1 934
4
4
4
1 938
2 939
5
4
3
3
2 944
1 945
4
3
6
3
1 950
5
3
2 953
1 954
1 955
2 956
3
6
1 959
4
6
4
4
3
1 965
3
2 967
1 968
3
1 970
3
3
2 973
6
3
2 976
4
1 978
2 979
4
4
1 982
3
2 984
4
2 986
3
2 988
1 989
5
3
3
1 993
3
1 995
6
3
2 998
6
3
2 1001
1 1002
1 1003
3
3
6
2 1007
3
1 1009
3
6
4
2 1013
3
2 1015
4
1 1017
3
1 1019
2 1020
3
6
4
1 1024
4
2 1026
5
4
2 1029
1 1030
5
3
5
3
2 1035
3
1 1037
1 1038
4
3
2 1041
4
2 1043
4
2 1045
6
3
2 1048
1 1049
5
3
3
2 1053
3
1 1055
4
2 1057
6
2 1059
1 1060
3
3
2 1063
3
2 1065
1 1066
2 1067
4
1 1069
4
4
4
4
1 1074
4
2 1076
5
4
2 1079
3
2 1081
1 1082
4
3
2 1085
5
6
4
1 1089
4
1 1091
4
1 1093
4
2 1095
4
1 1097
4
1 1099
4
2 1101
5
2 1103
5
1 1105
4
1 1107
5
3
3
5
2 1112
3
6
5
4
1 1117
3
2 1119
4
1 1121
1 1122
5
6
1 1125
4
4
1 1128
6
3
2 1131
2 1132
3
3
4
1 1136
4
1 1138
5
4
2 1141
4
1 1143
1 1144
2 1145
4
3
4
1 1149
6
5
4
1 1153
6
5
6
4
1 1158
4
1 1160
4
2 1162
6
4
1 1165
2 1166
6
3
3
1 1170
5
4
1 1173
1 1174
1 1175
4
5
2 1178
2 1179
1 1180
2 1181
2 1182
4
4
3
4
6
1 1188
2 1189
2 1190
4
1 1192
4
2 1194
4
1 1196
4
1 1198
5
2 1200
3
1 1202
1 1203
5
4
3
4
5
6
4
4
4
5
4
1 1215
1 1216
3
1 1218
3
4
4
2 1222
4
2 1224
2 1225
2 1226
2 1227
3
6
4
3
6
3
2 1234
5
1 1236
5
1 1238
1 1239
3
6
3
4
2 1244
4
4
2 1247
4
2 1249
6
2 1251
4
1 1253
1 1254
5
6
4
3
4
1 1260
3
2 1262
2 1263
2 1264
6
2 1266
1 1267
1 1268
4
2 1270
3
3
3
4
5
6
2 1277
2 1278
3
5
6
5
2 1283
4
6
4
1 1287
2 1288
6
4
3
5
1 1293
3
2 1295
1 1296
2 1297
4
5
4
1 1301
4
6
4
4
4
1 1307
3
1 1309
6
4
2 1312
5
1 1314
6
2 1316
1 1317
1 1318
2 1319
5
6
4
1 1323
4
2 1325
3
5
6
1 1329
2 1330
4
1 1332
1 1333
4
3
5
4
3
4
1 1340
2 1341
4
4
1 1344
4
6
4
4
1 1349
4
5
2 1352
4
3
1 1355
3
2 1357
1 1358
6
3
1 1361
5
3
3
2 1365
1 1366
3
2 1368
4
3
1 1371
4
2 1373
5
6
2 1376
5
4
3
1 1380
4
1 1382
2 1383
4
1 1385
4
1 1387
1 1388
4
3
6
3
1 1393
4
1 1395
4
1 1397
6
5
3
1 1401
4
1 1403
5
3
1 1406
1 1407
3
5
3
2 1411
3
1 1413
3
1 1415
2 1416
2 1417
2 1418
3
4
3
1 1422
4
3
1 1425
6
5
6
4
1 1430
6
3
1 1433
4
1 1435
3
2 1437
2 1438
4
5
2 1441
3
3
1 1444
6
5
4
1 1448
4
1 1450
3
1 1452
2 1453
6
4
2 1456
4
2 1458
4
4
2 1461
4
2 1463
3
2 1465
2 1466
1 1467
4
3
2 1470
3
3
2 1473
4
2 1475
3
1 1477
3
1 1479
5
3
2 1482
2 1483
3
3
1 1486
4
1 1488
4
1 1490
4
1 1492
5
6
4
2 1496
5
6
3
1 1500
4
1 1502
5
2 1504
4
2 1506
3
5
3
1 1510
4
1 1512
2 1513
6
1 1515
6
5
6
3
3
3
2 1522
3
1 1524
2 1525
1 1526
1 1527
1 1528
6
4
4
4
3
3
1 1535
5
1 1537
3
5
2 1540
1 1541
3
5
1 1544
4
4
1 1547
1 1548
3
1 1550
3
3
3
2 1554
2 1555
3
4
1 1558
6
2 1560
2 1561
3
2 1563
2 1564
3
2 1566
6
3
2 1569
3
2 1571
4
6
3
5
1 1576
5
2 1578
5
3
3
4
6
2 1584
4
6
1 1587
1 1588
3
4
5
2 1592
3
6
3
1 1596
3
2 1598
3
2 1600
1 1601
3
6
5
4
1 1606
4
1 1608
3
1 1610
4
2 1612
4
2 1614
5
3
1 1617
2 1618
2 1619
3
5
3
6
5
6
3
1 1627
3
2 1629
3
1 1631
1 1632
5
1 1634
3
6
5
3
4
1 1640
4
1 1642
4
2 1644
4
1 1646
6
3
1 1649
4
1 1651
1 1652
2 1653
2 1654
5
3
4
4
3
2 1660
3
2 1662
3
1 1664
4
1 1666
4
1 1668
6
4
2 1671
5
4
1 1674
1 1675
5
2 1677
3
6
5
1 1681
6
3
3
4
1 1686
2 1687
6
4
6
1 1691
2 1692
3
2 1694
6
5
4
3
6
3
2 1701
4
1 1703
1 1704
1 1705
3
4
6
1 1709
2 1710
3
3
3
2 1714
2 1715
3
5
6
5
3
2 1721
4
2 1723
2 1724
4
5
2 1727
1 1728
3
3
3
2 1732
5
2 1734
3
4
2 1737
4
1 1739
2 1740
4
1 1742
3
3
1 1745
1 1746
3
3
2 1749
3
1 1751
5
1 1753
4
3
1 1756
3
2 1758
1 1759
6
1 1761
5
4
3
4
1 1766
4
2 1768
4
2 1770
2 1771
3
4
2 1774
2 1775
5
6
3
1 1779
3
4
2 1782
4
1 1784
2 1785
1 1786
3
4
2 1789
5
2 1791
3
1 1793
3
2 1795
4
4
3
2 1799
5
2 1801
3
4
2 1804
4
2 1806
5
4
1 1809
4
2 1811
5
3
1 1814
3
1 1816
2 1817
1 1818
1 1819
1 1820
5
6
3
2 1824
3
2 1826
5
4
4
2 1830
3
1 1832
3
6
5
1 1836
2 1837
3
4
5
4
3
3
2 1844
4
1 1846
3
2 1848
3
1 1850
4
2 1852
2 1853
4
4
1 1856
1 1857
6
4
6
3
1 1862
2 1863
2 1864
5
4
3
3
2 1869
4
1 1871
3
2 1873
5
4
1 1876
1 1877
6
2 1879
1 1880
3
3
4
4
2 1885
6
3
2 1888
1 1889
2 1890
3
2 1892
4
5
4
2 1896
4
3
2 1899
1 1900
4
4
2 1903
6
5
4
2 1907
6
2 1909
5
3
5
1 1913
5
6
5
4
6
4
1 1920
5
3
1 1923
4
2 1925
4
2 1927
4
1 1929
1 1930
3
6
4
2 1934
6
4
1 1937
4
2 1939
6
3
1 1942
4
2 1944
4
1 1946
5
2 1948
1 1949
5
4
3
5
6
5
6
5
6
4
2 1960
3
2 1962
3
2 1964
4
2 1966
1 1967
3
6
5
6
5
1 1973
4
4
2 1976
5
6
4
1 1980
2 1981
4
3
2 1984
4
2 1986
3
1 1988
6
2 1990
2 1991
3
3
3
2 1995
4
2 1997
3
2 1999
3
1 2001
1 2002
4
6
3
1 2006
3
1 2008
3
1 2010
4
1 2012
2 2013
4
1 2015
4
3
2 2018
6
2 2020
3
1 2022
3
1 2024
3
4
2 2027
4
2 2029
6
5
3
2 2033
3
1 2035
5
6
5
3
1 2040
4
2 2042
4
1 2044
6
3
2 2047
1 2048
6
2 2050
4
6
4
4
1 2055
1 2056
4
2 2058
6
5
2 2061
6
5
6
1 2065
2 2066
4
5
3
4
1 2071
3
3
4
2 2075
3
1 2077
5
6
4
1 2081
6
5
1 2084
2 2085
6
5
3
1 2089
3
6
5
1 2093
2 2094
4
2 2096
4
4
1 2099
6
1 2101
3
4
4
1 2105
4
3
1 2108
1 2109
6
5
1 2112
6
5
2 2115
3
4
4
3
2 2120
2 2121
6
2 2123
3
1 2125
4
3
6
1 2129
5
3
4
2 2133
4
1 2135
2 2136
6
1 2138
5
1 2140
2 2141
4
5
3
4
1 2146
3
4
1 2149
3
3
2 2152
3
2 2154
4
2 2156
3
1 2158
4
1 2160
4
1 2162
4
2 2164
4
1 2166
1 2167
3
6
4
1 2171
3
1 2173
3
1 2175
2 2176
5
4
3
2 2180
2 2181
5
6
2 2184
1 2185
1 2186
4
6
4
6
2 2191
1 2192
4
2 2194
4
4
4
3
5
6
4
1 2202
6
3
1 2205
2 2206
4
5
6
4
2 2211
1 2212
2 2213
4
4
3
2 2217
1 2218
4
1 2220
3
6
5
4
1 2225
6
5
2 2228
6
5
2 2231
3
2 2233
1 2234
1 2235
1 2236
4
4
3
6
4
6
5
6
5
6
4
5
3
1 2250
1 2251
5
3
5
2 2255
4
2 2257
1 2258
6
4
6
4
6
3
2 2265
3
1 2267
3
1 2269
4
1 2271
2 2272
3
1 2274
2 2275
6
5
2 2278
3
3
3
4
1 2283
3
2 2285
4
2 2287
6
2 2289
2 2290
3
5
6
1 2294
4
2 2296
4
4
1 2299
1 2300
4
6
5
2 2304
5
2 2306
4
6
2 2309
4
3
3
5
4
1 2315
3
2 2317
6
2 2319
3
4
1 2322
6
5
6
5
4
1 2328
6
2 2330
3
1 2332
3
5
3
1 2336
3
2 2338
4
2 2340
3
2 2342
6
4
2 2345
2 2346
5
1 2348
5
6
1 2351
3
4
4
3
2 2356
4
1 2358
2 2359
6
1 2361
2 2362
5
4
6
5
4
5
3
2 2370
3
6
4
1 2374
4
2 2376
6
4
1 2379
1 2380
1 2381
3
4
2 2384
2 2385
3
3
1 2388
2 2389
4
6
1 2392
6
3
3
3
1 2397
5
1 2399
2 2400
3
3
3
1 2404
5
4
2 2407
3
2 2409
1 2410
3
1 2412
4
3
1 2415
1 2416
5
2 2418
1 2419
2 2420
6
5
3
3
6
5
3
5
3
5
1 2431
5
6
4
2 2435
3
6
4
1 2439
4
2 2441
4
2 2443
1 2444
5
4
4
2 2448
6
4
2 2451
3
1 2453
3
2 2455
4
2 2457
4
1 2459
5
4
1 2462
6
5
3
2 2466
4
1 2468
3
1 2470
5
6
3
2 2474
4
1 2476
3
1 2478
4
2 2480
6
3
1 2483
5
3
1 2486
1 2487
4
2 2489
4
6
5
3
2 2494
5
6
3
1 2498
2 2499
5
3
4
2 2503
5
3
2 2506
1 2507
4
4
2 2510
1 2511
3
4
2 2514
3
1 2516
3
1 2518
3
1 2520
5
4
2 2523
5
2 2525
3
4
2 2528
3
2 2530
3
1 2532
4
2 2534
6
4
1 2537
1 2538
1 2539
4
1 2541
5
2 2543
5
4
5
4
3
6
4
1 2551
3
2 2553
1 2554
3
2 2556
1 2557
1 2558
2 2559
1 2560
2 2561
5
2 2563
4
1 2565
4
6
3
1 2569
6
1 2571
4
5
4
1 2575
2 2576
4
1 2578
3
3
1 2581
4
6
4
4
1 2586
5
4
3
2 2590
1 2591
4
5
6
4
1 2596
3
1 2598
4
1 2600
3
4
3
3
1 2605
6
1 2607
5
3
2 2610
6
4
3
2 2614
5
6
3
1 2618
5
3
2 2621
5
3
2 2624
3
1 2626
1 2627
1 2628
4
2 2630
3
3
3
2 2634
6
5
6
4
1 2639
4
1 2641
1 2642
1 2643
5
2 2645
6
5
3
4
1 2650
3
5
6
4
2 2655
3
6
2 2658
2 2659
4
4
5
3
2 2664
1 2665
3
5
1 2668
5
6
5
6
5
6
3
3
1 2677
3
2 2679
3
2 2681
2 2682
4
5
1 2685
3
1 2687
6
3
3
1 2691
1 2692
5
4
3
1 2696
2 2697
3
4
2 2700
4
1 2702
1 2703
4
1 2705
1 2706
6
3
4
5
3
2 2712
4
2 2714
1 2715
6
4
4
1 2719
4
1 2721
4
2 2723
4
2 2725
6
5
2 2728
4
3
1 2731
3
2 2733
1 2734
3
4
1 2737
2 2738
3
1 2740
6
3
1 2743
3
6
4
1 2747
1 2748
6
5
2 2751
2 2752
6
4
1 2755
5
6
3
4
5
3
3
2 2763
5
3
1 2766
4
1 2768
4
2 2770
4
1 2772
3
1 2774
3
2 2776
3
2 2778
3
1 2780
4
1 2782
2 2783
3
3
2 2786
4
2 2788
4
1 2790
1 2791
1 2792
3
5
1 2795
4
6
5
6
5
2 2801
5
4
1 2804
4
5
4
4
2 2809
6
5
3
2 2813
4
1 2815
6
2 2817
6
4
3
2 2821
6
5
6
1 2825
4
3
2 2828
5
3
2 2831
2 2832
3
3
1 2835
3
1 2837
5
3
1 2840
2 2841
3
4
1 2844
3
2 2846
6
4
2 2849
4
2 2851
2 2852
4
6
3
2 2856
6
3
1 2859
6
5
4
2 2863
1 2864
5
2 2866
4
4
2 2869
6
2 2871
3
3
2 2874
5
4
5
3
1 2879
3
2 2881
5
4
1 2884
3
2 2886
3
1 2888
3
1 2890
2 2891
3
4
1 2894
2 2895
3
3
2 2898
3
1 2900
4
2 2902
4
1 2904
6
3
2 2907
1 2908
1 2909
6
2 2911
4
6
4
1 2915
2 2916
3
2 2918
1 2919
2 2920
3
4
3
4
1 2925
5
4
2 2928
1 2929
6
3
1 2932
5
3
2 2935
4
3
4
2 2939
4
1 2941
5
3
6
2 2945
3
3
1 2948
5
6
5
4
2 2953
4
1 2955
3
2 2957
2 2958
5
1 2960
3
3
4
1 2964
2 2965
5
3
4
1 2969
1 2970
5
4
3
2 2974
2 2975
1 2976
2 2977
4
3
3
5
6
5
1 2984
2 2985
5
3
6
1 2989
2 2990
5
2 2992
1 2993
3
5
2 2996
4
4
5
4
4
1 3002
5
6
4
6
4
3
2 3009
3
2 3011
2 3012
1 3013
1 3014
5
4
5
4
4
6
3
2 3022
6
3
1 3025
4
1 3027
2 3028
5
4
4
1 3032
5
6
5
3
2 3037
3
1 3039
3
1 3041
3
2 3043
3
1 3045
4
1 3047
1 3048
4
3
2 3051
1 3052
5
3
1 3055
1 3056
1 3057
3
4
3
4
2 3062
6
1 3064
1 3065
3
4
4
2 3069
5
2 3071
6
4
3
1 3075
5
3
2 3078
1 3079
6
3
4
2 3083
3
1 3085
3
1 3087
4
2 3089
1 3090
1 3091
4
5
6
4
3
2 3097
3
1 3099
5
3
1 3102
3
1 3104
4
1 3106
4
2 3108
5
3
2 3111
3
1 3113
4
2 3115
1 3116
3
4
1 3119
1 3120
4
5
3
1 3124
4
2 3126
6
4
2 3129
1 3130
3
4
2 3133
2 3134
5
3
3
2 3138
3
1 3140
4
2 3142
3
1 3144
6
5
3
1 3148
3
1 3150
6
5
4
1 3154
3
2 3156
3
2 3158
5
6
4
2 3162
6
1 3164
3
3
1 3167
5
4
1 3170
1 3171
2 3172
2 3173
2 3174
5
6
5
3
4
6
4
1 3182
6
5
6
5
2 3187
5
6
2 3190
6
3
3
3
3
3
2 3197
5
2 3199
5
3
6
2 3203
2 3204
3
4
6
4
1 3209
5
4
2 3212
4
1 3214
2 3215
5
4
1 3218
4
6
5
2 3222
3
3
2 3225
4
1 3227
2 3228
3
3
1 3231
5
2 3233
4
2 3235
6
5
3
6
1 3240
4
5
4
1 3244
3
2 3246
3
2 3248
1 3249
2 3250
2 3251
4
2 3253
1 3254
2 3255
4
6
3
3
4
4
4
2 3263
3
1 3265
4
1 3267
4
1 3269
3
2 3271
5
6
3
1 3275
4
1 3277
3
1 3279
1 3280
3
6
4
1 3284
4
1 3286
4
1 3288
4
2 3290
1 3291
4
3
1 3294
2 3295
4
3
1 3298
3
2 3300
3
1 3302
3
2 3304
3
2 3306
3
1 3308
3
1 3310
3
2 3312
2 3313
4
2 3315
3
5
6
5
6
5
2 3322
5
4
1 3325
3
4
2 3328
4
1 3330
3
1 3332
6
5
3
1 3336
4
2 3338
1 3339
4
4
2 3342
6
3
1 3345
3
1 3347
3
1 3349
3
2 3351
4
2 3353
1 3354
3
4
1 3357
1 3358
1 3359
6
1 3361
4
5
4
5
3
4
2 3368
6
4
2 3371
4
2 3373
3
2 3375
3
2 3377
3
1 3379
2 3380
6
5
6
4
3
2 3386
3
2 3388
2 3389
1 3390
4
5
6
4
3
1 3396
3
1 3398
2 3399
2 3400
3
3
4
2 3404
5
6
5
6
2 3409
4
6
5
3
2 3414
2 3415
4
5
4
1 3419
3
2 3421
3
1 3423
3
1 3425
6
3
2 3428
3
2 3430
4
2 3432
4
1 3434
6
4
1 3437
4
2 3439
2 3440
4
1 3442
4
4
1 3445
6
5
2 3448
6
5
6
3
5
3
2 3455
5
4
1 3458
4
1 3460
3
2 3462
3
2 3464
2 3465
2 3466
3
6
4
4
2 3471
5
2 3473
2 3474
3
3
1 3477
4
4
2 3480
3
1 3482
5
2 3484
5
6
5
3
5
4
1 3491
4
2 3493
3
2 3495
4
2 3497
4
1 3499
1 3500
3
4
2 3503
1 3504
4
5
3
1 3508
3
1 3510
1 3511
1 3512
3
5
1 3515
4
3
4
2 3519
6
3
2 3522
5
3
2 3525
1 3526
4
2 3528
3
2 3530
4
3
1 3533
6
5
6
5
6
1 3539
4
4
2 3542
3
2 3544
2 3545
6
4
3
1 3549
3
1 3551
2 3552
5
4
4
2 3556
5
4
2 3559
2 3560
5
6
5
6
4
4
2 3567
1 3568
4
5
4
2 3572
5
2 3574
4
6
4
2 3578
5
4
2 3581
3
2 3583
6
3
2 3586
5
6
4
2 3590
2 3591
6
5
6
5
1 3596
4
5
4
6
3
2 3602
2 3603
4
1 3605
4
1 3607
6
1 3609
5
3
2 3612
2 3613
4
3
3
6
4
2 3619
2 3620
4
4
1 3623
1 3624
1 3625
4
4
2 3628
4
6
1 3631
4
6
5
2 3635
5
2 3637
5
6
5
2 3641
5
3
2 3644
3
6
3
5
3
3
2 3651
3
2 3653
4
2 3655
5
3
1 3658
1 3659
3
6
3
2 3663
4
1 3665
2 3666
6
5
4
6
1 3671
6
4
5
1 3675
3
2 3677
1 3678
2 3679
2 3680
1 3681
6
2 3683
4
4
1 3686
6
2 3688
4
4
4
3
3
5
1 3695
6
3
5
4
5
6
3
1 3703
2 3704
1 3705
4
3
5
4
2 3710
4
2 3712
1 3713
3
2 3715
5
4
2 3718
3
4
1 3721
5
2 3723
5
6
4
3
2 3728
4
2 3730
6
4
1 3733
4
1 3735
4
1 3737
3
1 3739
2 3740
2 3741
2 3742
3
4
6
2 3746
4
1 3748
1 3749
6
1 3751
2 3752
2 3753
6
4
4
6
1 3758
6
5
3
3
4
3
5
3
3
2 3768
4
1 3770
4
1 3772
4
1 3774
6
1 3776
2 3777
6
4
5
4
5
6
3
1 3785
6
4
1 3788
1 3789
6
1 3791
6
2 3793
6
3
2 3796
6
2 3798
4
4
4
6
3
1 3804
5
4
6
5
2 3809
3
1 3811
1 3812
4
3
2 3815
3
6
3
1 3819
2 3820
3
3
1 3823
3
2 3825
3
1 3827
5
3
2 3830
4
1 3832
5
6
1 3835
3
6
3
1 3839
6
1 3841
6
3
2 3844
6
1 3846
3
4
6
3
1 3851
3
1 3853
6
1 3855
1 3856
6
5
3
4
4
1 3862
5
2 3864
6
2 3866
3
3
1 3869
4
3
2 3872
3
1 3874
1 3875
5
3
5
2 3879
2 3880
2 3881
1 3882
6
4
3
6
3
3
3
1 3890
2 3891
4
3
2 3894
3
1 3896
6
4
1 3899
2 3900
4
1 3902
5
4
6
4
1 3907
2 3908
6
2 3910
3
2 3912
4
3
6
3
1 3917
1 3918
2 3919
5
6
3
4
4
1 3925
3
1 3927
5
3
1 3930
4
1 3932
3
1 3934
4
1 3936
5
1 3938
3
4
1 3941
2 3942
3
4
2 3945
4
1 3947
4
2 3949
1 3950
2 3951
5
4
3
5
6
5
3
2 3959
3
2 3961
4
2 3963
2 3964
6
5
4
3
2 3969
1 3970
1 3971
3
4
3
1 3975
4
2 3977
5
3
2 3980
5
6
1 3983
4
4
2 3986
3
2 3988
2 3989
6
5
4
3
1 3994
5
6
5
6
2 3999
4
1 4001
2 4002
2 4003
5
4
1 4006
3
5
6
2 4010
1 4011
1 4012
6
4
2 4015
6
3
4
3
1 4020
3
6
5
1 4024
4
5
6
1 4028
4
4
3
1 4032
2 4033
4
5
4
4
1 4038
3
1 4040
1 4041
1 4042
1 4043
2 4044
2 4045
1 4046
6
2 4048
4
2 4050
1 4051
6
5
4
5
1 4056
3
3
6
4
4
6
4
3
4
2 4066
3
4
3
1 4070
4
2 4072
4
1 4074
4
2 4076
4
2 4078
5
4
1 4081
5
1 4083
4
2 4085
1 4086
3
5
6
3
4
1 4092
4
1 4094
6
1 4096
4
3
1 4099
6
5
4
1 4103
3
1 4105
3
2 4107
6
5
3
2 4111
1 4112
2 4113
3
3
2 4116
1 4117
3
6
5
4
3
2 4123
3
2 4125
6
2 4127
4
6
2 4130
3
4
2 4133
1 4134
5
6
4
1 4138
1 4139
6
4
3
3
2 4144
1 4145
1 4146
4
6
1 4149
2 4150
6
5
4
3
6
2 4156
3
3
2 4159
3
3
1 4162
6
3
1 4165
3
2 4167
2 4168
3
3
2 4171
6
1 4173
4
4
2 4176
4
1 4178
3
2 4180
3
1 4182
1 4183
1 4184
1 4185
4
4
3
4
2 4190
4
1 4192
3
1 4194
6
4
1 4197
6
2 4199
2 4200
6
1 4202
3
4
3
4
2 4207
2 4208
4
1 4210
6
4
5
4
2 4215
3
1 4217
3
1 4219
4
2 4221
2 4222
3
2 4224
2 4225
3
3
5
3
1 4230
3
2 4232
6
5
6
5
6
2 4238
4
4
1 4241
1 4242
3
6
4
1 4246
5
4
2 4249
3
1 4251
1 4252
5
6
4
6
1 4257
1 4258
2 4259
2 4260
4
2 4262
1 4263
3
2 4265
1 4266
1 4267
6
4
4
6
1 4272
1 4273
1 4274
6
2 4276
3
4
2 4279
3
5
6
2 4283
1 4284
4
4
1 4287
3
3
3
1 4291
3
4
4
4
5
4
4
6
5
6
5
4
2 4304
4
2 4306
1 4307
6
1 4309
3
2 4311
2 4312
1 4313
4
3
1 4316
1 4317
3
3
4
5
2 4322
1 4323
1 4324
2 4325
1 4326
1 4327
2 4328
4
3
4
3
5
2 4334
4
3
4
4
3
6
3
2 4342
4
2 4344
4
2 4346
4
1 4348
5
6
3
1 4352
6
3
1 4355
4
2 4357
4
2 4359
4
1 4361
2 4362
3
4
1 4365
6
4
1 4368
1 4369
4
3
1 4372
5
3
2 4375
2 4376
4
1 4378
3
2 4380
5
1 4382
2 4383
2 4384
4
3
3
1 4388
2 4389
3
3
4
5
6
1 4395
4
5
3
1 4399
5
3
2 4402
5
4
1 4405
2 4406
6
1 4408
3
3
4
2 4412
4
1 4414
4
2 4416
6
5
4
1 4420
1 4421
3
2 4423
1 4424
4
6
3
4
2 4429
3
2 4431
5
6
2 4434
2 4435
2 4436
3
3
4
1 4440
5
6
3
6
4
2 4446
1 4447
4
5
3
2 4451
3
2 4453
6
1 4455
4
3
2 4458
3
2 4460
4
2 4462
4
1 4464
2 4465
1 4466
3
2 4468
3
3
3
2 4472
4
2 4474
6
5
4
1 4478
2 4479
3
3
2 4482
2 4483
4
1 4485
6
5
4
4
1 4490
3
2 4492
4
2 4494
5
3
2 4497
3
2 4499
3
1 4501
4
2 4503
4
1 4505
1 4506
3
1 4508
6
5
1 4511
4
6
5
2 4515
4
6
3
2 4519
1 4520
1 4521
3
1 4523
3
3
1 4526
4
6
3
5
1 4531
3
4
1 4534
4
1 4536
3
2 4538
5
2 4540
2 4541
6
5
3
4
3
1 4547
3
2 4549
3
1 4551
5
1 4553
4
3
2 4556
3
2 4558
6
1 4560
4
3
2 4563
3
1 4565
4
1 4567
6
4
1 4570
6
3
1 4573
6
3
2 4576
3
2 4578
1 4579
4
5
4
2 4583
3
2 4585
1 4586
4
6
4
2 4590
3
1 4592
6
2 4594
3
6
3
1 4598
5
3
1 4601
3
2 4603
2 4604
4
2 4606
3
4
2 4609
2 4610
6
5
6
1 4614
1 4615
4
5
2 4618
5
3
5
4
5
2 4624
4
2 4626
1 4627
4
6
3
1 4631
4
5
2 4634
4
2 4636
1 4637
5
2 4639
3
4
5
3
5
3
5
3
1 4648
5
6
1 4651
1 4652
3
1 4654
6
4
4
3
2 4659
6
4
1 4662
3
1 4664
6
3
2 4667
3
2 4669
6
4
1 4672
6
5
2 4675
4
2 4677
1 4678
4
1 4680
6
3
5
6
5
6
2 4687
1 4688
4
6
2 4691
2 4692
5
3
4
6
5
4
4
4
1 4701
1 4702
3
4
2 4705
1 4706
1 4707
6
2 4709
4
1 4711
1 4712
2 4713
6
4
4
5
4
6
5
2 4721
4
6
3
2 4725
6
4
5
4
3
2 4731
1 4732
6
5
3
4
1 4737
5
4
1 4740
4
2 4742
1 4743
2 4744
3
1 4746
6
4
2 4749
6
4
2 4752
5
3
1 4755
4
6
2 4758
1 4759
5
6
5
3
4
3
6
2 4767
3
4
2 4770
6
5
3
1 4774
1 4775
3
1 4777
1 4778
5
1 4780
3
4
1 4783
4
4
2 4786
1 4787
3
4
2 4790
4
2 4792
4
4
2 4795
4
1 4797
1 4798
4
4
1 4801
4
2 4803
3
2 4805
6
3
1 4808
2 4809
3
1 4811
3
5
6
5
3
1 4817
1 4818
3
6
1 4821
2 4822
2 4823
6
3
4
2 4827
2 4828
3
1 4830
6
3
2 4833
1 4834
5
4
3
6
1 4839
4
2 4841
1 4842
4
3
1 4845
4
5
3
3
3
2 4851
6
1 4853
3
4
2 4856
3
2 4858
6
4
1 4861
4
2 4863
1 4864
1 4865
1 4866
3
6
1 4869
3
6
3
3
2 4874
5
1 4876
1 4877
4
1 4879
5
3
3
4
2 4884
4
5
4
2 4888
5
3
2 4891
5
4
2 4894
6
4
1 4897
4
1 4899
3
2 4901
4
1 4903
2 4904
1 4905
3
1 4907
4
3
2 4910
3
4
2 4913
5
4
1 4916
4
1 4918
1 4919
6
5
6
4
6
3
1 4926
3
1 4928
4
1 4930
5
4
2 4933
1 4934
5
6
1 4937
6
2 4939
3
2 4941
1 4942
3
5
2 4945
2 4946
4
1 4948
1 4949
2 4950
4
2 4952
3
1 4954
6
3
2 4957
3
1 4959
4
6
3
4
3
3
4
4
2 4968
6
5
6
2 4972
1 4973
6
5
6
5
4
4
1 4980
4
5
1 4983
5
6
4
5
4
4
2 4990
1 4991
3
1 4993
4
4
1 4996
2 4997
2 4998
3
4
4
2 5002
6
4
2 5005
6
1 5007
6
1 5009
5
4
1 5012
1 5013
6
3
3
4
2 5018
4
2 5020
3
4
2 5023
6
5
6
5
1 5028
2 5029
4
4
5
1 5033
4
5
2 5036
4
1 5038
4
2 5040
3
5
2 5043
1 5044
2 5045
5
2 5047
1 5048
3
3
1 5051
3
3
6
3
2 5056
4
2 5058
1 5059
6
2 5061
5
4
6
3
1 5066
6
5
4
1 5070
3
3
2 5073
6
3
3
3
2 5078
3
1 5080
5
3
2 5083
1 5084
3
5
4
1 5088
6
3
1 5091
2 5092
1 5093
2 5094
4
4
1 5097
6
5
3
6
1 5102
1 5103
4
3
4
5
1 5108
1 5109
4
1 5111
4
4
3
2 5115
3
1 5117
4
2 5119
6
3
1 5122
2 5123
2 5124
4
5
4
6
5
4
1 5131
2 5132
1 5133
2 5134
4
4
3
3
1 5139
3
2 5141
4
1 5143
5
1 5145
5
4
3
1 5149
3
1 5151
6
5
1 5154
4
6
5
2 5158
3
3
1 5161
6
3
1 5164
1 5165
5
3
3
1 5169
4
2 5171
1 5172
3
4
1 5175
6
4
2 5178
4
2 5180
1 5181
4
3
2 5184
3
1 5186
3
2 5188
2 5189
2 5190
3
6
5
1 5194
5
1 5196
1 5197
1 5198
1 5199
1 5200
6
2 5202
4
5
4
2 5206
3
5
4
1 5210
4
1 5212
1 5213
3
3
1 5216
4
6
3
3
1 5221
4
6
3
4
5
3
6
2 5229
2 5230
6
1 5232
5
3
4
6
1 5237
3
4
6
3
2 5242
5
6
5
4
2 5247
3
2 5249
1 5250
3
4
2 5253
5
2 5255
4
3
1 5258
5
2 5260
6
3
3
1 5264
6
1 5266
3
4
1 5269
4
1 5271
3
1 5273
4
2 5275
3
2 5277
4
2 5279
2 5280
5
4
3
1 5284
5
3
1 5287
1 5288
2 5289
4
4
3
2 5293
6
3
1 5296
2 5297
1 5298
4
1 5300
1 5301
1 5302
6
3
2 5305
3
2 5307
4
6
3
3
4
5
6
1 5315
2 5316
2 5317
5
3
6
4
3
4
1 5324
2 5325
4
3
1 5328
5
6
4
1 5332
6
1 5334
3
4
2 5337
4
2 5339
2 5340
3
5
6
4
2 5345
4
2 5347
4
2 5349
2 5350
3
5
3
2 5354
4
2 5356
4
1 5358
5
4
2 5361
4
1 5363
3
1 5365
5
4
2 5368
4
1 5370
2 5371
3
1 5373
3
4
2 5376
5
6
3
2 5380
3
2 5382
4
1 5384
5
4
1 5387
3
1 5389
6
1 5391
1 5392
3
1 5394
3
3
5
1 5398
1 5399
6
5
1 5402
1 5403
5
6
3
3
5
2 5409
1 5410
2 5411
3
2 5413
4
1 5415
4
2 5417
4
2 5419
6
1 5421
3
6
1 5424
5
4
4
6
5
1 5430
1 5431
3
4
3
3
2 5436
3
5
6
5
2 5441
4
5
6
3
4
4
1 5448
6
5
3
2 5452
1 5453
1 5454
3
3
5
1 5458
1 5459
5
6
4
5
2 5464
4
5
2 5467
4
2 5469
4
1 5471
3
4
3
1 5475
6
4
1 5478
6
4
1 5481
4
2 5483
3
1 5485
1 5486
5
3
2 5489
4
3
1 5492
2 5493
3
1 5495
4
3
2 5498
3
1 5500
4
1 5502
4
1 5504
4
2 5506
5
6
5
4
1 5511
3
1 5513
3
1 5515
3
1 5517
3
1 5519
4
1 5521
3
1 5523
3
1 5525
2 5526
3
5
3
2 5530
3
2 5532
2 5533
4
4
1 5536
3
2 5538
3
2 5540
2 5541
2 5542
3
4
2 5545
3
4
2 5548
2 5549
2 5550
1 5551
6
4
2 5554
2 5555
2 5556
3
3
4
2 5560
3
4
2 5563
1 5564
3
3
6
1 5568
3
3
3
1 5572
6
2 5574
5
6
1 5577
6
5
3
5
6
4
5
6
3
1 5587
5
6
5
6
1 5592
1 5593
1 5594
3
3
3
3
2 5599
5
4
2 5602
3
2 5604
2 5605
4
3
2 5608
2 5609
2 5610
5
4
4
1 5614
2 5615
1 5616
2 5617
1 5618
3
3
3
3
5
4
5
4
2 5627
4
2 5629
3
1 5631
1 5632
2 5633
4
4
3
1 5637
4
2 5639
3
1 5641
4
2 5643
1 5644
4
4
2 5647
1 5648
1 5649
4
3
1 5652
3
1 5654
5
1 5656
3
6
5
2 5660
3
4
3
1 5664
4
1 5666
3
2 5668
4
1 5670
6
5
3
2 5674
6
5
4
1 5678
3
2 5680
1 5681
6
4
4
2 5685
5
1 5687
5
4
5
3
1 5692
4
1 5694
4
1 5696
3
1 5698
3
2 5700
5
3
2 5703
6
3
2 5706
5
1 5708
4
3
2 5711
5
6
5
6
3
1 5717
4
2 5719
5
6
4
2 5723
5
6
1 5726
5
3
3
1 5730
6
4
2 5733
3
1 5735
3
2 5737
2 5738
3
3
2 5741
3
1 5743
6
4
2 5746
3
2 5748
3
1 5750
4
1 5752
4
1 5754
4
2 5756
4
1 5758
1 5759
1 5760
4
4
5
2 5764
1 5765
3
4
6
5
1 5770
4
3
1 5773
2 5774
4
4
2 5777
5
4
1 5780
4
2 5782
1 5783
2 5784
4
1 5786
1 5787
4
3
4
4
2 5792
3
2 5794
4
2 5796
6
1 5798
1 5799
3
4
4
1 5803
4
2 5805
4
1 5807
4
1 5809
4
2 5811
6
1 5813
4
2 5815
1 5816
1 5817
4
3
4
3
1 5822
3
2 5824
6
2 5826
4
4
1 5829
6
2 5831
2 5832
3
5
3
4
2 5837
4
2 5839
2 5840
6
5
4
6
3
2 5846
2 5847
6
3
6
1 5851
4
2 5853
4
3
1 5856
1 5857
2 5858
2 5859
1 5860
3
3
1 5863
1 5864
3
4
3
1 5868
5
3
6
3
3
2 5874
3
2 5876
6
5
2 5879
2 5880
5
4
4
4
1 5885
1 5886
6
3
1 5889
4
2 5891
4
6
1 5894
4
4
2 5897
4
2 5899
2 5900
1 5901
2 5902
1 5903
4
5
6
4
3
4
3
1 5911
1 5912
3
4
1 5915
5
3
2 5918
3
2 5920
4
2 5922
3
2 5924
4
1 5926
5
3
1 5929
3
2 5931
5
2 5933
4
2 5935
5
1 5937
3
5
3
4
2 5942
3
1 5944
3
2 5946
2 5947
3
3
1 5950
2 5951
2 5952
2 5953
3
4
3
4
2 5958
4
2 5960
3
2 5962
1 5963
3
3
2 5966
4
1 5968
4
2 5970
5
2 5972
1 5973
5
3
2 5976
3
4
3
1 5980
1 5981
4
6
2 5984
3
6
5
6
5
3
2 5991
3
2 5993
2 5994
4
3
1 5997
6
4
2 6000
4
1 6002
3
1 6004
2 6005
4
4
1 6008
2 6009
6
4
5
6
2 6014
3
2 6016
4
6
5
4
1 6021
5
2 6023
3
3
1 6026
5
2 6028
4
1 6030
3
4
2 6033
4
2 6035
5
3
2 6038
6
5
1 6041
4
6
5
4
1 6046
4
2 6048
3
1 6050
5
3
2 6053
2 6054
5
3
4
1 6058
3
1 6060
4
2 6062
4
1 6064
5
1 6066
2 6067
4
4
5
3
1 6072
3
2 6074
5
1 6076
2 6077
4
4
2 6080
4
1 6082
3
4
1 6085
3
1 6087
5
6
4
1 6091
1 6092
2 6093
6
3
4
3
1 6098
3
1 6100
6
3
1 6103
4
1 6105
2 6106
4
3
2 6109
1 6110
1 6111
3
4
4
2 6115
4
2 6117
1 6118
2 6119
3
2 6121
4
5
2 6124
3
4
5
2 6128
6
4
5
2 6132
6
1 6134
1 6135
4
2 6137
4
4
3
4
2 6142
3
2 6144
5
1 6146
4
2 6148
4
3
1 6151
2 6152
6
4
5
3
2 6157
3
2 6159
6
3
2 6162
1 6163
6
4
4
1 6167
4
1 6169
5
6
5
3
2 6174
5
2 6176
2 6177
1 6178
5
3
3
5
6
3
4
1 6186
3
2 6188
6
3
1 6191
3
2 6193
3
2 6195
5
2 6197
4
3
1 6200
3
2 6202
4
1 6204
4
2 6206
3
1 6208
4
1 6210
4
2 6212
2 6213
5
4
5
2 6217
4
2 6219
1 6220
3
2 6222
2 6223
4
3
5
6
1 6228
3
3
2 6231
3
6
5
4
2 6236
6
4
1 6239
3
2 6241
6
3
2 6244
4
1 6246
4
2 6248
2 6249
5
3
2 6252
2 6253
1 6254
2 6255
3
4
3
3
4
1 6261
6
1 6263
3
6
4
2 6267
2 6268
5
2 6270
3
5
4
2 6274
6
3
3
2 6278
2 6279
3
3
2 6282
1 6283
4
4
1 6286
5
4
1 6289
2 6290
4
2 6292
6
4
4
1 6296
2 6297
4
3
2 6300
4
2 6302
4
1 6304
4
1 6306
2 6307
3
6
1 6310
