12410
1 1
4
2 3
6
3
1 6
5
3
1 9
1 10
2 11
4
3
4
1 15
3
2 17
3
2 19
3
2 21
3
2 23
6
4
1 26
6
1 28
6
2 30
4
4
2 33
3
2 35
6
4
1 38
3
3
1 41
4
2 43
2 44
5
3
6
5
4
1 50
6
5
4
1 54
6
4
2 57
3
2 59
4
1 61
5
3
2 64
4
2 66
3
2 68
4
2 70
4
1 72
2 73
3
2 75
3
5
3
2 79
1 80
4
3
2 83
5
4
2 86
6
3
2 89
4
1 91
3
1 93
6
3
1 96
1 97
4
5
4
2 101
4
2 103
3
2 105
4
1 107
1 108
4
3
1 111
1 112
1 113
3
6
5
6
4
2 119
1 120
4
2 122
4
3
4
1 126
3
2 128
4
2 130
3
2 132
4
1 134
2 135
3
4
2 138
4
2 140
3
1 142
3
2 144
3
2 146
3
1 148
6
4
1 151
2 152
3
6
2 155
2 156
3
3
1 159
5
3
4
1 163
3
2 165
3
1 167
3
2 169
6
3
2 172
5
1 174
2 175
6
4
6
3
1 180
6
4
1 183
4
2 185
3
4
2 188
4
2 190
2 191
4
3
1 194
6
5
6
5
6
4
2 201
4
2 203
6
1 205
6
5
3
6
1 210
6
4
4
2 214
4
1 216
3
1 218
5
1 220
5
2 222
2 223
5
6
1 226
3
4
4
4
6
2 232
6
1 234
3
1 236
3
4
5
6
5
3
2 243
4
1 245
6
4
1 248
6
5
6
3
2 253
2 254
4
4
2 257
6
2 259
3
6
3
1 263
3
1 265
3
2 267
3
2 269
2 270
2 271
3
4
3
1 275
6
5
6
4
1 280
4
1 282
6
4
1 285
4
1 287
5
4
2 290
4
1 292
1 293
1 294
4
3
1 297
4
1 299
1 300
6
2 302
2 303
6
3
6
3
5
4
6
1 311
4
3
3
2 315
3
2 317
5
3
2 320
2 321
4
2 323
1 324
3
6
3
3
2 329
2 330
3
6
5
4
1 335
1 336
1 337
3
4
3
2 341
3
2 343
3
1 345
4
2 347
4
2 349
4
2 351
3
1 353
4
1 355
3
1 357
4
1 359
3
2 361
3
1 363
3
1 365
3
2 367
1 368
1 369
4
3
4
2 373
2 374
3
3
2 377
1 378
1 379
1 380
4
3
3
4
2 385
4
1 387
6
3
2 390
2 391
4
4
2 394
3
1 396
6
1 398
2 399
3
3
6
5
6
2 405
3
1 407
6
5
4
4
1 412
3
1 414
4
2 416
5
6
3
2 420
6
5
3
1 424
2 425
3
4
1 428
5
4
1 431
3
2 433
6
3
1 436
4
1 438
1 439
6
4
6
3
2 444
6
2 446
3
1 448
5
6
4
2 452
4
4
2 455
6
3
2 458
3
1 460
3
2 462
5
3
2 465
3
2 467
6
2 469
3
2 471
1 472
3
1 474
3
2 476
1 477
2 478
1 479
4
5
6
5
4
4
2 486
2 487
1 488
3
6
2 491
3
3
2 494
4
6
4
4
3
4
2 501
2 502
3
4
2 505
2 506
3
1 508
5
3
1 511
3
2 513
1 514
2 515
4
3
5
2 519
6
3
2 522
6
5
2 525
5
4
3
4
4
2 531
3
1 533
6
3
1 536
1 537
4
4
2 540
3
1 542
4
2 544
4
1 546
4
1 548
4
1 550
6
5
4
1 554
3
2 556
5
4
2 559
3
2 561
3
1 563
2 564
5
6
5
1 568
4
2 570
2 571
4
5
1 574
6
5
6
5
1 579
2 580
2 581
3
4
3
5
4
5
6
3
4
5
4
1 593
6
4
1 596
6
4
1 599
6
4
2 602
2 603
3
1 605
3
4
2 608
5
2 610
3
5
6
2 614
4
4
2 617
4
1 619
4
1 621
4
2 623
4
1 625
4
2 627
6
5
6
4
2 632
6
4
1 635
5
1 637
6
3
4
2 641
2 642
6
2 644
3
4
5
4
1 649
5
6
4
2 653
3
2 655
2 656
2 657
5
1 659
4
3
5
3
1 664
2 665
4
3
1 668
5
4
3
1 672
3
1 674
6
1 676
3
4
2 679
6
1 681
2 682
4
3
5
1 686
4
6
3
2 690
3
2 692
4
1 694
3
1 696
4
2 698
6
5
3
1 702
4
2 704
4
1 706
5
4
1 709
2 710
1 711
3
4
4
2 715
5
3
2 718
4
1 720
3
1 722
6
3
2 725
4
1 727
2 728
6
5
6
1 732
2 733
3
1 735
3
5
6
5
3
3
4
1 743
2 744
3
2 746
3
5
4
1 750
5
3
2 753
6
5
1 756
3
4
2 759
4
1 761
1 762
3
3
2 765
3
1 767
4
2 769
2 770
2 771
3
4
1 774
3
1 776
1 777
1 778
1 779
5
2 781
5
6
5
6
5
3
1 788
4
5
6
5
3
3
6
1 796
2 797
3
4
4
3
3
2 803
1 804
3
3
2 807
4
1 809
2 810
1 811
2 812
4
4
5
4
5
4
1 819
3
1 821
6
5
3
2 825
5
6
1 828
6
5
1 831
6
4
4
2 835
4
3
2 838
4
1 840
1 841
4
1 843
4
4
2 846
2 847
5
6
2 850
1 851
4
3
6
5
6
1 857
3
6
5
4
5
4
2 864
3
1 866
6
4
2 869
1 870
2 871
6
1 873
5
3
4
3
3
1 879
3
1 881
3
1 883
4
1 885
4
1 887
4
2 889
2 890
3
5
6
4
2 895
5
4
2 898
3
1 900
1 901
1 902
4
3
1 905
2 906
6
5
4
4
5
3
2 913
3
1 915
4
2 917
2 918
3
3
1 921
4
1 923
4
1 925
1 926
3
4
2 929
3
2 931
5
6
3
1 935
3
2 937
5
1 939
6
5
4
6
3
1 945
5
4
1 948
2 949
2 950
4
6
4
3
2 955
3
1 957
4
1 959
3
1 961
4
2 963
1 964
5
6
2 967
6
3
3
6
1 972
1 973
6
5
4
4
3
1 979
3
1 981
1 982
1 983
4
3
6
3
1 988
3
1 990
6
4
1 993
2 994
4
2 996
4
4
1 999
3
2 1001
6
5
3
2 1005
4
1 1007
4
2 1009
3
2 1011
4
2 1013
6
3
1 1016
1 1017
5
3
4
1 1021
4
1 1023
1 1024
3
2 1026
5
6
3
4
1 1031
2 1032
4
1 1034
5
3
2 1037
4
2 1039
4
3
1 1042
1 1043
4
1 1045
5
4
3
2 1049
6
1 1051
3
3
1 1054
4
1 1056
3
2 1058
3
2 1060
3
2 1062
4
2 1064
5
3
2 1067
3
2 1069
5
3
2 1072
3
1 1074
6
5
3
1 1078
2 1079
3
4
2 1082
4
1 1084
6
4
2 1087
4
1 1089
4
2 1091
5
3
1 1094
4
1 1096
3
1 1098
2 1099
6
3
6
5
1 1104
2 1105
6
4
3
1 1109
3
4
2 1112
1 1113
6
2 1115
4
6
5
1 1119
5
2 1121
3
1 1123
4
4
6
4
4
1 1129
1 1130
3
4
2 1133
4
1 1135
4
1 1137
3
2 1139
2 1140
2 1141
6
5
3
1 1145
4
6
4
2 1149
6
4
4
2 1153
3
1 1155
6
5
2 1158
3
3
2 1161
1 1162
4
6
1 1165
1 1166
5
2 1168
4
5
4
3
4
1 1174
1 1175
5
1 1177
1 1178
3
1 1180
1 1181
3
2 1183
3
3
4
2 1187
2 1188
5
4
6
4
6
4
3
2 1196
4
1 1198
2 1199
3
3
2 1202
4
2 1204
2 1205
6
5
4
2 1209
1 1210
4
6
1 1213
6
3
4
5
3
2 1219
5
3
2 1222
5
4
2 1225
4
2 1227
4
1 1229
4
1 1231
4
2 1233
4
1 1235
4
1 1237
4
1 1239
3
2 1241
4
1 1243
1 1244
3
4
2 1247
3
2 1249
2 1250
4
5
6
4
1 1255
5
2 1257
5
4
3
1 1261
5
6
5
6
3
2 1267
2 1268
3
3
2 1271
5
3
2 1274
2 1275
6
4
1 1278
3
3
2 1281
1 1282
3
6
3
2 1286
2 1287
3
5
3
1 1291
3
2 1293
3
2 1295
4
2 1297
4
2 1299
4
2 1301
4
2 1303
4
1 1305
1 1306
6
4
4
2 1310
5
1 1312
6
1 1314
3
5
3
1 1318
2 1319
4
4
4
1 1323
4
2 1325
2 1326
5
6
2 1329
3
1 1331
3
5
3
1 1335
5
4
3
1 1339
4
2 1341
4
1 1343
6
4
2 1346
3
1 1348
1 1349
3
2 1351
4
6
1 1354
3
1 1356
3
5
6
4
2 1361
3
1 1363
6
4
2 1366
4
2 1368
4
2 1370
3
1 1372
4
2 1374
6
3
2 1377
4
2 1379
2 1380
3
2 1382
3
4
2 1385
3
1 1387
6
3
1 1390
6
5
1 1393
4
4
2 1396
3
1 1398
2 1399
5
4
1 1402
2 1403
3
4
3
1 1407
4
1 1409
4
2 1411
6
3
2 1414
3
1 1416
5
4
2 1419
6
4
2 1422
4
1 1424
4
1 1426
4
2 1428
2 1429
1 1430
4
3
2 1433
6
4
2 1436
4
3
2 1439
2 1440
2 1441
6
2 1443
2 1444
4
6
3
3
3
6
2 1451
6
4
6
4
1 1456
4
2 1458
4
2 1460
4
2 1462
4
1 1464
4
1 1466
1 1467
1 1468
2 1469
1 1470
6
2 1472
1 1473
1 1474
5
6
3
2 1478
3
4
1 1481
4
4
4
3
3
3
6
4
2 1490
4
2 1492
1 1493
4
3
1 1496
2 1497
4
3
2 1500
4
2 1502
3
2 1504
2 1505
3
5
6
3
1 1510
3
2 1512
4
2 1514
4
1 1516
3
2 1518
4
1 1520
5
3
2 1523
6
2 1525
5
6
4
4
1 1530
2 1531
2 1532
4
3
2 1535
5
6
3
5
2 1540
4
3
1 1543
3
2 1545
4
2 1547
6
5
4
2 1551
4
2 1553
5
4
2 1556
3
1 1558
4
2 1560
2 1561
6
3
4
1 1565
3
2 1567
4
1 1569
1 1570
4
4
2 1573
6
4
2 1576
5
2 1578
2 1579
2 1580
2 1581
2 1582
6
3
1 1585
1 1586
5
6
4
4
1 1591
4
3
3
4
6
5
3
2 1599
6
2 1601
5
6
5
6
1 1606
1 1607
1 1608
4
2 1610
5
2 1612
2 1613
4
3
5
4
1 1618
4
3
4
4
4
3
2 1625
3
1 1627
4
2 1629
3
2 1631
5
3
2 1634
6
3
2 1637
5
6
3
1 1641
1 1642
1 1643
4
2 1645
5
3
4
4
2 1650
1 1651
2 1652
6
2 1654
4
6
4
1 1658
2 1659
3
6
4
1 1663
4
2 1665
3
2 1667
1 1668
2 1669
3
4
2 1672
4
6
4
2 1676
4
5
1 1679
3
4
2 1682
3
5
6
1 1686
5
6
1 1689
2 1690
5
4
6
1 1694
3
2 1696
1 1697
3
5
4
2 1701
1 1702
3
4
1 1705
3
3
4
4
1 1710
5
2 1712
4
4
2 1715
6
4
1 1718
2 1719
1 1720
3
3
5
6
1 1725
6
3
3
2 1729
5
1 1731
6
3
4
2 1735
4
1 1737
3
2 1739
6
4
2 1742
1 1743
3
2 1745
3
2 1747
1 1748
3
5
1 1751
3
4
1 1754
4
4
2 1757
6
3
1 1760
4
1 1762
2 1763
4
3
1 1766
6
3
2 1769
2 1770
6
4
1 1773
2 1774
3
3
6
3
1 1779
4
1 1781
2 1782
1 1783
2 1784
1 1785
2 1786
5
1 1788
4
4
3
5
3
3
3
4
2 1797
3
1 1799
2 1800
2 1801
2 1802
3
3
1 1805
4
4
4
2 1809
3
1 1811
4
2 1813
4
1 1815
5
6
1 1818
6
3
3
2 1822
1 1823
2 1824
5
3
4
4
2 1829
6
2 1831
3
5
4
1 1835
3
1 1837
3
1 1839
3
2 1841
6
1 1843
1 1844
1 1845
5
4
3
6
5
1 1851
6
3
6
5
6
4
4
2 1859
1 1860
6
5
3
4
2 1865
2 1866
1 1867
6
5
6
2 1871
5
2 1873
3
3
6
3
4
1 1879
4
1 1881
1 1882
2 1883
4
4
5
3
4
1 1889
3
2 1891
3
2 1893
4
1 1895
5
1 1897
4
3
1 1900
2 1901
5
2 1903
2 1904
5
6
4
4
4
4
2 1911
1 1912
3
3
1 1915
2 1916
3
3
1 1919
1 1920
1 1921
1 1922
4
1 1924
3
3
5
6
4
5
6
4
2 1933
3
2 1935
4
2 1937
2 1938
3
3
1 1941
3
2 1943
4
2 1945
4
2 1947
6
1 1949
1 1950
1 1951
1 1952
2 1953
4
4
3
4
5
4
3
2 1961
5
1 1963
3
2 1965
2 1966
6
4
3
3
2 1971
3
1 1973
6
2 1975
3
2 1977
3
1 1979
3
6
3
2 1983
3
1 1985
2 1986
6
3
5
3
1 1991
4
2 1993
4
2 1995
1 1996
4
4
1 1999
4
2 2001
3
2 2003
3
2 2005
4
1 2007
5
1 2009
2 2010
4
3
6
3
2 2015
6
5
3
2 2019
4
1 2021
2 2022
3
3
2 2025
1 2026
6
2 2028
3
3
1 2031
4
6
1 2034
6
3
5
2 2038
1 2039
3
3
3
1 2043
4
2 2045
5
4
1 2048
4
2 2050
1 2051
5
6
3
3
2 2056
3
1 2058
3
2 2060
4
2 2062
4
1 2064
2 2065
4
1 2067
6
5
6
5
6
1 2073
4
1 2075
2 2076
2 2077
1 2078
4
6
5
1 2082
4
3
3
5
3
6
2 2089
1 2090
3
6
3
6
1 2095
3
2 2097
2 2098
5
6
3
3
6
5
3
3
1 2107
2 2108
6
4
4
1 2112
3
2 2114
3
2 2116
1 2117
3
4
1 2120
4
1 2122
5
4
1 2125
2 2126
1 2127
4
2 2129
3
1 2131
1 2132
3
3
3
4
2 2137
3
2 2139
4
2 2141
1 2142
5
1 2144
5
3
5
3
3
2 2150
3
1 2152
6
5
3
2 2156
4
1 2158
3
2 2160
2 2161
2 2162
3
3
3
1 2166
6
5
3
2 2170
3
1 2172
4
1 2174
1 2175
5
2 2177
5
3
3
4
1 2182
3
1 2184
3
1 2186
4
1 2188
5
3
2 2191
1 2192
4
6
4
2 2196
3
1 2198
2 2199
6
2 2201
5
1 2203
1 2204
1 2205
1 2206
3
3
4
3
4
5
2 2213
4
3
4
2 2217
6
5
1 2220
3
5
3
2 2224
5
2 2226
5
3
4
1 2230
2 2231
4
5
4
2 2235
4
2 2237
4
2 2239
4
1 2241
2 2242
1 2243
1 2244
3
4
1 2247
2 2248
3
2 2250
4
3
1 2253
3
4
6
5
2 2258
2 2259
4
5
1 2262
4
2 2264
4
3
4
2 2268
3
2 2270
5
2 2272
3
4
1 2275
4
2 2277
2 2278
1 2279
3
5
2 2282
2 2283
1 2284
3
6
5
1 2288
5
2 2290
6
5
2 2293
6
3
3
3
3
3
5
3
4
2 2303
3
1 2305
3
1 2307
4
1 2309
4
1 2311
6
5
4
1 2315
4
2 2317
4
1 2319
3
1 2321
3
2 2323
1 2324
1 2325
3
4
5
1 2329
3
1 2331
3
4
1 2334
3
1 2336
3
2 2338
1 2339
5
6
2 2342
2 2343
1 2344
4
4
4
3
3
2 2350
3
2 2352
2 2353
4
5
4
2 2357
1 2358
6
3
6
3
1 2363
4
1 2365
5
6
5
4
2 2370
4
2 2372
5
3
2 2375
3
2 2377
4
1 2379
4
2 2381
3
1 2383
5
6
2 2386
5
4
4
1 2390
5
2 2392
3
6
4
1 2396
5
3
1 2399
1 2400
2 2401
6
3
5
6
3
4
1 2408
6
4
1 2411
3
2 2413
6
2 2415
1 2416
4
3
2 2419
4
1 2421
4
3
1 2424
6
4
2 2427
5
1 2429
3
4
2 2432
3
1 2434
3
2 2436
3
1 2438
4
2 2440
3
1 2442
4
2 2444
2 2445
5
2 2447
6
1 2449
3
2 2451
3
2 2453
3
5
6
4
1 2458
2 2459
1 2460
2 2461
2 2462
3
3
2 2465
5
4
3
5
6
4
1 2472
3
5
4
3
3
2 2478
2 2479
4
4
2 2482
4
2 2484
1 2485
2 2486
4
3
4
1 2490
4
2 2492
4
1 2494
6
3
1 2497
4
1 2499
3
2 2501
4
1 2503
2 2504
1 2505
5
4
1 2508
1 2509
4
5
6
5
6
4
3
6
5
2 2519
3
2 2521
3
3
2 2524
3
1 2526
3
1 2528
3
2 2530
4
2 2532
3
1 2534
3
1 2536
4
2 2538
3
2 2540
4
2 2542
4
2 2544
3
2 2546
1 2547
5
4
1 2550
1 2551
1 2552
4
2 2554
5
4
1 2557
4
3
5
3
5
6
1 2564
4
1 2566
3
3
2 2569
4
1 2571
3
1 2573
4
2 2575
4
2 2577
6
4
2 2580
3
2 2582
4
1 2584
1 2585
1 2586
4
2 2588
2 2589
5
6
2 2592
6
2 2594
3
2 2596
4
3
5
1 2600
3
5
4
4
4
3
1 2607
6
3
1 2610
3
2 2612
3
2 2614
2 2615
4
1 2617
4
4
1 2620
1 2621
4
3
2 2624
5
3
2 2627
4
2 2629
3
2 2631
3
2 2633
4
2 2635
5
4
1 2638
5
6
3
1 2642
4
2 2644
1 2645
6
5
6
5
4
3
2 2652
3
1 2654
4
1 2656
1 2657
6
2 2659
4
5
4
3
1 2664
5
3
2 2667
3
2 2669
3
1 2671
2 2672
1 2673
5
4
3
2 2677
4
5
2 2680
1 2681
3
6
1 2684
5
1 2686
4
5
4
5
1 2691
1 2692
2 2693
5
6
3
5
1 2698
2 2699
4
2 2701
5
4
1 2704
4
1 2706
3
3
1 2709
3
2 2711
5
6
3
6
5
2 2717
4
1 2719
3
6
3
5
3
4
5
4
1 2728
4
2 2730
4
2 2732
4
2 2734
2 2735
4
2 2737
3
4
1 2740
3
2 2742
1 2743
4
6
2 2746
2 2747
6
5
2 2750
2 2751
3
4
1 2754
5
4
5
2 2758
6
3
4
3
3
2 2764
2 2765
5
4
4
2 2769
4
2 2771
3
1 2773
4
1 2775
6
2 2777
3
1 2779
1 2780
1 2781
6
4
5
3
1 2786
5
2 2788
2 2789
2 2790
5
2 2792
3
4
5
3
3
3
2 2799
4
6
5
3
5
4
2 2806
4
1 2808
3
1 2810
2 2811
3
3
2 2814
5
3
2 2817
4
2 2819
1 2820
4
4
2 2823
6
2 2825
3
3
2 2828
4
1 2830
4
1 2832
2 2833
5
3
1 2836
2 2837
5
4
5
3
1 2842
6
5
4
3
1 2847
4
2 2849
6
5
4
2 2853
1 2854
6
4
3
1 2858
2 2859
4
3
2 2862
3
1 2864
5
4
2 2867
5
1 2869
1 2870
4
4
6
2 2874
4
3
2 2877
6
4
2 2880
4
1 2882
4
2 2884
5
6
3
1 2888
1 2889
2 2890
5
3
1 2893
4
3
1 2896
3
4
2 2899
4
2 2901
4
2 2903
4
2 2905
5
2 2907
6
3
4
1 2911
6
3
2 2914
5
6
3
1 2918
1 2919
4
5
3
2 2923
3
2 2925
1 2926
3
2 2928
3
6
4
1 2932
4
2 2934
4
1 2936
3
1 2938
5
2 2940
3
5
1 2943
1 2944
2 2945
4
3
3
6
3
1 2951
1 2952
4
4
2 2955
4
2 2957
2 2958
1 2959
4
2 2961
3
4
5
6
1 2966
3
3
2 2969
3
1 2971
4
2 2973
4
1 2975
3
1 2977
1 2978
3
6
1 2981
5
4
6
3
2 2986
5
6
5
6
3
1 2992
6
5
2 2995
4
3
2 2998
5
1 3000
6
3
1 3003
3
3
1 3006
4
2 3008
3
1 3010
6
2 3012
4
3
1 3015
3
2 3017
3
2 3019
2 3020
1 3021
5
4
4
6
2 3026
4
2 3028
2 3029
6
2 3031
5
2 3033
3
4
6
4
4
4
1 3040
2 3041
1 3042
6
3
3
5
2 3047
2 3048
3
1 3050
2 3051
4
5
4
4
6
2 3057
4
5
6
4
1 3062
1 3063
2 3064
6
4
3
1 3068
5
4
3
2 3072
2 3073
6
5
4
5
1 3078
2 3079
3
4
3
1 3083
6
4
2 3086
2 3087
4
3
1 3090
4
1 3092
6
3
2 3095
6
4
2 3098
5
6
3
1 3102
5
6
3
2 3106
4
2 3108
3
2 3110
3
1 3112
4
2 3114
3
1 3116
6
1 3118
4
4
1 3121
3
1 3123
1 3124
5
6
5
6
2 3129
2 3130
2 3131
6
2 3133
1 3134
6
4
6
5
6
1 3140
3
5
2 3143
6
3
5
2 3147
4
2 3149
6
3
5
3
3
2 3155
4
3
2 3158
2 3159
3
3
6
4
1 3164
4
4
3
2 3168
4
1 3170
6
5
6
5
4
1 3176
4
2 3178
4
1 3180
6
3
2 3183
2 3184
4
3
1 3187
4
1 3189
3
2 3191
6
4
2 3194
1 3195
4
1 3197
2 3198
6
2 3200
3
2 3202
5
2 3204
3
5
4
5
3
4
6
4
1 3213
1 3214
1 3215
4
4
5
6
5
2 3221
2 3222
6
3
2 3225
3
6
5
3
5
3
2 3232
5
4
2 3235
4
1 3237
2 3238
5
4
1 3241
3
6
3
2 3245
3
1 3247
3
2 3249
1 3250
4
3
2 3253
4
2 3255
3
2 3257
4
1 3259
4
2 3261
2 3262
3
2 3264
3
5
6
4
1 3269
1 3270
3
2 3272
4
3
2 3275
2 3276
4
1 3278
3
6
3
1 3282
3
2 3284
6
4
1 3287
3
2 3289
5
1 3291
5
1 3293
2 3294
5
4
4
4
5
4
1 3301
2 3302
3
6
4
2 3306
3
1 3308
3
1 3310
4
1 3312
4
1 3314
6
4
1 3317
4
2 3319
4
1 3321
3
1 3323
4
1 3325
3
1 3327
1 3328
3
1 3330
4
3
2 3333
4
1 3335
4
2 3337
4
1 3339
4
2 3341
4
2 3343
1 3344
3
4
1 3347
4
1 3349
4
2 3351
1 3352
2 3353
4
3
4
1 3357
4
2 3359
4
1 3361
6
4
2 3364
4
1 3366
3
1 3368
2 3369
1 3370
4
6
2 3373
3
2 3375
2 3376
3
4
4
4
2 3381
1 3382
1 3383
3
6
1 3386
6
5
3
4
1 3391
3
4
2 3394
4
1 3396
3
2 3398
4
2 3400
5
2 3402
1 3403
4
3
1 3406
3
3
1 3409
1 3410
5
2 3412
3
5
3
4
2 3417
2 3418
4
3
1 3421
4
1 3423
3
1 3425
2 3426
3
3
2 3429
3
2 3431
4
2 3433
1 3434
4
4
1 3437
4
2 3439
1 3440
6
2 3442
4
3
6
4
1 3447
1 3448
4
6
3
2 3452
3
2 3454
5
4
2 3457
5
4
1 3460
6
2 3462
3
3
1 3465
3
1 3467
3
2 3469
2 3470
2 3471
1 3472
2 3473
2 3474
5
3
6
1 3478
6
3
3
2 3482
4
3
2 3485
3
3
5
6
1 3490
1 3491
4
3
4
6
4
2 3497
3
1 3499
5
4
1 3502
6
2 3504
1 3505
3
2 3507
1 3508
4
4
1 3511
4
4
4
2 3515
3
2 3517
3
1 3519
3
2 3521
1 3522
1 3523
4
5
1 3526
6
4
1 3529
6
5
4
3
3
1 3535
4
2 3537
5
3
1 3540
4
1 3542
3
1 3544
4
2 3546
6
2 3548
4
2 3550
3
4
1 3553
3
2 3555
5
4
2 3558
2 3559
3
2 3561
6
4
3
2 3565
4
2 3567
4
2 3569
3
1 3571
4
1 3573
1 3574
6
5
2 3577
4
3
3
2 3581
3
2 3583
4
1 3585
2 3586
4
6
2 3589
3
5
1 3592
1 3593
5
6
4
3
5
3
2 3600
2 3601
2 3602
6
4
3
2 3606
3
3
1 3609
4
1 3611
3
1 3613
5
4
2 3616
3
2 3618
4
1 3620
6
5
4
1 3624
2 3625
2 3626
3
6
4
3
2 3631
5
6
2 3634
2 3635
3
3
5
4
1 3640
2 3641
3
5
4
2 3645
6
5
4
2 3649
1 3650
2 3651
4
4
3
2 3655
5
1 3657
3
3
2 3660
4
2 3662
4
2 3664
6
1 3666
4
1 3668
2 3669
3
1 3671
5
3
4
1 3675
3
1 3677
3
2 3679
3
4
1 3682
1 3683
1 3684
1 3685
4
4
5
6
1 3690
3
3
5
3
1 3695
4
2 3697
2 3698
3
1 3700
1 3701
1 3702
4
1 3704
2 3705
6
2 3707
4
2 3709
2 3710
3
5
3
1 3714
3
2 3716
5
4
4
4
1 3721
3
4
3
4
1 3726
1 3727
2 3728
1 3729
3
3
3
5
6
3
1 3736
6
2 3738
3
3
1 3741
4
1 3743
3
1 3745
3
1 3747
5
4
2 3750
4
2 3752
6
2 3754
3
2 3756
2 3757
2 3758
1 3759
2 3760
1 3761
6
5
3
4
4
3
2 3768
4
3
4
4
2 3773
1 3774
6
5
4
3
2 3779
3
1 3781
4
2 3783
4
1 3785
6
5
1 3788
5
2 3790
2 3791
3
2 3793
3
1 3795
2 3796
4
4
6
3
4
6
1 3803
3
3
1 3806
2 3807
1 3808
3
2 3810
5
6
4
6
4
3
1 3817
3
1 3819
3
2 3821
3
1 3823
2 3824
6
4
6
4
2 3829
2 3830
2 3831
6
5
3
3
4
2 3837
1 3838
5
3
4
2 3842
1 3843
6
3
3
1 3847
3
2 3849
4
2 3851
4
2 3853
4
1 3855
2 3856
3
3
1 3859
5
1 3861
3
3
1 3864
5
6
2 3867
1 3868
6
5
2 3871
1 3872
6
5
6
5
4
1 3878
3
6
3
6
2 3883
3
6
3
5
3
5
4
2 3891
4
1 3893
2 3894
5
4
4
1 3898
4
2 3900
1 3901
1 3902
2 3903
4
4
3
1 3907
3
2 3909
1 3910
3
5
4
3
2 3915
3
2 3917
6
5
3
2 3921
2 3922
4
3
2 3925
4
1 3927
4
1 3929
3
2 3931
3
1 3933
3
2 3935
4
1 3937
2 3938
4
4
1 3941
4
2 3943
3
1 3945
2 3946
6
3
1 3949
5
3
4
1 3953
1 3954
5
2 3956
2 3957
2 3958
5
1 3960
4
4
3
4
4
3
1 3967
5
4
1 3970
2 3971
6
4
3
2 3975
2 3976
4
6
4
1 3980
1 3981
3
2 3983
4
3
2 3986
1 3987
4
3
1 3990
6
5
4
2 3994
6
3
2 3997
4
2 3999
3
2 4001
5
3
2 4004
3
1 4006
4
2 4008
3
1 4010
5
3
1 4013
3
2 4015
1 4016
1 4017
6
4
4
2 4021
1 4022
5
6
5
6
5
1 4028
3
4
4
1 4032
3
5
2 4035
6
3
2 4038
5
4
3
1 4042
4
2 4044
2 4045
5
1 4047
6
2 4049
4
3
2 4052
2 4053
1 4054
5
2 4056
4
4
4
1 4060
4
1 4062
4
5
6
1 4066
4
3
3
4
2 4071
3
2 4073
2 4074
5
2 4076
4
5
3
4
1 4081
4
2 4083
4
1 4085
3
2 4087
3
2 4089
5
4
2 4092
5
4
1 4095
3
2 4097
4
1 4099
2 4100
4
3
2 4103
5
6
1 4106
4
1 4108
4
4
1 4111
2 4112
6
3
4
2 4116
6
5
4
1 4120
4
1 4122
2 4123
1 4124
4
2 4126
4
2 4128
4
1 4130
3
4
4
2 4134
3
2 4136
1 4137
4
6
3
1 4141
4
1 4143
4
1 4145
6
4
2 4148
1 4149
4
5
4
1 4153
5
2 4155
2 4156
5
4
2 4159
2 4160
4
1 4162
3
3
5
3
4
1 4168
5
3
2 4171
6
5
3
2 4175
5
6
1 4178
2 4179
3
5
1 4182
3
4
3
1 4186
2 4187
6
3
3
1 4191
3
1 4193
3
1 4195
3
1 4197
4
1 4199
2 4200
3
3
1 4203
5
6
4
1 4207
4
2 4209
5
4
2 4212
3
2 4214
4
1 4216
1 4217
4
3
1 4220
2 4221
2 4222
5
6
4
4
3
2 4228
3
2 4230
3
2 4232
2 4233
4
4
1 4236
3
1 4238
3
2 4240
2 4241
3
6
5
2 4245
1 4246
3
4
5
4
1 4251
3
1 4253
4
2 4255
3
2 4257
3
2 4259
6
2 4261
3
4
1 4264
4
1 4266
2 4267
5
3
5
4
1 4272
1 4273
3
1 4275
5
3
6
1 4279
2 4280
5
3
4
5
6
4
1 4287
4
2 4289
6
3
1 4292
4
1 4294
6
3
1 4297
3
1 4299
3
1 4301
1 4302
5
6
3
5
1 4307
4
4
1 4310
3
1 4312
3
2 4314
1 4315
3
6
4
2 4319
1 4320
2 4321
3
5
4
1 4325
4
3
2 4328
1 4329
1 4330
5
6
5
3
2 4335
6
1 4337
4
1 4339
6
5
6
2 4343
4
2 4345
3
6
2 4348
3
3
2 4351
3
3
2 4354
2 4355
4
3
3
3
1 4360
2 4361
2 4362
4
2 4364
2 4365
6
5
4
1 4369
2 4370
3
4
4
1 4374
2 4375
4
6
2 4378
4
5
3
4
6
5
6
2 4386
3
3
1 4389
4
2 4391
4
1 4393
2 4394
2 4395
3
4
4
2 4399
1 4400
5
3
5
3
1 4405
1 4406
4
6
5
6
5
3
2 4413
4
1 4415
3
2 4417
3
2 4419
2 4420
3
4
2 4423
6
2 4425
4
3
1 4428
3
1 4430
2 4431
4
4
1 4434
6
3
1 4437
4
2 4439
1 4440
4
2 4442
4
3
1 4445
6
3
1 4448
6
4
2 4451
2 4452
4
3
2 4455
2 4456
3
2 4458
1 4459
6
4
5
1 4463
3
5
6
4
2 4468
3
4
2 4471
4
2 4473
3
2 4475
2 4476
3
3
1 4479
3
1 4481
5
4
2 4484
3
1 4486
1 4487
2 4488
1 4489
5
6
3
1 4493
1 4494
1 4495
3
3
4
3
1 4500
2 4501
1 4502
3
2 4504
2 4505
3
4
6
5
3
3
4
2 4513
4
4
2 4516
6
4
2 4519
4
1 4521
3
1 4523
6
4
1 4526
2 4527
4
1 4529
4
5
1 4532
3
4
2 4535
4
1 4537
4
1 4539
5
3
2 4542
1 4543
3
2 4545
2 4546
2 4547
5
1 4549
1 4550
6
4
4
4
3
1 4556
2 4557
5
3
2 4560
4
3
6
3
4
1 4566
3
1 4568
6
5
6
5
6
2 4574
2 4575
3
3
4
2 4579
3
1 4581
1 4582
3
4
2 4585
4
2 4587
2 4588
4
1 4590
3
4
2 4593
1 4594
5
3
3
2 4598
3
2 4600
4
2 4602
1 4603
3
1 4605
1 4606
4
6
2 4609
4
5
1 4612
5
3
4
1 4616
5
6
5
3
3
2 4622
1 4623
6
5
3
3
1 4628
3
2 4630
1 4631
6
5
6
5
4
6
3
1 4639
4
1 4641
4
1 4643
3
2 4645
2 4646
3
4
2 4649
3
1 4651
1 4652
5
2 4654
6
5
6
5
2 4659
4
4
3
3
1 4664
4
1 4666
4
1 4668
6
4
1 4671
2 4672
3
5
3
1 4676
4
1 4678
1 4679
4
4
1 4682
5
6
5
1 4686
4
2 4688
4
4
2 4691
5
4
2 4694
1 4695
3
4
2 4698
4
2 4700
6
3
2 4703
3
1 4705
1 4706
4
2 4708
4
5
2 4711
5
4
3
1 4715
4
2 4717
6
3
2 4720
5
4
2 4723
4
1 4725
4
1 4727
5
3
1 4730
2 4731
6
3
3
2 4735
3
2 4737
1 4738
2 4739
1 4740
3
6
5
6
3
3
5
6
1 4749
3
3
1 4752
5
6
4
1 4756
2 4757
3
3
1 4760
1 4761
5
4
4
1 4765
1 4766
1 4767
4
5
2 4770
2 4771
3
1 4773
4
2 4775
4
3
6
3
5
6
4
1 4783
3
2 4785
4
1 4787
2 4788
4
5
4
2 4792
5
4
1 4795
3
1 4797
4
2 4799
6
2 4801
4
1 4803
5
3
3
2 4807
5
4
1 4810
6
5
6
2 4814
1 4815
5
3
6
4
5
3
1 4822
3
2 4824
3
1 4826
4
2 4828
2 4829
5
4
4
1 4833
1 4834
4
3
2 4837
4
2 4839
6
5
4
2 4843
6
1 4845
6
5
3
5
3
1 4851
1 4852
3
6
1 4855
3
1 4857
3
2 4859
2 4860
4
3
6
5
4
2 4866
5
4
2 4869
4
2 4871
3
2 4873
4
1 4875
3
2 4877
1 4878
3
3
1 4881
4
1 4883
6
5
6
3
1 4888
4
1 4890
1 4891
3
5
3
2 4895
4
1 4897
1 4898
4
1 4900
3
5
6
4
2 4905
3
2 4907
4
1 4909
3
2 4911
1 4912
5
4
2 4915
3
3
1 4918
3
2 4920
3
2 4922
4
2 4924
1 4925
5
3
4
1 4929
5
2 4931
5
1 4933
4
3
4
2 4937
6
2 4939
4
2 4941
3
4
2 4944
4
2 4946
6
4
1 4949
2 4950
2 4951
4
4
4
2 4955
2 4956
6
5
4
3
2 4961
5
1 4963
6
4
3
2 4967
4
2 4969
6
4
1 4972
4
2 4974
4
2 4976
3
1 4978
6
3
2 4981
2 4982
1 4983
1 4984
3
2 4986
4
5
3
3
4
2 4992
4
1 4994
4
1 4996
3
1 4998
2 4999
6
3
3
2 5003
6
4
2 5006
6
5
2 5009
1 5010
6
5
1 5013
3
1 5015
1 5016
2 5017
2 5018
3
5
4
6
5
3
1 5025
2 5026
5
4
5
4
2 5031
4
5
3
5
6
3
1 5038
4
5
4
2 5042
1 5043
1 5044
6
3
5
4
4
2 5050
3
4
2 5053
5
4
1 5056
5
4
1 5059
6
4
2 5062
6
5
4
2 5066
3
2 5068
1 5069
6
4
5
6
4
2 5075
4
1 5077
6
4
1 5080
4
1 5082
3
1 5084
1 5085
3
1 5087
3
5
4
2 5091
2 5092
2 5093
6
5
1 5096
2 5097
4
3
4
6
3
2 5103
3
6
5
6
1 5108
6
1 5110
3
3
6
2 5114
5
3
3
1 5118
4
2 5120
5
1 5122
3
4
2 5125
4
1 5127
3
1 5129
3
2 5131
4
1 5133
5
3
2 5136
4
1 5138
4
2 5140
1 5141
3
5
4
2 5145
4
2 5147
4
2 5149
1 5150
1 5151
2 5152
3
3
3
4
1 5157
5
4
1 5160
2 5161
3
2 5163
2 5164
4
4
5
3
1 5169
2 5170
3
3
1 5173
3
2 5175
6
2 5177
4
1 5179
2 5180
4
4
1 5183
1 5184
1 5185
2 5186
6
5
4
3
1 5191
5
6
2 5194
4
1 5196
3
6
5
6
3
4
5
2 5204
6
2 5206
2 5207
2 5208
6
4
3
4
5
4
3
1 5216
4
1 5218
1 5219
1 5220
1 5221
5
3
3
3
6
5
4
6
3
2 5231
3
2 5233
3
1 5235
2 5236
4
4
1 5239
6
4
1 5242
4
2 5244
3
2 5246
3
1 5248
4
2 5250
1 5251
2 5252
1 5253
6
5
4
3
4
1 5259
3
6
3
2 5263
6
5
4
1 5267
6
4
1 5270
3
2 5272
1 5273
4
3
1 5276
5
6
5
3
1 5281
3
1 5283
1 5284
5
4
3
2 5288
1 5289
3
4
1 5292
2 5293
2 5294
1 5295
3
3
6
3
5
1 5301
5
6
5
2 5305
4
3
2 5308
3
1 5310
5
3
6
3
2 5315
6
2 5317
5
1 5319
4
1 5321
1 5322
4
6
5
4
4
5
1 5329
1 5330
2 5331
4
3
4
3
1 5336
3
2 5338
2 5339
5
6
4
6
4
2 5345
4
2 5347
3
1 5349
6
4
1 5352
2 5353
2 5354
4
3
3
1 5358
4
2 5360
3
2 5362
4
1 5364
5
3
2 5367
2 5368
3
6
4
1 5372
3
1 5374
3
1 5376
1 5377
5
4
3
1 5381
3
1 5383
4
2 5385
6
4
2 5388
4
2 5390
3
2 5392
4
2 5394
4
1 5396
4
1 5398
1 5399
4
1 5401
6
1 5403
6
2 5405
3
6
4
2 5409
4
5
1 5412
6
4
6
3
3
2 5418
6
2 5420
1 5421
5
6
1 5424
4
2 5426
1 5427
3
3
2 5430
1 5431
3
4
3
5
3
3
2 5438
3
2 5440
2 5441
4
5
6
3
1 5446
4
2 5448
3
1 5450
6
4
1 5453
3
2 5455
4
1 5457
4
1 5459
5
6
1 5462
3
1 5464
5
2 5466
6
5
1 5469
5
3
5
3
6
5
6
4
3
2 5479
3
2 5481
2 5482
4
5
3
1 5486
4
1 5488
2 5489
5
2 5491
5
3
4
1 5495
2 5496
5
1 5498
6
2 5500
3
6
4
2 5504
2 5505
4
5
2 5508
5
1 5510
2 5511
2 5512
4
5
2 5515
5
6
2 5518
2 5519
4
1 5521
1 5522
4
2 5524
2 5525
6
5
3
3
1 5530
2 5531
3
4
1 5534
6
5
3
3
4
3
5
2 5542
3
6
3
6
3
4
2 5549
5
6
2 5552
5
4
3
1 5556
5
6
3
3
1 5561
2 5562
2 5563
3
4
2 5566
3
3
6
4
1 5571
1 5572
3
3
2 5575
3
4
1 5578
3
2 5580
3
5
2 5583
6
3
3
1 5587
1 5588
3
3
2 5591
5
4
1 5594
4
2 5596
1 5597
3
5
4
2 5601
2 5602
2 5603
6
4
2 5606
4
3
4
2 5610
3
1 5612
4
2 5614
5
6
4
1 5618
3
1 5620
5
2 5622
4
4
1 5625
4
1 5627
4
1 5629
6
2 5631
5
6
4
3
1 5636
4
1 5638
4
1 5640
4
2 5642
3
2 5644
6
3
1 5647
3
2 5649
5
1 5651
4
3
2 5654
3
1 5656
6
3
1 5659
4
1 5661
5
3
1 5664
6
3
2 5667
5
6
5
3
1 5672
5
6
2 5675
5
3
5
3
1 5680
6
3
2 5683
1 5684
3
1 5686
4
3
1 5689
2 5690
4
6
4
2 5694
6
3
2 5697
3
2 5699
1 5700
5
6
4
3
2 5705
6
3
2 5708
3
2 5710
4
2 5712
3
2 5714
2 5715
4
3
2 5718
3
1 5720
1 5721
3
1 5723
3
2 5725
3
3
1 5728
4
2 5730
5
6
1 5733
4
2 5735
3
3
1 5738
1 5739
3
4
2 5742
4
2 5744
2 5745
2 5746
4
3
3
1 5750
3
1 5752
6
4
1 5755
2 5756
3
3
1 5759
4
1 5761
5
6
3
2 5765
1 5766
6
5
4
6
3
2 5772
1 5773
4
2 5775
5
3
3
2 5779
3
1 5781
6
3
2 5784
3
2 5786
4
1 5788
3
1 5790
2 5791
5
6
3
4
1 5796
1 5797
1 5798
2 5799
3
1 5801
5
6
4
5
1 5806
2 5807
5
6
3
3
5
6
3
4
1 5816
3
1 5818
2 5819
5
3
6
4
1 5824
4
1 5826
3
3
1 5829
2 5830
4
5
2 5833
1 5834
1 5835
4
3
1 5838
3
3
4
2 5842
4
2 5844
4
1 5846
3
2 5848
5
4
1 5851
2 5852
3
5
1 5855
4
2 5857
6
4
3
1 5861
6
3
1 5864
1 5865
6
5
3
4
2 5870
3
2 5872
4
1 5874
4
1 5876
4
2 5878
4
1 5880
1 5881
3
1 5883
4
6
2 5886
6
3
4
2 5890
4
1 5892
3
2 5894
1 5895
4
4
2 5898
2 5899
4
4
2 5902
4
2 5904
3
2 5906
2 5907
6
1 5909
2 5910
1 5911
6
1 5913
1 5914
3
6
4
3
4
3
6
4
3
1 5924
4
2 5926
1 5927
4
3
2 5930
4
2 5932
1 5933
1 5934
2 5935
3
4
3
3
1 5940
1 5941
1 5942
3
4
4
2 5946
1 5947
1 5948
4
3
3
1 5952
3
1 5954
2 5955
3
4
2 5958
2 5959
6
1 5961
2 5962
4
6
3
3
5
6
5
4
2 5971
4
1 5973
2 5974
4
5
3
2 5978
6
5
6
2 5982
1 5983
6
5
2 5986
2 5987
3
3
6
2 5991
4
4
4
1 5995
6
4
4
2 5999
4
2 6001
3
1 6003
4
1 6005
6
4
1 6008
4
2 6010
2 6011
2 6012
3
4
1 6015
5
3
4
2 6019
4
2 6021
3
2 6023
6
4
2 6026
4
1 6028
4
2 6030
1 6031
3
4
2 6034
2 6035
3
2 6037
4
5
6
2 6041
3
3
2 6044
4
1 6046
3
2 6048
3
1 6050
3
1 6052
1 6053
6
3
4
1 6057
3
1 6059
5
4
1 6062
2 6063
5
1 6065
4
1 6067
2 6068
4
4
2 6071
1 6072
6
4
2 6075
6
5
4
1 6079
4
3
6
2 6083
4
3
2 6086
6
4
1 6089
1 6090
3
3
1 6093
4
3
1 6096
5
6
2 6099
6
5
6
1 6103
3
3
1 6106
4
4
1 6109
4
2 6111
3
2 6113
1 6114
6
2 6116
4
1 6118
2 6119
5
6
1 6122
2 6123
4
3
3
5
3
4
1 6130
3
1 6132
4
6
4
2 6136
2 6137
4
3
1 6140
2 6141
2 6142
3
3
4
1 6146
1 6147
3
5
4
2 6151
3
1 6153
4
2 6155
3
2 6157
2 6158
3
4
1 6161
5
1 6163
3
1 6165
3
3
2 6168
5
4
1 6171
3
2 6173
5
4
2 6176
2 6177
6
1 6179
6
3
5
1 6183
6
3
4
1 6187
6
3
1 6190
3
3
1 6193
4
2 6195
1 6196
1 6197
6
4
2 6200
3
4
6
2 6204
5
1 6206
5
6
2 6209
3
3
3
3
2 6214
3
2 6216
3
1 6218
4
2 6220
1 6221
3
2 6223
1 6224
1 6225
6
5
2 6228
6
3
5
4
2 6233
6
4
5
4
5
3
4
2 6241
4
1 6243
5
6
3
1 6247
5
6
4
2 6251
6
4
1 6254
1 6255
5
1 6257
3
3
6
5
1 6262
2 6263
3
4
2 6266
4
4
2 6269
2 6270
4
4
1 6273
3
1 6275
4
1 6277
5
6
3
1 6281
5
4
1 6284
4
2 6286
4
1 6288
2 6289
4
4
2 6292
2 6293
1 6294
6
3
3
3
1 6299
1 6300
5
6
2 6303
6
4
3
1 6307
4
2 6309
3
1 6311
4
4
1 6314
2 6315
4
6
4
1 6319
6
3
1 6322
2 6323
3
1 6325
5
4
3
1 6329
4
2 6331
5
3
1 6334
5
6
4
2 6338
5
6
4
1 6342
6
1 6344
2 6345
4
5
2 6348
1 6349
3
3
2 6352
3
3
5
3
1 6357
3
2 6359
6
1 6361
3
5
1 6364
3
6
2 6367
3
4
2 6370
1 6371
1 6372
1 6373
4
4
6
4
2 6378
2 6379
5
3
3
4
2 6384
3
2 6386
2 6387
4
3
2 6390
4
2 6392
5
4
1 6395
6
5
6
3
1 6400
3
2 6402
3
1 6404
2 6405
6
3
6
1 6409
1 6410
4
3
3
1 6414
3
1 6416
5
2 6418
4
4
1 6421
4
1 6423
2 6424
3
3
2 6427
2 6428
3
3
2 6431
3
1 6433
4
1 6435
3
1 6437
2 6438
3
5
3
1 6442
6
3
1 6445
4
2 6447
1 6448
3
5
6
4
2 6453
3
1 6455
3
1 6457
6
1 6459
2 6460
3
6
1 6463
5
2 6465
3
3
6
2 6469
1 6470
3
4
6
5
3
3
2 6477
2 6478
3
1 6480
2 6481
1 6482
2 6483
5
6
3
3
6
4
3
4
2 6492
3
1 6494
4
1 6496
6
2 6498
4
5
2 6501
5
2 6503
6
4
4
5
6
3
1 6510
3
2 6512
1 6513
3
4
1 6516
4
2 6518
4
2 6520
1 6521
2 6522
3
3
1 6525
4
3
1 6528
3
2 6530
3
2 6532
1 6533
3
2 6535
2 6536
2 6537
3
3
6
3
1 6542
5
6
5
6
2 6547
1 6548
3
6
2 6551
4
6
4
6
3
2 6557
4
3
1 6560
5
1 6562
4
4
2 6565
6
2 6567
3
4
1 6570
3
1 6572
2 6573
1 6574
3
6
2 6577
5
6
1 6580
3
4
6
4
3
2 6586
6
5
1 6589
6
5
3
2 6593
2 6594
3
6
5
4
6
4
2 6601
3
1 6603
1 6604
4
3
2 6607
4
1 6609
3
1 6611
3
2 6613
3
2 6615
3
1 6617
1 6618
3
3
1 6621
5
3
1 6624
4
1 6626
6
3
2 6629
1 6630
3
1 6632
3
4
1 6635
2 6636
2 6637
6
4
3
3
2 6642
1 6643
2 6644
3
4
6
4
2 6649
2 6650
4
4
1 6653
4
2 6655
5
6
3
1 6659
5
6
5
6
3
2 6665
2 6666
4
3
1 6669
2 6670
4
1 6672
3
5
1 6675
2 6676
4
6
4
4
2 6681
6
3
1 6684
2 6685
3
1 6687
4
6
1 6690
3
2 6692
2 6693
6
2 6695
5
4
1 6698
4
5
6
5
2 6703
3
3
4
2 6707
6
1 6709
5
3
4
3
1 6714
1 6715
3
3
2 6718
3
2 6720
3
2 6722
5
1 6724
2 6725
6
4
6
4
4
1 6731
5
4
1 6734
5
3
2 6737
6
5
1 6740
4
2 6742
4
2 6744
3
3
1 6747
3
2 6749
4
1 6751
3
2 6753
6
2 6755
1 6756
4
6
1 6759
4
3
5
6
3
2 6765
4
2 6767
2 6768
4
4
2 6771
4
1 6773
4
2 6775
2 6776
3
3
1 6779
4
1 6781
5
4
1 6784
3
1 6786
3
1 6788
1 6789
1 6790
3
2 6792
6
5
4
4
3
2 6798
6
4
2 6801
3
2 6803
2 6804
4
6
4
1 6808
3
1 6810
5
6
4
2 6814
3
1 6816
6
3
1 6819
2 6820
6
3
3
2 6824
1 6825
5
3
5
3
1 6830
6
3
1 6833
1 6834
1 6835
1 6836
5
6
4
4
2 6841
6
1 6843
2 6844
4
2 6846
4
3
3
3
6
3
1 6853
4
2 6855
3
1 6857
3
1 6859
3
1 6861
2 6862
1 6863
1 6864
1 6865
1 6866
2 6867
5
4
6
4
4
4
4
5
3
6
4
1 6879
4
2 6881
4
2 6883
6
3
2 6886
1 6887
2 6888
3
4
3
1 6892
3
1 6894
5
4
1 6897
4
1 6899
4
1 6901
5
6
5
4
1 6906
5
3
2 6909
6
2 6911
3
1 6913
5
4
4
2 6917
4
1 6919
5
4
1 6922
3
1 6924
1 6925
3
3
2 6928
6
3
2 6931
4
2 6933
3
1 6935
4
1 6937
2 6938
4
4
2 6941
1 6942
4
4
1 6945
1 6946
3
5
4
1 6950
3
1 6952
2 6953
5
6
2 6956
1 6957
6
4
4
3
1 6962
4
2 6964
2 6965
4
4
2 6968
4
3
2 6971
4
2 6973
4
2 6975
4
2 6977
4
1 6979
4
1 6981
5
1 6983
5
6
5
2 6987
5
3
5
1 6991
5
2 6993
4
1 6995
4
4
1 6998
2 6999
4
2 7001
4
1 7003
3
6
3
1 7007
5
4
5
6
4
4
2 7014
1 7015
3
4
1 7018
4
2 7020
3
1 7022
3
1 7024
4
1 7026
1 7027
3
2 7029
3
3
1 7032
3
2 7034
5
2 7036
2 7037
2 7038
2 7039
5
3
4
2 7043
4
5
6
5
4
4
6
4
1 7052
1 7053
5
2 7055
2 7056
3
2 7058
3
4
2 7061
6
4
2 7064
5
1 7066
5
4
4
3
3
1 7072
2 7073
4
6
5
2 7077
1 7078
4
1 7080
4
3
4
1 7084
6
3
2 7087
6
2 7089
3
6
2 7092
4
4
2 7095
2 7096
5
6
3
1 7100
4
4
1 7103
4
2 7105
4
1 7107
2 7108
4
3
1 7111
6
4
1 7114
3
2 7116
4
2 7118
6
4
2 7121
3
2 7123
4
2 7125
2 7126
6
3
3
2 7130
2 7131
5
3
2 7134
4
4
2 7137
3
1 7139
2 7140
5
4
3
2 7144
4
2 7146
1 7147
5
3
1 7150
4
3
1 7153
3
1 7155
4
1 7157
3
2 7159
3
1 7161
3
2 7163
1 7164
4
6
3
2 7168
2 7169
4
4
1 7172
3
2 7174
5
4
2 7177
1 7178
2 7179
6
3
6
1 7183
5
6
5
2 7187
4
3
3
6
5
6
5
3
2 7196
6
1 7198
3
4
2 7201
2 7202
2 7203
5
2 7205
3
4
5
6
4
2 7211
2 7212
4
2 7214
3
4
3
1 7218
6
4
1 7221
1 7222
1 7223
3
6
5
2 7227
1 7228
3
5
3
3
3
2 7234
4
1 7236
3
1 7238
3
1 7240
4
1 7242
1 7243
1 7244
2 7245
4
1 7247
3
6
4
4
3
2 7253
1 7254
5
2 7256
4
1 7258
4
3
3
1 7262
3
2 7264
3
2 7266
6
1 7268
5
3
1 7271
2 7272
4
2 7274
2 7275
4
6
3
1 7279
4
6
2 7282
4
2 7284
4
3
6
3
1 7289
5
2 7291
4
2 7293
6
2 7295
4
3
1 7298
3
4
1 7301
1 7302
4
1 7304
5
3
3
1 7308
5
6
2 7311
3
4
2 7314
3
2 7316
6
1 7318
1 7319
6
3
4
4
2 7324
3
2 7326
3
1 7328
4
2 7330
3
2 7332
2 7333
3
6
3
2 7337
6
5
6
4
1 7342
1 7343
1 7344
1 7345
4
3
3
3
1 7350
1 7351
4
2 7353
3
4
1 7356
5
6
5
6
4
1 7362
4
1 7364
3
2 7366
3
2 7368
1 7369
6
1 7371
1 7372
2 7373
4
3
1 7376
4
3
6
3
3
2 7382
4
1 7384
4
1 7386
1 7387
5
6
4
4
1 7392
3
1 7394
4
1 7396
3
2 7398
5
1 7400
6
4
4
2 7404
3
2 7406
4
2 7408
4
2 7410
3
1 7412
6
5
4
1 7416
3
1 7418
4
1 7420
4
2 7422
2 7423
2 7424
5
3
1 7427
4
1 7429
3
4
4
2 7433
3
2 7435
1 7436
6
2 7438
5
6
4
6
5
4
3
2 7446
1 7447
6
3
2 7450
2 7451
3
4
4
2 7455
4
1 7457
6
4
1 7460
3
1 7462
6
5
2 7465
4
5
2 7468
4
6
3
1 7472
1 7473
6
2 7475
3
5
1 7478
1 7479
6
4
1 7482
1 7483
2 7484
6
5
4
5
4
3
1 7491
4
1 7493
6
4
1 7496
2 7497
3
4
6
1 7501
2 7502
4
3
1 7505
2 7506
4
1 7508
3
2 7510
4
4
6
4
1 7515
4
3
4
1 7519
4
1 7521
4
2 7523
2 7524
4
4
2 7527
1 7528
3
3
1 7531
6
3
2 7534
3
1 7536
4
1 7538
4
1 7540
4
2 7542
2 7543
2 7544
3
2 7546
4
1 7548
5
4
4
5
6
4
2 7555
4
2 7557
5
3
1 7560
5
2 7562
5
3
4
1 7566
2 7567
2 7568
3
4
6
3
1 7573
5
4
2 7576
4
1 7578
5
4
2 7581
3
1 7583
3
2 7585
3
1 7587
2 7588
4
3
2 7591
5
6
1 7594
4
3
2 7597
1 7598
2 7599
4
4
5
3
1 7604
5
1 7606
4
1 7608
6
4
3
2 7612
1 7613
5
3
4
1 7617
4
1 7619
4
2 7621
5
4
2 7624
6
5
6
3
1 7629
4
1 7631
3
1 7633
5
6
3
1 7637
3
1 7639
4
2 7641
3
2 7643
4
1 7645
1 7646
3
6
4
1 7650
6
1 7652
3
5
3
1 7656
1 7657
1 7658
6
5
6
4
1 7663
1 7664
1 7665
2 7666
6
2 7668
3
5
3
6
5
1 7674
5
6
3
5
1 7679
5
2 7681
5
4
1 7684
6
4
6
4
3
4
4
4
2 7693
6
3
4
1 7697
3
1 7699
5
6
2 7702
2 7703
5
3
5
3
3
2 7709
3
1 7711
3
1 7713
2 7714
4
3
1 7717
5
6
5
6
3
1 7723
4
1 7725
2 7726
3
1 7728
3
4
2 7731
6
3
1 7734
1 7735
4
3
2 7738
5
4
1 7741
4
1 7743
4
2 7745
4
2 7747
4
2 7749
3
1 7751
3
1 7753
3
1 7755
4
2 7757
3
1 7759
1 7760
3
1 7762
2 7763
1 7764
1 7765
1 7766
4
3
4
3
2 7771
3
1 7773
6
5
4
2 7777
3
4
3
1 7781
1 7782
5
6
5
6
1 7787
6
2 7789
5
4
1 7792
4
4
4
6
3
1 7798
4
2 7800
3
2 7802
3
2 7804
3
1 7806
6
4
1 7809
4
2 7811
6
4
1 7814
2 7815
2 7816
6
3
2 7819
4
4
5
6
5
6
3
2 7827
6
2 7829
3
5
3
1 7833
6
3
1 7836
5
6
4
1 7840
3
1 7842
2 7843
1 7844
2 7845
3
1 7847
6
4
2 7850
4
2 7852
5
4
1 7855
4
6
4
3
3
2 7861
4
2 7863
6
4
2 7866
3
1 7868
4
1 7870
4
2 7872
6
1 7874
4
3
2 7877
4
1 7879
3
1 7881
6
1 7883
1 7884
4
6
2 7887
1 7888
3
3
3
1 7892
4
2 7894
4
3
2 7897
4
2 7899
3
1 7901
4
1 7903
1 7904
4
2 7906
3
5
1 7909
3
4
2 7912
5
4
2 7915
4
2 7917
3
1 7919
1 7920
5
6
3
6
4
1 7926
6
3
1 7929
2 7930
3
4
1 7933
4
2 7935
5
4
2 7938
5
3
2 7941
3
1 7943
3
1 7945
4
1 7947
3
1 7949
1 7950
3
6
1 7953
5
4
5
3
1 7958
3
1 7960
3
1 7962
3
2 7964
6
4
1 7967
1 7968
2 7969
3
3
4
1 7973
4
2 7975
3
2 7977
3
2 7979
2 7980
4
4
1 7983
5
2 7985
4
2 7987
5
6
5
4
6
5
4
1 7995
5
1 7997
3
4
1 8000
6
5
3
2 8004
4
1 8006
5
6
5
1 8010
3
1 8012
5
1 8014
3
3
1 8017
3
3
2 8020
3
2 8022
3
1 8024
5
2 8026
3
2 8028
2 8029
4
4
4
2 8033
2 8034
3
3
1 8037
3
1 8039
2 8040
4
4
1 8043
4
2 8045
1 8046
4
6
2 8049
4
3
1 8052
1 8053
3
5
6
3
1 8058
1 8059
3
2 8061
4
4
1 8064
3
2 8066
3
1 8068
1 8069
3
4
1 8072
6
2 8074
2 8075
5
6
5
3
1 8080
3
1 8082
6
4
4
2 8086
1 8087
5
1 8089
3
1 8091
4
4
5
6
2 8096
3
5
2 8099
2 8100
6
5
6
5
4
4
1 8107
3
2 8109
4
4
4
1 8113
5
6
2 8116
4
3
2 8119
4
1 8121
3
2 8123
3
1 8125
2 8126
4
5
1 8129
6
4
1 8132
2 8133
3
4
2 8136
1 8137
1 8138
4
1 8140
1 8141
6
3
4
3
6
2 8147
3
4
6
4
1 8152
3
1 8154
4
2 8156
3
1 8158
3
2 8160
3
1 8162
4
1 8164
3
1 8166
3
1 8168
6
4
1 8171
2 8172
3
6
5
4
2 8177
1 8178
4
4
2 8181
1 8182
6
1 8184
4
3
4
2 8188
4
1 8190
4
2 8192
1 8193
1 8194
4
3
5
1 8198
4
3
1 8201
4
1 8203
4
2 8205
1 8206
5
4
4
2 8210
1 8211
3
6
3
2 8215
1 8216
4
4
1 8219
3
1 8221
5
3
1 8224
3
2 8226
5
6
5
6
1 8231
6
4
3
1 8235
3
2 8237
3
1 8239
4
2 8241
1 8242
4
3
1 8245
2 8246
1 8247
2 8248
1 8249
4
4
5
3
6
5
6
3
4
1 8259
3
2 8261
4
1 8263
1 8264
6
2 8266
4
3
3
2 8270
5
6
5
6
5
3
2 8277
5
1 8279
1 8280
3
3
4
1 8284
5
6
5
1 8288
1 8289
3
5
3
4
2 8294
2 8295
4
4
1 8298
2 8299
1 8300
5
6
2 8303
4
5
6
1 8307
3
4
3
2 8311
6
5
2 8314
1 8315
2 8316
3
5
4
4
5
2 8322
5
3
5
6
3
3
1 8329
2 8330
1 8331
3
4
3
1 8335
4
1 8337
3
2 8339
3
2 8341
2 8342
4
4
2 8345
6
5
1 8348
2 8349
3
2 8351
5
4
3
2 8355
5
3
2 8358
4
6
4
1 8362
1 8363
4
6
3
1 8367
6
5
1 8370
3
3
2 8373
2 8374
5
6
3
4
2 8379
1 8380
6
5
3
3
2 8385
4
2 8387
3
1 8389
5
6
4
1 8393
3
1 8395
5
1 8397
2 8398
1 8399
4
6
4
1 8403
3
5
3
2 8407
3
4
1 8410
2 8411
4
4
2 8414
3
2 8416
3
1 8418
2 8419
3
2 8421
1 8422
3
3
1 8425
4
5
3
1 8429
1 8430
5
2 8432
5
6
3
6
4
1 8438
4
4
2 8441
3
2 8443
5
6
5
2 8447
3
4
1 8450
1 8451
3
4
1 8454
5
6
5
6
4
2 8460
2 8461
3
6
3
1 8465
2 8466
3
4
2 8469
4
2 8471
4
1 8473
3
2 8475
6
4
2 8478
4
1 8480
4
1 8482
6
5
3
2 8486
3
2 8488
6
3
1 8491
5
1 8493
5
2 8495
1 8496
3
3
5
6
5
1 8502
3
4
3
1 8506
5
3
2 8509
4
2 8511
3
1 8513
1 8514
4
1 8516
3
4
1 8519
3
2 8521
5
4
1 8524
2 8525
2 8526
4
4
4
1 8530
3
2 8532
3
2 8534
4
2 8536
3
2 8538
2 8539
5
3
6
4
1 8544
3
2 8546
6
3
1 8549
3
2 8551
3
2 8553
3
1 8555
4
1 8557
5
2 8559
6
5
3
3
1 8564
4
1 8566
5
4
1 8569
4
1 8571
4
1 8573
5
4
1 8576
4
1 8578
3
2 8580
4
1 8582
1 8583
3
3
2 8586
3
1 8588
4
1 8590
3
1 8592
6
4
1 8595
2 8596
2 8597
4
4
6
3
1 8602
5
1 8604
4
4
1 8607
4
1 8609
1 8610
5
6
3
2 8614
4
2 8616
3
3
2 8619
1 8620
2 8621
4
2 8623
5
2 8625
3
6
4
5
4
1 8631
5
4
3
2 8635
2 8636
3
6
3
1 8640
2 8641
3
1 8643
3
3
1 8646
6
2 8648
2 8649
4
3
3
2 8653
1 8654
4
2 8656
5
6
4
4
1 8661
2 8662
4
4
1 8665
3
2 8667
1 8668
3
4
1 8671
4
1 8673
4
1 8675
4
2 8677
5
6
1 8680
4
6
5
4
2 8685
1 8686
4
3
2 8689
2 8690
2 8691
6
5
4
6
2 8696
1 8697
3
6
5
2 8701
4
6
3
4
2 8706
1 8707
5
6
3
4
2 8712
4
5
4
2 8716
1 8717
4
3
1 8720
5
3
1 8723
3
1 8725
4
2 8727
4
1 8729
1 8730
1 8731
4
3
5
1 8735
1 8736
2 8737
5
1 8739
3
6
5
3
6
3
3
1 8747
5
6
5
6
4
2 8753
3
6
2 8756
3
4
2 8759
1 8760
6
2 8762
5
3
3
2 8766
6
1 8768
4
4
5
6
4
2 8774
2 8775
4
5
6
3
1 8780
6
3
1 8783
5
1 8785
4
4
2 8788
4
2 8790
4
2 8792
3
2 8794
1 8795
6
1 8797
3
1 8799
3
5
4
2 8803
3
3
1 8806
6
5
1 8809
3
5
6
5
6
4
1 8816
4
1 8818
4
2 8820
3
2 8822
5
2 8824
3
1 8826
4
1 8828
4
4
2 8831
2 8832
3
3
1 8835
3
2 8837
3
1 8839
4
2 8841
3
2 8843
1 8844
2 8845
2 8846
4
4
1 8849
1 8850
5
6
4
1 8854
1 8855
1 8856
5
3
3
3
1 8861
1 8862
2 8863
4
1 8865
2 8866
4
3
5
4
3
6
1 8873
4
2 8875
1 8876
4
3
4
4
6
5
6
3
1 8885
2 8886
2 8887
6
2 8889
1 8890
5
3
4
6
4
6
5
3
3
1 8900
4
2 8902
4
1 8904
2 8905
4
4
2 8908
5
6
3
1 8912
4
1 8914
2 8915
1 8916
2 8917
1 8918
5
4
6
2 8922
6
4
1 8925
6
4
1 8928
1 8929
3
4
6
1 8933
3
4
3
4
6
3
2 8940
6
4
1 8943
4
2 8945
5
1 8947
4
4
1 8950
3
1 8952
3
1 8954
3
2 8956
2 8957
4
2 8959
2 8960
2 8961
1 8962
5
1 8964
3
4
2 8967
2 8968
2 8969
3
4
2 8972
4
1 8974
4
6
2 8977
3
4
5
3
3
3
5
6
5
1 8987
4
6
5
4
2 8992
3
2 8994
3
2 8996
2 8997
3
4
2 9000
4
2 9002
3
1 9004
4
1 9006
3
1 9008
4
1 9010
3
2 9012
2 9013
4
1 9015
5
1 9017
5
1 9019
2 9020
3
4
2 9023
1 9024
5
6
2 9027
4
6
3
3
4
5
4
4
1 9036
1 9037
1 9038
1 9039
4
6
5
3
3
2 9045
5
6
5
3
2 9050
3
1 9052
4
5
4
1 9056
1 9057
3
3
1 9060
5
3
2 9063
6
2 9065
5
6
3
2 9069
5
6
2 9072
1 9073
5
3
5
2 9077
6
4
6
4
1 9082
2 9083
5
6
3
2 9087
5
3
1 9090
6
3
3
3
4
1 9096
6
3
2 9099
4
1 9101
3
2 9103
6
4
1 9106
5
3
1 9109
4
1 9111
4
2 9113
5
1 9115
3
6
2 9118
5
6
3
2 9122
1 9123
3
1 9125
5
3
5
4
3
2 9131
6
1 9133
4
6
3
2 9137
4
1 9139
4
2 9141
4
1 9143
3
1 9145
2 9146
3
4
1 9149
1 9150
4
3
2 9153
4
1 9155
3
2 9157
1 9158
4
3
2 9161
4
2 9163
3
2 9165
1 9166
5
1 9168
4
1 9170
4
2 9172
6
4
6
3
3
2 9178
3
1 9180
1 9181
5
6
4
4
2 9186
5
2 9188
3
3
1 9191
5
4
2 9194
1 9195
2 9196
3
4
6
2 9200
3
1 9202
3
4
2 9205
6
4
1 9208
3
2 9210
2 9211
1 9212
6
3
3
4
2 9217
2 9218
4
1 9220
2 9221
3
6
1 9224
4
2 9226
5
6
5
6
1 9231
4
3
4
2 9235
2 9236
3
2 9238
3
3
3
2 9242
3
2 9244
3
2 9246
6
4
2 9249
4
1 9251
4
2 9253
3
1 9255
4
1 9257
1 9258
3
3
2 9261
3
2 9263
4
2 9265
3
2 9267
3
2 9269
2 9270
4
4
1 9273
4
1 9275
2 9276
3
5
3
2 9280
4
1 9282
4
2 9284
1 9285
4
3
2 9288
1 9289
6
4
3
2 9293
4
2 9295
3
1 9297
3
1 9299
3
2 9301
6
1 9303
3
1 9305
3
3
1 9308
3
2 9310
5
1 9312
6
3
2 9315
2 9316
4
4
5
1 9320
6
5
2 9323
4
4
6
4
2 9328
4
2 9330
3
2 9332
3
2 9334
6
1 9336
3
2 9338
3
4
1 9341
4
1 9343
1 9344
3
5
4
1 9348
4
2 9350
4
1 9352
6
5
2 9355
2 9356
5
3
3
3
1 9361
4
2 9363
5
4
2 9366
3
1 9368
5
4
2 9371
1 9372
6
5
6
2 9376
1 9377
6
3
6
4
3
3
1 9384
6
4
2 9387
1 9388
6
4
4
2 9392
4
1 9394
3
1 9396
4
2 9398
4
1 9400
4
1 9402
3
1 9404
5
2 9406
6
2 9408
4
3
2 9411
6
3
4
1 9415
6
5
4
1 9419
4
2 9421
1 9422
4
3
2 9425
5
4
2 9428
1 9429
2 9430
4
4
1 9433
6
1 9435
3
5
6
3
4
2 9441
4
2 9443
2 9444
4
3
2 9447
3
1 9449
2 9450
4
4
1 9453
3
2 9455
3
2 9457
4
1 9459
5
1 9461
3
1 9463
3
1 9465
3
4
2 9468
4
1 9470
1 9471
2 9472
3
3
6
4
2 9477
3
1 9479
3
1 9481
4
2 9483
5
4
1 9486
1 9487
4
6
5
4
1 9492
4
2 9494
4
1 9496
3
2 9498
1 9499
4
5
4
2 9503
4
1 9505
4
1 9507
3
1 9509
1 9510
6
2 9512
4
3
4
1 9516
4
2 9518
2 9519
3
6
4
1 9523
3
2 9525
5
3
2 9528
5
1 9530
4
4
1 9533
1 9534
3
5
3
2 9538
4
2 9540
3
1 9542
3
2 9544
3
1 9546
6
5
6
3
1 9551
2 9552
2 9553
2 9554
4
2 9556
5
4
3
1 9560
3
2 9562
1 9563
3
4
5
6
1 9568
4
4
3
2 9572
3
2 9574
3
1 9576
4
1 9578
6
1 9580
2 9581
3
5
1 9584
6
5
6
3
5
6
4
3
1 9593
1 9594
2 9595
4
4
5
6
3
2 9601
3
2 9603
5
2 9605
4
5
2 9608
2 9609
1 9610
4
6
3
4
2 9615
5
2 9617
5
6
3
4
6
3
2 9624
4
2 9626
2 9627
4
4
1 9630
2 9631
1 9632
3
5
4
4
1 9637
3
2 9639
4
1 9641
5
1 9643
2 9644
3
3
4
2 9648
3
2 9650
4
1 9652
1 9653
6
2 9655
2 9656
3
3
3
2 9660
5
6
5
4
3
2 9666
1 9667
3
6
3
2 9671
3
1 9673
2 9674
3
3
2 9677
6
4
2 9680
4
1 9682
2 9683
1 9684
1 9685
6
2 9687
2 9688
3
1 9690
6
4
4
2 9694
5
4
1 9697
6
3
2 9700
4
6
4
3
4
3
1 9707
5
6
3
1 9711
5
4
2 9714
1 9715
1 9716
1 9717
4
3
1 9720
5
4
5
3
1 9725
5
6
1 9728
4
4
3
2 9732
5
4
2 9735
6
1 9737
2 9738
3
3
4
2 9742
4
1 9744
5
3
2 9747
3
1 9749
4
2 9751
6
4
1 9754
3
1 9756
6
3
2 9759
1 9760
1 9761
4
5
1 9764
4
3
5
6
1 9769
6
5
1 9772
6
4
5
4
5
2 9778
1 9779
3
2 9781
4
3
2 9784
1 9785
6
5
6
3
6
3
1 9792
4
3
2 9795
3
1 9797
4
2 9799
2 9800
6
3
5
3
2 9805
6
5
6
2 9809
1 9810
5
6
5
4
3
4
1 9817
4
2 9819
4
1 9821
4
1 9823
6
3
1 9826
6
3
1 9829
3
2 9831
4
2 9833
2 9834
4
3
2 9837
6
1 9839
5
2 9841
4
4
4
1 9845
4
1 9847
3
1 9849
1 9850
1 9851
5
4
3
1 9855
4
5
3
1 9859
5
6
5
4
1 9864
6
5
4
1 9868
5
3
1 9871
4
2 9873
2 9874
4
3
2 9877
4
2 9879
4
1 9881
4
2 9883
3
1 9885
2 9886
4
2 9888
3
5
2 9891
3
4
2 9894
3
2 9896
6
3
2 9899
6
5
3
2 9903
6
3
1 9906
4
2 9908
1 9909
4
4
2 9912
4
1 9914
4
2 9916
3
2 9918
1 9919
3
4
1 9922
1 9923
5
4
3
1 9927
2 9928
3
2 9930
4
2 9932
1 9933
2 9934
6
3
4
4
5
6
2 9941
3
4
2 9944
1 9945
3
3
2 9948
3
1 9950
5
6
3
1 9954
4
2 9956
3
2 9958
4
1 9960
6
3
1 9963
6
4
2 9966
4
1 9968
5
3
1 9971
3
2 9973
4
2 9975
1 9976
2 9977
3
2 9979
3
1 9981
4
6
5
4
5
2 9987
6
3
6
2 9991
1 9992
3
3
5
4
2 9997
4
2 9999
1 10000
3
3
2 10003
3
2 10005
4
2 10007
2 10008
4
3
2 10011
3
2 10013
1 10014
3
2 10016
3
6
5
2 10020
4
3
1 10023
4
1 10025
3
2 10027
3
2 10029
4
1 10031
3
2 10033
1 10034
3
3
1 10037
3
2 10039
6
5
2 10042
3
5
6
5
3
2 10048
4
1 10050
4
2 10052
3
1 10054
6
1 10056
6
5
4
1 10060
1 10061
5
2 10063
3
4
2 10066
5
3
4
3
2 10071
3
1 10073
4
1 10075
4
1 10077
4
1 10079
1 10080
4
5
4
2 10084
3
1 10086
6
5
6
4
2 10091
3
1 10093
5
3
1 10096
4
1 10098
4
1 10100
1 10101
6
2 10103
3
2 10105
2 10106
2 10107
4
2 10109
6
1 10111
2 10112
3
1 10114
6
1 10116
4
4
6
5
4
5
3
3
4
6
3
2 10128
4
1 10130
5
1 10132
6
1 10134
4
5
4
4
3
2 10140
2 10141
4
5
3
1 10145
4
1 10147
1 10148
3
6
5
4
1 10153
1 10154
3
3
2 10157
6
1 10159
4
3
1 10162
4
2 10164
3
1 10166
6
4
1 10169
4
1 10171
3
1 10173
4
2 10175
2 10176
1 10177
3
1 10179
4
4
1 10182
4
6
3
1 10186
4
1 10188
6
2 10190
3
4
1 10193
5
3
1 10196
1 10197
4
4
2 10200
4
2 10202
2 10203
2 10204
2 10205
3
5
6
4
2 10210
1 10211
3
4
5
2 10215
3
2 10217
1 10218
4
1 10220
2 10221
4
3
3
6
3
4
2 10228
4
1 10230
4
2 10232
4
2 10234
2 10235
6
3
1 10238
3
6
4
2 10242
3
1 10244
6
4
2 10247
4
2 10249
4
2 10251
6
2 10253
3
2 10255
5
6
4
3
2 10260
1 10261
6
1 10263
1 10264
4
1 10266
4
4
5
1 10270
3
3
1 10273
6
5
2 10276
1 10277
2 10278
4
4
6
4
2 10283
4
6
5
3
3
2 10289
3
1 10291
2 10292
4
6
5
2 10296
4
2 10298
5
3
6
1 10302
5
3
3
1 10306
4
2 10308
3
2 10310
1 10311
4
4
1 10314
4
2 10316
2 10317
5
3
4
2 10321
6
4
2 10324
3
1 10326
4
1 10328
3
2 10330
3
1 10332
1 10333
4
3
2 10336
4
2 10338
3
1 10340
4
1 10342
6
5
2 10345
4
3
1 10348
2 10349
5
1 10351
5
4
6
2 10355
1 10356
6
4
4
6
3
2 10362
2 10363
6
5
6
4
1 10368
3
4
2 10371
3
6
5
4
1 10376
1 10377
4
5
6
4
1 10382
6
1 10384
3
3
2 10387
1 10388
5
3
4
2 10392
3
2 10394
4
1 10396
6
4
1 10399
5
4
1 10402
3
2 10404
6
3
2 10407
2 10408
3
2 10410
1 10411
3
2 10413
4
6
5
3
3
1 10419
5
1 10421
1 10422
3
3
1 10425
4
3
1 10428
6
5
3
1 10432
2 10433
6
3
4
2 10437
3
1 10439
1 10440
2 10441
3
3
6
3
1 10446
5
4
2 10449
3
1 10451
1 10452
4
4
2 10455
4
1 10457
1 10458
4
1 10460
3
5
1 10463
6
3
2 10466
3
5
4
2 10470
4
2 10472
3
2 10474
4
2 10476
1 10477
2 10478
4
2 10480
3
2 10482
4
5
4
5
4
2 10488
4
1 10490
1 10491
4
5
1 10494
5
4
1 10497
3
3
1 10500
5
2 10502
3
1 10504
2 10505
2 10506
2 10507
4
1 10509
3
2 10511
5
2 10513
5
4
6
4
6
3
3
4
2 10522
1 10523
3
4
1 10526
5
1 10528
3
4
6
3
1 10533
5
1 10535
4
4
2 10538
1 10539
1 10540
2 10541
4
5
4
2 10545
3
3
2 10548
6
5
3
4
2 10553
1 10554
1 10555
3
2 10557
5
4
1 10560
6
2 10562
3
3
2 10565
6
3
2 10568
3
6
1 10571
1 10572
5
3
5
6
1 10577
5
6
3
2 10581
5
2 10583
3
5
3
4
3
3
1 10590
4
2 10592
4
2 10594
4
1 10596
3
2 10598
1 10599
1 10600
2 10601
6
4
3
4
4
1 10607
4
1 10609
4
1 10611
3
2 10613
4
1 10615
6
4
1 10618
2 10619
6
4
2 10622
6
5
2 10625
2 10626
1 10627
6
4
5
1 10631
3
3
3
1 10635
5
1 10637
4
2 10639
2 10640
4
5
2 10643
4
3
4
4
2 10648
6
5
4
1 10652
6
3
3
1 10656
2 10657
3
1 10659
4
6
5
3
2 10664
3
1 10666
6
5
4
2 10670
4
2 10672
3
2 10674
5
2 10676
5
2 10678
2 10679
4
4
4
4
1 10684
2 10685
2 10686
1 10687
3
2 10689
5
3
5
3
3
1 10695
5
6
5
4
2 10700
4
2 10702
4
6
3
2 10706
3
1 10708
4
1 10710
4
2 10712
4
1 10714
5
1 10716
3
3
2 10719
5
2 10721
3
5
6
5
4
2 10727
4
2 10729
1 10730
1 10731
3
1 10733
4
6
4
3
1 10738
3
2 10740
2 10741
3
3
1 10744
6
5
3
1 10748
3
2 10750
3
2 10752
5
3
2 10755
5
3
2 10758
3
1 10760
3
2 10762
4
1 10764
2 10765
5
3
5
1 10769
4
1 10771
3
3
2 10774
2 10775
3
3
1 10778
3
2 10780
6
2 10782
4
3
1 10785
4
1 10787
3
2 10789
1 10790
5
1 10792
1 10793
2 10794
5
3
5
4
6
5
6
3
2 10803
2 10804
4
1 10806
4
6
5
2 10810
4
4
3
2 10814
2 10815
2 10816
6
5
3
1 10820
1 10821
3
4
4
6
4
5
3
2 10829
5
4
1 10832
1 10833
3
2 10835
4
4
1 10838
6
3
2 10841
1 10842
3
1 10844
2 10845
2 10846
4
5
4
2 10850
3
6
4
5
1 10855
4
2 10857
1 10858
6
5
3
3
3
1 10864
3
2 10866
4
2 10868
1 10869
6
1 10871
1 10872
5
2 10874
3
4
2 10877
5
4
2 10880
6
3
4
5
1 10885
5
2 10887
4
4
3
4
1 10892
3
1 10894
3
1 10896
2 10897
5
3
3
2 10901
2 10902
1 10903
4
6
4
3
2 10908
2 10909
3
3
1 10912
4
2 10914
6
3
2 10917
3
1 10919
3
1 10921
6
3
2 10924
6
4
1 10927
4
2 10929
4
1 10931
3
2 10933
4
2 10935
6
4
2 10938
4
2 10940
5
3
2 10943
3
1 10945
5
6
1 10948
1 10949
4
3
4
1 10953
6
5
3
1 10957
4
2 10959
6
2 10961
3
2 10963
6
5
1 10966
2 10967
3
4
4
1 10971
5
2 10973
3
4
1 10976
5
4
2 10979
3
3
2 10982
3
1 10984
3
2 10986
4
1 10988
4
2 10990
2 10991
3
2 10993
1 10994
4
6
5
3
4
2 11000
4
1 11002
4
2 11004
6
4
2 11007
3
2 11009
4
1 11011
4
1 11013
1 11014
4
6
3
2 11018
2 11019
4
3
2 11022
1 11023
4
4
1 11026
2 11027
5
6
4
4
1 11032
6
2 11034
2 11035
2 11036
6
3
3
5
3
4
2 11043
4
2 11045
4
2 11047
3
1 11049
5
1 11051
3
3
1 11054
6
2 11056
1 11057
4
4
3
2 11061
2 11062
6
3
2 11065
4
1 11067
1 11068
3
4
1 11071
4
5
6
2 11075
3
6
1 11078
6
3
3
2 11082
2 11083
6
3
6
5
3
2 11089
5
3
1 11092
3
2 11094
6
4
2 11097
1 11098
5
2 11100
3
2 11102
4
1 11104
2 11105
2 11106
5
4
5
4
2 11111
3
1 11113
3
1 11115
3
6
1 11118
4
2 11120
4
6
5
3
2 11125
4
4
3
1 11129
2 11130
2 11131
5
4
3
5
6
4
2 11138
3
1 11140
1 11141
5
1 11143
3
4
5
4
1 11148
3
1 11150
4
2 11152
2 11153
1 11154
3
2 11156
6
5
6
4
3
3
2 11163
1 11164
3
5
3
2 11168
1 11169
3
3
1 11172
1 11173
4
2 11175
5
1 11177
5
6
3
3
1 11182
5
4
3
1 11186
3
2 11188
3
2 11190
4
2 11192
3
2 11194
6
4
1 11197
3
2 11199
5
4
2 11202
6
4
1 11205
4
2 11207
6
3
2 11210
4
1 11212
6
3
1 11215
4
2 11217
4
2 11219
5
4
1 11222
4
1 11224
2 11225
6
5
3
4
2 11230
3
2 11232
4
1 11234
4
2 11236
5
4
2 11239
5
4
2 11242
3
2 11244
5
4
1 11247
3
1 11249
4
2 11251
2 11252
5
2 11254
5
6
3
1 11258
5
3
6
4
2 11263
6
5
6
2 11267
2 11268
4
1 11270
6
4
6
3
5
3
5
2 11278
4
1 11280
6
2 11282
3
3
4
1 11286
2 11287
3
1 11289
1 11290
6
3
3
1 11294
3
5
2 11297
3
6
2 11300
6
4
4
2 11304
1 11305
1 11306
2 11307
3
6
5
2 11311
4
4
3
3
1 11316
3
1 11318
3
2 11320
5
3
1 11323
4
1 11325
5
3
1 11328
6
3
2 11331
1 11332
4
3
1 11335
3
2 11337
1 11338
6
5
2 11341
6
4
1 11344
6
4
5
6
4
4
2 11351
1 11352
3
3
1 11355
1 11356
3
3
1 11359
4
2 11361
5
6
2 11364
5
4
6
2 11368
4
1 11370
3
1 11372
4
5
1 11375
3
2 11377
4
1 11379
2 11380
5
6
5
4
6
4
2 11387
1 11388
4
5
6
5
6
4
3
1 11396
4
1 11398
4
1 11400
4
2 11402
1 11403
4
3
1 11406
1 11407
6
2 11409
3
6
3
3
2 11414
3
2 11416
2 11417
6
3
6
2 11421
3
2 11423
3
3
2 11426
5
3
2 11429
2 11430
3
4
2 11433
3
1 11435
6
3
2 11438
1 11439
2 11440
1 11441
1 11442
6
2 11444
4
1 11446
4
1 11448
3
4
1 11451
3
1 11453
4
3
2 11456
1 11457
3
2 11459
4
6
3
5
3
6
3
1 11467
4
6
3
2 11471
3
2 11473
2 11474
1 11475
1 11476
2 11477
5
3
3
3
2 11482
3
2 11484
4
6
3
4
1 11489
1 11490
6
3
3
1 11494
4
2 11496
5
2 11498
4
4
1 11501
6
3
2 11504
2 11505
4
4
1 11508
3
1 11510
2 11511
3
3
1 11514
5
4
1 11517
3
1 11519
4
2 11521
4
1 11523
6
1 11525
3
3
2 11528
2 11529
4
1 11531
1 11532
3
3
4
1 11536
3
2 11538
5
2 11540
4
4
1 11543
1 11544
6
2 11546
1 11547
3
3
3
5
2 11552
2 11553
6
1 11555
1 11556
2 11557
6
3
3
5
4
1 11563
5
3
5
3
6
4
1 11570
5
3
3
2 11574
4
2 11576
5
4
2 11579
4
1 11581
4
1 11583
3
2 11585
3
1 11587
4
1 11589
3
1 11591
3
1 11593
3
2 11595
2 11596
3
6
3
2 11600
6
5
6
4
2 11605
3
2 11607
5
3
1 11610
4
2 11612
6
1 11614
4
6
5
3
2 11619
3
1 11621
6
5
6
4
2 11626
2 11627
4
6
3
1 11631
1 11632
3
3
1 11635
3
2 11637
3
2 11639
1 11640
3
3
2 11643
5
3
2 11646
6
4
2 11649
1 11650
1 11651
6
5
1 11654
2 11655
4
4
6
5
6
4
1 11662
5
1 11664
6
3
3
3
4
1 11670
6
1 11672
3
3
2 11675
2 11676
4
2 11678
2 11679
4
3
6
4
1 11684
3
1 11686
6
3
2 11689
4
2 11691
6
3
1 11694
4
1 11696
6
4
2 11699
3
1 11701
2 11702
4
6
3
1 11706
6
1 11708
4
6
3
1 11712
2 11713
1 11714
3
5
6
1 11718
4
5
3
5
6
4
1 11725
5
3
1 11728
4
2 11730
3
1 11732
5
4
2 11735
1 11736
3
5
4
2 11740
2 11741
3
1 11743
5
2 11745
6
3
4
3
1 11750
6
3
1 11753
1 11754
4
4
1 11757
1 11758
4
3
2 11761
2 11762
3
3
2 11765
3
2 11767
3
2 11769
1 11770
5
4
3
1 11774
3
2 11776
6
3
1 11779
1 11780
1 11781
5
1 11783
1 11784
3
2 11786
3
1 11788
3
4
4
6
5
4
3
2 11796
2 11797
4
3
2 11800
3
1 11802
2 11803
4
3
1 11806
2 11807
3
6
5
6
4
1 11813
1 11814
3
5
4
2 11818
2 11819
4
2 11821
5
4
6
3
1 11826
3
1 11828
1 11829
3
1 11831
4
1 11833
4
3
1 11836
4
1 11838
3
1 11840
1 11841
5
6
5
2 11845
3
3
3
1 11849
2 11850
2 11851
3
1 11853
5
1 11855
5
4
3
4
4
2 11861
1 11862
3
2 11864
1 11865
2 11866
3
1 11868
5
4
5
4
3
3
1 11875
1 11876
2 11877
4
4
2 11880
2 11881
6
5
4
4
3
1 11887
3
1 11889
3
1 11891
2 11892
6
1 11894
3
2 11896
3
3
4
1 11900
3
2 11902
3
2 11904
2 11905
6
3
6
4
1 11910
3
1 11912
4
2 11914
3
1 11916
3
1 11918
6
3
2 11921
3
1 11923
1 11924
5
6
5
6
5
3
2 11931
3
2 11933
3
3
1 11936
6
1 11938
5
6
4
4
2 11943
1 11944
3
4
1 11947
3
2 11949
3
1 11951
6
5
4
2 11955
4
1 11957
6
3
2 11960
6
3
2 11963
4
2 11965
2 11966
2 11967
1 11968
5
6
2 11971
1 11972
3
3
6
2 11976
3
2 11978
1 11979
4
4
3
3
5
4
2 11986
4
3
2 11989
1 11990
5
4
3
2 11994
4
2 11996
2 11997
6
4
3
2 12001
3
2 12003
5
3
2 12006
2 12007
4
6
3
2 12011
4
2 12013
4
1 12015
6
1 12017
4
5
6
2 12021
2 12022
3
3
4
1 12026
5
3
2 12029
4
1 12031
3
1 12033
5
4
2 12036
5
6
3
1 12040
2 12041
5
6
4
3
2 12046
2 12047
1 12048
2 12049
5
3
2 12052
5
1 12054
1 12055
4
2 12057
4
6
4
6
4
6
3
5
6
4
3
2 12069
3
2 12071
4
1 12073
5
4
2 12076
3
2 12078
1 12079
2 12080
5
2 12082
6
3
5
4
3
4
2 12089
6
4
1 12092
4
2 12094
2 12095
2 12096
6
5
3
1 12100
5
2 12102
4
3
1 12105
4
3
6
4
1 12110
4
1 12112
3
2 12114
6
3
1 12117
5
1 12119
1 12120
4
4
4
2 12124
5
4
2 12127
6
2 12129
3
4
2 12132
6
4
1 12135
3
1 12137
5
3
1 12140
4
2 12142
4
2 12144
3
1 12146
4
1 12148
2 12149
4
4
1 12152
3
1 12154
1 12155
5
1 12157
4
3
3
2 12161
2 12162
4
4
2 12165
6
2 12167
3
2 12169
6
3
4
2 12173
3
2 12175
3
2 12177
3
2 12179
2 12180
1 12181
5
6
4
5
3
4
1 12188
4
1 12190
3
1 12192
4
1 12194
4
1 12196
6
2 12198
2 12199
3
3
6
5
3
2 12205
3
1 12207
4
1 12209
5
2 12211
2 12212
2 12213
4
3
5
3
3
1 12219
5
2 12221
1 12222
1 12223
1 12224
3
4
3
4
6
1 12230
3
6
2 12233
4
4
1 12236
4
1 12238
4
2 12240
3
2 12242
4
2 12244
1 12245
1 12246
4
1 12248
4
3
6
3
2 12253
4
2 12255
3
1 12257
5
6
5
4
2 12262
4
1 12264
3
1 12266
3
2 12268
1 12269
1 12270
2 12271
5
3
5
1 12275
3
1 12277
3
3
2 12280
2 12281
4
5
1 12284
1 12285
5
4
6
5
3
1 12291
3
5
3
4
4
1 12297
4
2 12299
4
1 12301
1 12302
4
3
2 12305
1 12306
3
2 12308
4
5
6
4
2 12313
3
2 12315
3
2 12317
1 12318
6
5
3
2 12322
4
4
1 12325
2 12326
3
3
2 12329
4
2 12331
6
3
1 12334
1 12335
4
4
1 12338
6
3
1 12341
6
5
3
1 12345
5
1 12347
5
4
4
1 12351
3
1 12353
1 12354
2 12355
4
1 12357
4
1 12359
5
6
5
6
3
5
2 12366
1 12367
4
1 12369
4
5
3
5
1 12374
3
2 12376
3
4
5
4
2 12381
2 12382
4
3
2 12385
3
1 12387
4
1 12389
6
1 12391
6
5
1 12394
1 12395
4
3
3
3
1 12400
1 12401
1 12402
4
4
4
2 12406
5
3
2 12409
4
