21510
2 1
4
2 3
4
1 5
5
3
2 8
3
1 10
5
4
1 13
6
1 15
5
6
4
3
2 20
5
3
1 23
6
4
2 26
3
1 28
4
1 30
1 31
1 32
1 33
1 34
6
4
4
2 38
3
3
4
5
4
1 44
5
4
2 47
4
2 49
4
1 51
4
2 53
4
2 55
6
3
2 58
4
2 60
5
2 62
5
3
3
2 66
6
1 68
4
4
1 71
3
1 73
2 74
1 75
3
4
4
2 79
4
2 81
5
3
2 84
3
2 86
2 87
6
3
3
2 91
2 92
4
2 94
2 95
1 96
4
4
3
1 100
3
1 102
4
3
1 105
5
6
5
2 109
5
6
4
4
1 114
2 115
6
2 117
3
6
5
4
2 122
5
4
6
5
1 127
3
1 129
4
3
1 132
3
1 134
1 135
1 136
3
3
1 139
3
4
1 142
4
1 144
2 145
2 146
6
3
2 149
4
3
5
4
1 154
3
1 156
3
2 158
3
1 160
3
1 162
1 163
4
3
1 166
6
4
1 169
3
1 171
5
4
2 174
3
1 176
3
2 178
6
5
2 181
6
2 183
3
6
2 186
4
5
2 189
4
4
1 192
6
2 194
3
4
2 197
4
3
2 200
3
1 202
4
1 204
6
1 206
4
2 208
5
4
4
2 212
3
1 214
3
1 216
3
1 218
3
2 220
6
4
1 223
1 224
4
6
3
2 228
1 229
1 230
2 231
3
1 233
4
3
1 236
5
3
3
1 240
4
5
1 243
5
1 245
3
5
6
2 249
3
3
4
1 253
6
2 255
3
5
4
2 259
4
1 261
2 262
4
4
1 265
4
2 267
3
2 269
4
2 271
4
1 273
2 274
3
4
1 277
4
1 279
4
1 281
6
5
6
2 285
4
2 287
5
4
4
2 291
4
1 293
3
2 295
3
2 297
5
3
2 300
3
1 302
3
1 304
3
2 306
1 307
3
4
1 310
1 311
2 312
3
6
3
4
2 317
3
2 319
4
1 321
1 322
4
5
6
3
1 327
4
2 329
6
3
1 332
4
1 334
3
1 336
3
2 338
5
6
5
3
2 343
1 344
4
3
1 347
1 348
1 349
4
4
6
4
1 354
5
3
1 357
5
3
1 360
4
2 362
3
1 364
3
1 366
6
3
1 369
3
1 371
4
2 373
3
2 375
5
4
1 378
1 379
3
1 381
6
1 383
4
4
6
5
6
4
1 390
3
1 392
3
2 394
4
2 396
3
2 398
4
1 400
4
2 402
4
1 404
4
1 406
3
1 408
4
1 410
3
2 412
3
1 414
3
2 416
2 417
3
4
1 420
1 421
4
4
1 424
2 425
3
1 427
3
3
1 430
5
6
4
2 434
5
6
4
1 438
4
1 440
4
1 442
6
2 444
6
2 446
3
1 448
1 449
4
3
1 452
4
5
3
3
1 457
4
1 459
3
2 461
1 462
2 463
1 464
2 465
3
5
3
6
5
2 471
2 472
4
4
3
3
2 477
3
5
3
2 481
4
2 483
5
6
4
1 487
3
2 489
4
2 491
3
2 493
3
1 495
3
2 497
2 498
2 499
1 500
1 501
4
4
3
4
5
3
2 508
1 509
5
3
3
1 513
4
2 515
5
4
1 518
2 519
3
3
2 522
4
1 524
6
4
2 527
3
2 529
6
5
3
2 533
4
2 535
6
2 537
3
4
2 540
3
2 542
6
4
1 545
3
1 547
3
1 549
2 550
3
5
6
1 554
3
3
1 557
4
1 559
5
3
2 562
4
2 564
1 565
4
1 567
4
4
1 570
4
1 572
2 573
3
3
1 576
6
4
1 579
5
2 581
2 582
2 583
3
6
5
3
4
4
2 590
5
6
3
1 594
3
2 596
5
4
2 599
4
2 601
4
1 603
3
2 605
5
6
5
3
1 610
4
2 612
1 613
4
4
2 616
4
2 618
3
1 620
6
2 622
1 623
4
2 625
6
3
4
4
1 630
2 631
4
4
2 634
6
2 636
3
5
4
1 640
4
2 642
3
1 644
5
3
2 647
3
2 649
6
3
2 652
3
1 654
3
1 656
3
2 658
2 659
4
5
1 662
3
2 664
6
5
4
3
2 669
2 670
6
2 672
3
4
1 675
6
4
6
4
1 680
2 681
4
6
3
1 685
6
3
2 688
4
2 690
3
1 692
4
2 694
1 695
4
5
3
1 699
5
3
2 702
2 703
5
4
3
1 707
3
2 709
3
2 711
3
1 713
3
2 715
1 716
6
4
1 719
4
4
1 722
3
1 724
6
4
2 727
2 728
4
3
2 731
1 732
6
4
3
1 736
6
3
1 739
3
2 741
3
2 743
4
2 745
4
2 747
4
1 749
4
1 751
3
1 753
4
2 755
5
6
4
1 759
2 760
6
5
6
4
3
2 766
4
1 768
3
1 770
3
2 772
4
2 774
3
1 776
3
2 778
5
3
2 781
1 782
4
4
1 785
6
3
1 788
6
4
2 791
4
2 793
3
1 795
4
1 797
4
1 799
6
2 801
4
1 803
6
5
4
5
2 808
3
1 810
5
6
3
3
2 815
5
6
1 818
1 819
2 820
1 821
4
4
4
4
4
2 827
1 828
4
4
1 831
4
1 833
3
2 835
3
1 837
3
2 839
5
2 841
1 842
1 843
3
5
1 846
6
3
1 849
5
3
6
4
6
3
3
2 857
4
2 859
2 860
1 861
1 862
4
4
4
1 866
2 867
5
2 869
6
4
2 872
5
1 874
5
3
3
4
3
4
2 881
2 882
3
5
6
4
1 887
1 888
3
3
1 891
3
1 893
4
2 895
5
2 897
3
4
2 900
3
1 902
3
1 904
4
2 906
2 907
4
1 909
3
3
2 912
3
2 914
6
4
1 917
3
1 919
1 920
3
3
1 923
3
2 925
3
2 927
4
2 929
3
1 931
4
2 933
4
1 935
3
1 937
3
1 939
3
2 941
4
1 943
5
4
2 946
5
3
2 949
1 950
6
4
3
1 954
4
2 956
3
2 958
2 959
5
2 961
3
4
4
1 965
5
4
2 968
3
1 970
3
1 972
3
2 974
6
5
6
3
2 979
5
6
5
6
4
2 985
1 986
4
2 988
4
1 990
2 991
4
5
6
5
6
1 997
3
4
2 1000
1 1001
5
6
5
4
4
3
1 1008
3
1 1010
4
1 1012
6
5
3
2 1016
3
1 1018
2 1019
4
4
2 1022
4
1 1024
6
4
2 1027
1 1028
3
5
3
1 1032
2 1033
3
3
1 1036
2 1037
1 1038
1 1039
5
2 1041
4
3
6
5
6
1 1047
3
4
3
5
3
1 1053
6
1 1055
1 1056
1 1057
3
4
1 1060
3
5
6
3
3
1 1066
3
2 1068
3
2 1070
4
1 1072
6
3
2 1075
3
1 1077
3
1 1079
4
2 1081
2 1082
4
3
2 1085
3
1 1087
3
1 1089
1 1090
3
5
1 1093
1 1094
4
4
4
1 1098
4
2 1100
5
3
1 1103
3
1 1105
4
1 1107
4
2 1109
1 1110
1 1111
4
6
4
4
2 1116
2 1117
3
3
1 1120
5
3
1 1123
4
1 1125
1 1126
4
6
3
2 1130
4
1 1132
3
1 1134
6
5
4
2 1138
6
3
2 1141
6
2 1143
2 1144
3
5
1 1147
4
4
6
3
1 1152
6
4
2 1155
2 1156
3
2 1158
4
5
2 1161
6
5
3
1 1165
5
3
3
2 1169
3
1 1171
2 1172
1 1173
3
3
6
5
2 1178
1 1179
5
4
1 1182
4
3
3
1 1186
1 1187
4
2 1189
3
3
2 1192
3
1 1194
5
2 1196
4
4
2 1199
3
2 1201
6
5
4
1 1205
3
1 1207
6
5
1 1210
2 1211
3
4
4
2 1215
1 1216
6
5
3
3
1 1221
4
2 1223
3
1 1225
6
4
1 1228
6
3
1 1231
2 1232
3
6
4
1 1236
4
2 1238
4
2 1240
4
2 1242
2 1243
1 1244
1 1245
2 1246
2 1247
6
2 1249
4
5
2 1252
3
1 1254
2 1255
3
5
2 1258
4
5
3
5
1 1263
2 1264
2 1265
6
3
4
4
1 1270
1 1271
2 1272
2 1273
6
4
1 1276
1 1277
3
3
3
4
5
4
3
6
4
1 1287
4
2 1289
6
1 1291
4
2 1293
3
2 1295
3
5
1 1298
2 1299
2 1300
6
5
3
1 1304
1 1305
2 1306
6
3
4
4
3
3
6
3
5
6
5
1 1318
2 1319
1 1320
6
2 1322
3
4
4
1 1326
2 1327
3
6
2 1330
1 1331
1 1332
3
4
4
5
6
1 1338
3
1 1340
6
5
2 1343
3
6
4
5
3
6
2 1350
3
4
3
1 1354
3
6
4
4
3
1 1360
2 1361
6
1 1363
3
1 1365
6
2 1367
3
3
5
6
3
1 1373
2 1374
1 1375
2 1376
1 1377
3
6
1 1380
5
4
2 1383
2 1384
1 1385
3
3
3
4
3
6
2 1392
3
2 1394
4
1 1396
3
1 1398
4
6
4
4
1 1403
5
4
2 1406
3
4
1 1409
6
5
3
2 1413
4
2 1415
6
4
2 1418
6
5
2 1421
4
4
2 1424
4
1 1426
6
4
1 1429
4
1 1431
4
2 1433
6
1 1435
4
4
1 1438
1 1439
4
4
1 1442
3
1 1444
6
4
1 1447
6
5
2 1450
4
6
1 1453
2 1454
1 1455
3
3
3
5
6
5
1 1462
3
4
2 1465
3
1 1467
3
1 1469
4
2 1471
3
2 1473
3
2 1475
4
2 1477
6
4
2 1480
5
4
1 1483
4
1 1485
3
2 1487
4
2 1489
4
2 1491
3
2 1493
3
1 1495
6
5
6
3
1 1500
3
2 1502
3
1 1504
5
4
1 1507
4
2 1509
6
4
1 1512
3
1 1514
4
2 1516
5
6
3
1 1520
4
1 1522
1 1523
5
1 1525
4
3
3
1 1529
4
2 1531
4
2 1533
6
4
2 1536
4
1 1538
4
2 1540
4
1 1542
4
2 1544
2 1545
4
1 1547
5
6
4
4
1 1552
4
1 1554
3
2 1556
2 1557
4
5
4
1 1561
4
1 1563
6
2 1565
4
1 1567
3
2 1569
3
5
1 1572
2 1573
5
6
2 1576
3
6
3
5
1 1581
4
3
1 1584
5
1 1586
4
2 1588
5
6
1 1591
2 1592
2 1593
5
4
3
3
1 1598
5
3
4
3
4
2 1604
3
2 1606
4
1 1608
2 1609
3
3
1 1612
5
6
5
1 1616
5
6
4
3
2 1621
3
1 1623
3
1 1625
3
1 1627
1 1628
5
1 1630
3
4
5
6
4
1 1636
4
1 1638
4
1 1640
5
3
2 1643
4
2 1645
4
1 1647
1 1648
5
4
4
1 1652
4
1 1654
4
2 1656
4
1 1658
3
1 1660
4
2 1662
3
1 1664
4
1 1666
4
2 1668
6
5
3
1 1672
2 1673
4
5
3
1 1677
3
2 1679
5
4
2 1682
2 1683
3
1 1685
3
6
1 1688
4
6
5
3
1 1693
3
2 1695
4
2 1697
5
4
1 1700
4
1 1702
6
3
1 1705
6
2 1707
1 1708
3
4
4
2 1712
4
2 1714
5
6
5
6
3
1 1720
1 1721
4
3
1 1724
4
2 1726
1 1727
3
3
2 1730
1 1731
3
1 1733
4
4
1 1736
4
1 1738
3
1 1740
3
1 1742
4
1 1744
5
6
2 1747
4
5
3
2 1751
4
2 1753
3
2 1755
3
2 1757
2 1758
4
4
1 1761
3
1 1763
3
1 1765
3
1 1767
5
4
1 1770
5
3
2 1773
5
1 1775
2 1776
4
4
4
1 1780
1 1781
5
6
5
3
6
5
2 1788
2 1789
3
3
2 1792
1 1793
2 1794
4
4
3
3
1 1799
4
2 1801
2 1802
3
1 1804
1 1805
3
2 1807
3
3
1 1810
3
1 1812
4
6
1 1815
4
3
1 1818
3
1 1820
6
3
2 1823
3
1 1825
4
1 1827
5
4
2 1830
1 1831
6
5
2 1834
4
4
4
1 1838
4
2 1840
4
1 1842
4
2 1844
2 1845
4
4
1 1848
4
2 1850
3
1 1852
3
2 1854
2 1855
3
4
2 1858
6
5
4
1 1862
6
5
3
2 1866
2 1867
2 1868
1 1869
1 1870
4
3
4
1 1874
3
4
5
1 1878
4
4
1 1881
3
2 1883
6
5
2 1886
2 1887
1 1888
4
3
2 1891
2 1892
4
5
2 1895
3
4
3
6
5
1 1901
4
5
2 1904
6
3
5
3
2 1909
4
2 1911
3
1 1913
3
2 1915
3
2 1917
3
2 1919
3
1 1921
3
1 1923
5
6
3
1 1927
5
2 1929
1 1930
5
3
3
3
2 1935
1 1936
6
1 1938
5
6
5
6
1 1943
4
5
6
2 1947
4
6
3
3
6
5
3
1 1955
4
2 1957
3
1 1959
3
1 1961
4
1 1963
5
4
2 1966
5
6
2 1969
6
5
1 1972
1 1973
5
6
1 1976
5
2 1978
1 1979
5
4
6
5
1 1984
3
4
3
6
4
3
4
1 1992
2 1993
3
4
1 1996
3
3
1 1999
6
5
3
2 2003
5
4
2 2006
4
1 2008
1 2009
4
3
2 2012
1 2013
4
1 2015
3
3
1 2018
4
2 2020
2 2021
2 2022
6
4
4
3
1 2027
3
2 2029
5
3
2 2032
3
2 2034
4
1 2036
6
5
4
1 2040
6
4
1 2043
3
2 2045
4
2 2047
2 2048
5
4
4
2 2052
6
4
1 2055
4
1 2057
6
5
6
4
2 2062
4
1 2064
3
1 2066
3
2 2068
3
2 2070
6
5
4
2 2074
6
2 2076
3
1 2078
1 2079
3
1 2081
5
6
3
6
4
3
1 2088
1 2089
3
1 2091
2 2092
4
6
5
3
1 2097
1 2098
4
3
6
4
1 2103
3
2 2105
3
2 2107
2 2108
1 2109
6
4
4
2 2113
2 2114
6
5
3
4
1 2119
4
3
2 2122
1 2123
6
4
1 2126
1 2127
2 2128
4
2 2130
1 2131
5
6
3
4
3
3
4
1 2139
3
1 2141
3
1 2143
6
3
2 2146
4
1 2148
3
2 2150
4
2 2152
4
1 2154
2 2155
1 2156
2 2157
2 2158
5
3
6
4
4
2 2164
2 2165
1 2166
1 2167
3
5
4
1 2171
4
4
3
4
1 2176
3
5
3
1 2180
4
2 2182
2 2183
5
4
6
5
6
4
2 2190
5
6
5
4
2 2195
4
1 2197
5
4
1 2200
6
1 2202
5
1 2204
6
3
3
3
1 2209
2 2210
2 2211
5
6
4
4
2 2216
4
3
2 2219
2 2220
6
2 2222
4
3
5
4
1 2227
4
2 2229
5
1 2231
3
4
1 2234
5
3
1 2237
3
2 2239
4
1 2241
3
1 2243
5
3
1 2246
3
1 2248
2 2249
3
5
4
2 2253
3
2 2255
5
4
1 2258
3
1 2260
3
2 2262
6
4
1 2265
3
2 2267
2 2268
4
5
2 2271
2 2272
4
1 2274
5
3
2 2277
5
1 2279
3
4
1 2282
3
3
2 2285
3
2 2287
6
5
4
6
4
2 2293
5
6
5
4
2 2298
1 2299
4
5
4
1 2303
4
2 2305
3
2 2307
6
2 2309
1 2310
3
3
4
1 2314
4
2 2316
2 2317
2 2318
6
4
4
3
1 2323
4
2 2325
5
6
3
2 2329
4
2 2331
4
1 2333
3
1 2335
4
1 2337
4
2 2339
5
6
4
1 2343
3
1 2345
1 2346
5
1 2348
3
5
3
5
2 2353
1 2354
5
2 2356
4
5
6
5
1 2361
2 2362
6
4
2 2365
1 2366
1 2367
3
3
5
6
3
5
6
2 2375
1 2376
3
1 2378
2 2379
3
3
2 2382
5
3
5
3
3
4
6
4
4
1 2392
4
1 2394
3
2 2396
3
2 2398
5
4
2 2401
2 2402
2 2403
5
4
5
4
3
2 2409
4
1 2411
2 2412
2 2413
4
2 2415
2 2416
5
2 2418
3
5
2 2421
5
6
1 2424
5
3
5
3
3
6
2 2431
3
4
4
3
1 2436
2 2437
4
4
2 2440
2 2441
3
1 2443
5
1 2445
2 2446
2 2447
3
4
2 2450
3
1 2452
4
4
6
4
1 2457
3
6
3
2 2461
3
1 2463
3
2 2465
3
2 2467
4
1 2469
1 2470
1 2471
3
2 2473
1 2474
5
3
2 2477
2 2478
2 2479
5
6
5
3
4
6
5
4
4
3
4
1 2491
5
2 2493
3
5
4
1 2497
6
4
1 2500
4
1 2502
3
1 2504
2 2505
3
4
2 2508
1 2509
3
4
2 2512
4
2 2514
3
1 2516
4
2 2518
3
1 2520
5
2 2522
6
3
4
2 2526
4
2 2528
3
2 2530
2 2531
4
1 2533
4
5
4
2 2537
1 2538
4
5
3
2 2542
3
2 2544
5
4
2 2547
3
2 2549
5
1 2551
3
4
1 2554
4
2 2556
1 2557
6
4
3
2 2561
4
2 2563
4
2 2565
3
1 2567
4
1 2569
6
3
1 2572
1 2573
4
3
1 2576
4
2 2578
2 2579
4
5
4
1 2583
3
2 2585
2 2586
2 2587
4
2 2589
4
6
4
3
1 2594
6
4
1 2597
3
2 2599
6
4
1 2602
5
4
2 2605
5
3
1 2608
3
1 2610
4
2 2612
3
1 2614
4
2 2616
1 2617
1 2618
3
3
1 2621
5
3
1 2624
3
6
4
1 2628
4
2 2630
4
1 2632
2 2633
5
4
1 2636
4
6
4
1 2640
2 2641
5
4
6
2 2645
4
2 2647
4
5
3
1 2651
4
1 2653
1 2654
3
2 2656
1 2657
5
1 2659
1 2660
6
2 2662
3
1 2664
2 2665
6
3
3
4
4
6
4
6
3
2 2675
2 2676
1 2677
4
3
3
6
4
1 2683
1 2684
4
1 2686
4
5
3
2 2690
3
2 2692
2 2693
4
6
3
1 2697
3
1 2699
1 2700
5
4
2 2703
6
4
5
1 2707
3
2 2709
2 2710
3
5
3
1 2714
1 2715
1 2716
3
6
1 2719
3
6
5
6
3
4
4
2 2727
4
2 2729
4
1 2731
6
5
3
1 2735
6
5
4
1 2739
4
2 2741
1 2742
3
5
3
1 2746
4
1 2748
6
2 2750
3
3
1 2753
3
2 2755
3
1 2757
3
2 2759
6
4
2 2762
2 2763
6
2 2765
4
3
2 2768
3
6
3
1 2772
2 2773
2 2774
3
4
2 2777
4
2 2779
3
1 2781
3
3
1 2784
1 2785
3
3
2 2788
2 2789
3
4
2 2792
5
6
3
2 2796
1 2797
4
3
1 2800
5
3
1 2803
3
1 2805
6
4
1 2808
6
4
2 2811
3
1 2813
3
1 2815
6
4
2 2818
6
2 2820
3
5
4
2 2824
2 2825
1 2826
3
3
4
1 2830
5
6
5
3
1 2835
4
1 2837
4
2 2839
5
6
3
2 2843
3
2 2845
3
2 2847
1 2848
4
4
1 2851
3
2 2853
3
1 2855
2 2856
3
4
2 2859
4
2 2861
4
2 2863
4
2 2865
6
2 2867
3
4
1 2870
3
2 2872
4
1 2874
3
1 2876
3
1 2878
3
2 2880
4
1 2882
4
2 2884
3
2 2886
2 2887
4
3
1 2890
4
1 2892
6
3
1 2895
1 2896
3
6
4
1 2900
6
2 2902
2 2903
3
2 2905
6
2 2907
4
6
1 2910
1 2911
3
5
4
3
3
3
2 2918
3
1 2920
3
2 2922
2 2923
2 2924
2 2925
4
5
3
5
4
6
4
1 2933
4
1 2935
4
1 2937
3
2 2939
1 2940
3
4
1 2943
1 2944
1 2945
6
4
4
5
2 2950
2 2951
4
5
3
4
1 2956
3
1 2958
2 2959
4
3
1 2962
5
6
2 2965
5
6
4
2 2969
3
1 2971
4
3
1 2974
3
2 2976
2 2977
6
4
6
3
1 2982
5
4
1 2985
4
2 2987
4
2 2989
3
1 2991
4
1 2993
4
1 2995
2 2996
5
3
4
2 3000
3
1 3002
2 3003
6
1 3005
6
4
2 3008
3
3
4
2 3012
6
4
2 3015
1 3016
1 3017
1 3018
6
5
6
4
5
4
3
6
5
3
1 3029
5
3
2 3032
2 3033
5
4
2 3036
4
5
3
2 3040
2 3041
6
1 3043
6
2 3045
1 3046
4
1 3048
4
2 3050
2 3051
1 3052
4
6
3
4
3
1 3058
4
5
4
5
6
1 3064
3
4
2 3067
1 3068
5
4
3
2 3072
2 3073
5
2 3075
2 3076
1 3077
4
5
2 3080
6
5
6
3
4
2 3086
5
4
6
5
6
5
2 3093
3
1 3095
3
3
6
2 3099
3
3
4
6
1 3104
4
4
1 3107
1 3108
2 3109
1 3110
4
4
3
4
2 3115
5
6
5
3
2 3120
4
2 3122
5
6
4
1 3126
4
1 3128
6
3
1 3131
4
1 3133
4
1 3135
3
2 3137
2 3138
4
5
2 3141
3
3
1 3144
4
1 3146
3
1 3148
3
2 3150
1 3151
4
3
2 3154
2 3155
1 3156
6
5
2 3159
4
1 3161
1 3162
4
3
6
2 3166
4
4
6
4
6
4
1 3173
2 3174
3
1 3176
3
5
4
2 3180
3
2 3182
5
4
1 3185
2 3186
4
4
1 3189
1 3190
4
2 3192
3
2 3194
2 3195
4
6
5
1 3199
6
4
3
3
2 3204
3
1 3206
5
6
5
4
1 3211
3
2 3213
5
3
2 3216
6
2 3218
3
2 3220
4
2 3222
4
3
1 3225
3
1 3227
3
2 3229
2 3230
1 3231
4
2 3233
5
6
3
4
3
1 3239
1 3240
6
5
6
4
6
1 3246
4
3
1 3249
3
1 3251
1 3252
3
4
1 3255
3
2 3257
5
6
4
2 3261
3
1 3263
2 3264
4
4
2 3267
3
2 3269
1 3270
4
2 3272
2 3273
3
1 3275
4
5
1 3278
3
4
6
4
2 3283
6
5
2 3286
1 3287
5
1 3289
4
6
5
1 3293
3
3
6
5
2 3298
4
3
3
2 3302
3
2 3304
3
2 3306
3
2 3308
3
2 3310
3
1 3312
3
2 3314
3
1 3316
6
3
2 3319
6
3
1 3322
2 3323
5
4
3
2 3327
6
2 3329
4
4
1 3332
2 3333
5
4
5
4
1 3338
4
2 3340
2 3341
5
6
3
3
2 3346
4
1 3348
6
1 3350
1 3351
3
4
3
2 3355
4
2 3357
3
2 3359
6
3
1 3362
4
2 3364
5
6
3
2 3368
3
2 3370
1 3371
3
5
4
2 3375
6
5
4
1 3379
6
1 3381
3
4
1 3384
3
1 3386
6
4
1 3389
3
2 3391
4
2 3393
4
1 3395
6
5
4
2 3399
6
2 3401
2 3402
4
3
2 3405
2 3406
6
4
1 3409
2 3410
4
6
4
5
6
4
4
2 3418
1 3419
6
2 3421
4
1 3423
2 3424
3
4
5
4
2 3429
3
6
1 3432
1 3433
4
6
4
4
1 3438
4
2 3440
4
2 3442
3
2 3444
1 3445
2 3446
3
2 3448
2 3449
4
6
4
1 3453
4
5
4
6
5
4
2 3460
3
1 3462
5
4
2 3465
4
2 3467
3
2 3469
4
2 3471
3
2 3473
5
2 3475
3
2 3477
1 3478
3
2 3480
2 3481
3
5
4
4
6
5
1 3488
4
6
4
1 3492
3
1 3494
5
6
2 3497
3
5
4
1 3501
4
1 3503
6
5
1 3506
1 3507
2 3508
5
3
1 3511
6
5
4
4
6
4
4
1 3519
4
1 3521
4
2 3523
6
2 3525
1 3526
3
4
3
1 3530
4
1 3532
1 3533
4
4
1 3536
3
1 3538
4
2 3540
3
1 3542
5
4
1 3545
3
2 3547
3
2 3549
6
3
1 3552
4
2 3554
2 3555
2 3556
3
4
3
2 3560
2 3561
5
4
3
2 3565
4
1 3567
6
5
2 3570
3
3
2 3573
5
6
1 3576
1 3577
5
1 3579
6
5
3
1 3583
6
2 3585
3
5
3
5
4
3
1 3592
4
2 3594
6
1 3596
4
5
4
3
2 3601
4
2 3603
2 3604
4
1 3606
1 3607
5
1 3609
3
6
5
3
6
4
4
2 3617
4
1 3619
5
2 3621
2 3622
3
4
2 3625
3
4
2 3628
3
2 3630
4
2 3632
2 3633
6
2 3635
1 3636
3
1 3638
3
3
3
3
1 3643
3
1 3645
4
2 3647
4
2 3649
4
1 3651
2 3652
1 3653
4
5
4
1 3657
5
3
4
2 3661
3
1 3663
3
2 3665
6
4
2 3668
3
1 3670
6
5
6
3
1 3675
2 3676
4
4
2 3679
6
1 3681
6
5
6
5
2 3686
3
2 3688
4
3
1 3691
1 3692
4
1 3694
5
3
3
6
3
2 3700
5
6
3
1 3704
4
2 3706
3
2 3708
1 3709
1 3710
5
3
6
1 3714
5
4
5
4
4
2 3720
3
2 3722
2 3723
6
5
3
3
2 3728
3
1 3730
2 3731
2 3732
6
5
6
3
5
3
3
1 3740
4
2 3742
3
2 3744
6
2 3746
4
3
1 3749
4
1 3751
1 3752
3
2 3754
4
1 3756
3
4
1 3759
6
4
1 3762
2 3763
3
3
2 3766
5
1 3768
3
4
2 3771
3
1 3773
6
5
4
2 3777
1 3778
3
1 3780
6
4
3
1 3784
6
3
2 3787
4
1 3789
1 3790
2 3791
4
4
4
1 3795
4
1 3797
2 3798
4
6
4
2 3802
4
2 3804
1 3805
1 3806
6
1 3808
3
2 3810
4
4
3
3
1 3815
1 3816
3
4
1 3819
3
2 3821
2 3822
2 3823
2 3824
5
3
4
2 3828
4
4
5
3
2 3833
5
2 3835
3
5
2 3838
4
3
2 3841
6
3
1 3844
1 3845
5
4
4
2 3849
6
1 3851
4
2 3853
3
1 3855
4
6
3
2 3859
2 3860
4
3
1 3863
2 3864
5
3
2 3867
3
3
1 3870
3
1 3872
5
3
2 3875
4
1 3877
1 3878
3
5
3
2 3882
3
1 3884
4
1 3886
3
1 3888
1 3889
4
1 3891
2 3892
1 3893
2 3894
3
4
2 3897
2 3898
4
4
4
5
4
4
2 3905
1 3906
1 3907
4
6
2 3910
4
1 3912
5
6
5
3
2 3917
2 3918
2 3919
2 3920
3
3
3
3
3
3
2 3927
4
1 3929
5
4
2 3932
1 3933
1 3934
3
4
4
2 3938
2 3939
5
3
6
5
3
1 3945
4
1 3947
3
1 3949
5
2 3951
3
3
1 3954
2 3955
3
3
1 3958
1 3959
6
4
3
1 3963
3
1 3965
2 3966
4
1 3968
3
2 3970
3
3
1 3973
4
2 3975
1 3976
3
4
2 3979
4
1 3981
3
1 3983
3
2 3985
6
5
1 3988
1 3989
4
3
4
1 3993
1 3994
3
6
2 3997
1 3998
3
4
2 4001
3
6
3
2 4005
3
1 4007
5
4
2 4010
3
2 4012
3
1 4014
4
2 4016
1 4017
1 4018
1 4019
1 4020
4
2 4022
5
4
5
2 4026
4
6
3
1 4030
4
6
1 4033
3
6
5
1 4037
3
2 4039
3
2 4041
6
4
4
1 4045
3
6
1 4048
2 4049
6
3
1 4052
1 4053
4
3
3
5
2 4058
2 4059
6
5
3
4
6
5
6
5
6
4
1 4070
6
1 4072
4
2 4074
6
2 4076
4
4
3
4
1 4081
5
4
1 4084
2 4085
4
4
1 4088
2 4089
6
4
2 4092
2 4093
5
1 4095
1 4096
1 4097
3
3
5
1 4101
3
2 4103
3
2 4105
2 4106
3
6
5
6
3
6
4
4
3
5
2 4117
3
5
4
2 4121
1 4122
3
6
4
1 4126
5
3
1 4129
5
1 4131
4
5
6
5
6
3
2 4138
5
3
1 4141
1 4142
3
6
5
1 4146
6
2 4148
1 4149
1 4150
2 4151
4
2 4153
3
1 4155
3
3
3
4
5
2 4161
3
6
3
1 4165
3
6
5
2 4169
3
3
2 4172
4
2 4174
4
2 4176
4
2 4178
1 4179
6
2 4181
4
5
3
3
1 4186
4
1 4188
4
2 4190
4
2 4192
2 4193
4
2 4195
1 4196
3
6
2 4199
6
3
4
4
2 4204
4
2 4206
6
2 4208
4
2 4210
2 4211
3
4
3
1 4215
4
2 4217
6
1 4219
3
6
1 4222
4
3
2 4225
5
3
2 4228
1 4229
4
2 4231
4
3
1 4234
5
3
1 4237
4
1 4239
4
2 4241
2 4242
2 4243
4
4
4
1 4247
5
6
1 4250
3
5
3
2 4254
3
2 4256
5
4
1 4259
5
3
1 4262
6
1 4264
3
4
2 4267
4
2 4269
3
2 4271
3
2 4273
4
1 4275
6
4
2 4278
3
2 4280
2 4281
3
4
1 4284
6
5
4
1 4288
5
3
2 4291
3
2 4293
5
6
4
2 4297
4
2 4299
3
2 4301
3
2 4303
1 4304
3
3
2 4307
4
2 4309
5
2 4311
5
4
1 4314
1 4315
2 4316
5
3
4
3
4
1 4322
1 4323
4
5
6
5
3
1 4329
2 4330
4
4
1 4333
2 4334
3
5
4
1 4338
4
1 4340
2 4341
2 4342
5
4
2 4345
2 4346
4
3
1 4349
3
6
5
4
2 4354
5
4
6
5
1 4359
1 4360
2 4361
3
4
3
3
2 4366
6
3
2 4369
4
2 4371
6
4
2 4374
5
6
2 4377
6
5
4
3
2 4382
5
4
2 4385
2 4386
3
4
2 4389
4
2 4391
6
4
1 4394
2 4395
6
3
1 4398
1 4399
3
3
3
2 4403
4
1 4405
3
2 4407
3
1 4409
4
1 4411
6
4
1 4414
1 4415
5
3
2 4418
2 4419
4
3
2 4422
1 4423
4
2 4425
3
3
4
2 4429
4
2 4431
4
1 4433
4
2 4435
4
2 4437
4
2 4439
6
5
3
1 4443
6
4
2 4446
1 4447
3
4
1 4450
3
1 4452
5
3
1 4455
4
2 4457
4
1 4459
4
2 4461
5
6
3
1 4465
5
4
1 4468
3
2 4470
6
3
2 4473
4
2 4475
3
2 4477
3
1 4479
5
4
2 4482
1 4483
3
3
1 4486
6
5
6
5
3
2 4492
6
5
3
1 4496
6
4
1 4499
5
4
1 4502
1 4503
4
4
1 4506
3
1 4508
4
2 4510
1 4511
3
6
1 4514
5
4
2 4517
2 4518
3
4
1 4521
5
4
3
2 4525
6
1 4527
3
2 4529
2 4530
4
2 4532
4
1 4534
4
2 4536
6
3
6
1 4540
5
6
4
2 4544
3
2 4546
5
3
6
4
4
2 4552
6
4
1 4555
2 4556
6
5
4
6
1 4561
6
3
3
2 4565
4
2 4567
3
2 4569
5
6
2 4572
3
1 4574
5
2 4576
2 4577
4
3
3
2 4581
3
6
3
2 4585
3
2 4587
4
1 4589
4
2 4591
3
2 4593
3
2 4595
4
2 4597
6
2 4599
4
2 4601
3
4
1 4604
4
2 4606
2 4607
1 4608
6
5
3
4
2 4613
4
1 4615
3
2 4617
5
1 4619
6
1 4621
6
2 4623
2 4624
6
3
5
1 4628
6
4
3
3
1 4633
2 4634
4
4
4
2 4638
1 4639
3
4
3
4
1 4644
4
2 4646
4
2 4648
2 4649
1 4650
5
3
3
3
1 4655
2 4656
4
3
1 4659
4
2 4661
5
4
2 4664
1 4665
2 4666
3
3
4
2 4670
1 4671
1 4672
4
3
1 4675
1 4676
2 4677
4
3
6
4
4
1 4683
6
5
4
2 4687
1 4688
3
3
1 4691
3
2 4693
4
1 4695
5
3
1 4698
3
2 4700
1 4701
3
3
2 4704
1 4705
3
3
1 4708
5
2 4710
3
1 4712
5
1 4714
3
2 4716
4
3
5
4
1 4721
3
1 4723
5
1 4725
3
3
2 4728
4
2 4730
4
2 4732
1 4733
4
5
3
2 4737
3
2 4739
6
3
2 4742
6
5
1 4745
2 4746
4
4
4
1 4750
3
1 4752
1 4753
1 4754
1 4755
6
1 4757
1 4758
2 4759
3
3
4
2 4763
5
3
6
2 4767
5
2 4769
5
6
4
3
1 4774
3
3
4
2 4778
4
4
4
2 4782
2 4783
2 4784
4
4
4
1 4788
1 4789
4
2 4791
3
3
2 4794
6
3
1 4797
5
4
1 4800
3
2 4802
1 4803
1 4804
2 4805
6
3
3
4
3
2 4811
4
2 4813
6
4
2 4816
2 4817
5
3
1 4820
3
4
2 4823
6
5
6
4
2 4828
3
2 4830
3
1 4832
4
2 4834
1 4835
4
4
1 4838
3
1 4840
4
1 4842
4
2 4844
2 4845
3
4
1 4848
1 4849
3
3
1 4852
2 4853
5
6
5
2 4857
2 4858
4
6
5
6
2 4863
5
3
1 4866
2 4867
2 4868
3
1 4870
4
4
5
1 4874
3
1 4876
2 4877
1 4878
4
1 4880
2 4881
3
6
5
3
4
4
2 4888
5
4
4
5
4
4
6
4
2 4897
5
6
5
2 4901
4
2 4903
4
3
2 4906
6
5
1 4909
6
1 4911
6
5
3
3
1 4916
4
4
1 4919
3
2 4921
3
1 4923
3
2 4925
5
1 4927
2 4928
6
4
5
6
5
4
4
1 4936
1 4937
3
6
4
2 4941
5
3
1 4944
4
2 4946
3
2 4948
2 4949
4
5
6
3
1 4954
4
2 4956
4
1 4958
6
1 4960
2 4961
3
2 4963
4
4
1 4966
2 4967
4
3
4
1 4971
4
2 4973
5
1 4975
5
4
2 4978
2 4979
1 4980
4
1 4982
2 4983
2 4984
5
2 4986
2 4987
1 4988
5
4
2 4991
4
6
4
3
1 4996
6
2 4998
4
3
6
5
4
1 5004
5
4
1 5007
3
3
3
3
2 5012
5
3
4
5
2 5017
3
5
3
1 5021
3
1 5023
4
1 5025
4
1 5027
3
1 5029
4
1 5031
4
2 5033
5
6
1 5036
3
3
1 5039
3
1 5041
5
1 5043
2 5044
5
4
1 5047
4
4
1 5050
4
2 5052
3
5
6
1 5056
3
1 5058
4
2 5060
1 5061
4
1 5063
1 5064
3
4
3
2 5068
1 5069
4
4
1 5072
5
3
4
1 5076
4
2 5078
5
2 5080
3
4
2 5083
4
2 5085
3
2 5087
3
1 5089
4
2 5091
4
1 5093
5
3
2 5096
4
2 5098
3
1 5100
2 5101
4
4
2 5104
1 5105
4
5
2 5108
1 5109
4
4
6
5
6
5
4
2 5117
6
3
1 5120
3
2 5122
5
3
2 5125
3
1 5127
3
1 5129
3
2 5131
6
1 5133
2 5134
4
4
2 5137
6
3
3
2 5141
3
2 5143
1 5144
2 5145
4
3
4
2 5149
3
1 5151
4
2 5153
1 5154
5
3
3
2 5158
1 5159
1 5160
3
4
6
1 5164
2 5165
6
4
5
3
2 5170
1 5171
2 5172
1 5173
2 5174
4
5
4
2 5178
6
1 5180
3
2 5182
3
2 5184
1 5185
1 5186
6
5
4
4
3
3
4
4
4
4
1 5197
5
3
1 5200
2 5201
3
4
1 5204
5
6
4
1 5208
4
2 5210
3
2 5212
2 5213
1 5214
1 5215
3
4
4
3
1 5220
2 5221
1 5222
5
3
3
2 5226
1 5227
4
6
3
2 5231
4
6
5
4
1 5236
2 5237
4
3
2 5240
4
1 5242
1 5243
1 5244
3
3
4
2 5248
5
4
1 5251
2 5252
3
3
1 5255
3
1 5257
4
1 5259
2 5260
6
2 5262
1 5263
1 5264
6
5
2 5267
4
3
4
4
4
3
1 5274
2 5275
4
4
2 5278
4
1 5280
5
3
2 5283
1 5284
6
4
4
2 5288
4
1 5290
2 5291
4
5
1 5294
4
4
1 5297
5
4
1 5300
2 5301
2 5302
2 5303
6
3
3
4
2 5308
6
4
3
2 5312
1 5313
3
4
1 5316
2 5317
4
2 5319
4
1 5321
4
6
4
1 5325
2 5326
3
3
1 5329
5
6
3
1 5333
4
2 5335
6
3
2 5338
3
2 5340
4
1 5342
6
3
1 5345
6
4
2 5348
1 5349
4
6
1 5352
6
3
1 5355
5
6
3
5
2 5360
3
3
2 5363
5
4
1 5366
3
1 5368
4
2 5370
4
1 5372
6
2 5374
3
4
1 5377
5
3
1 5380
2 5381
5
3
3
2 5385
4
2 5387
1 5388
4
6
5
1 5392
6
2 5394
3
6
5
4
3
2 5400
4
1 5402
4
1 5404
2 5405
2 5406
4
2 5408
3
3
1 5411
4
6
4
1 5415
2 5416
3
3
1 5419
5
3
1 5422
4
2 5424
5
4
2 5427
6
4
1 5430
5
2 5432
6
4
3
2 5436
1 5437
4
2 5439
3
4
2 5442
4
1 5444
3
1 5446
5
1 5448
1 5449
6
4
6
4
4
1 5455
6
2 5457
3
2 5459
6
5
6
5
1 5464
5
6
3
6
4
3
1 5471
4
1 5473
4
1 5475
3
2 5477
3
1 5479
3
2 5481
2 5482
2 5483
4
1 5485
5
2 5487
3
3
6
5
3
6
3
1 5495
3
1 5497
3
2 5499
4
2 5501
6
2 5503
4
4
2 5506
2 5507
4
3
1 5510
3
2 5512
3
2 5514
5
4
2 5517
6
5
1 5520
4
4
1 5523
3
2 5525
4
2 5527
2 5528
3
5
6
2 5532
1 5533
2 5534
4
1 5536
3
3
6
3
1 5541
1 5542
6
5
6
3
5
3
4
1 5550
4
1 5552
3
2 5554
1 5555
3
3
1 5558
2 5559
2 5560
1 5561
3
6
1 5564
6
5
6
2 5568
3
3
4
4
6
4
1 5575
4
2 5577
4
2 5579
5
4
1 5582
4
2 5584
5
4
2 5587
3
2 5589
1 5590
5
6
5
1 5594
3
5
3
3
1 5599
2 5600
4
4
1 5603
3
1 5605
4
2 5607
3
2 5609
6
4
2 5612
5
3
1 5615
5
6
4
1 5619
1 5620
5
4
2 5623
3
2 5625
1 5626
5
6
2 5629
5
2 5631
4
3
6
2 5635
3
4
6
2 5639
3
3
6
2 5643
3
3
2 5646
3
2 5648
4
2 5650
3
2 5652
4
2 5654
1 5655
3
1 5657
2 5658
4
1 5660
3
4
6
1 5664
3
3
1 5667
4
1 5669
1 5670
6
4
1 5673
4
4
1 5676
5
1 5678
4
5
2 5681
3
3
2 5684
1 5685
5
4
4
1 5689
4
1 5691
2 5692
3
1 5694
4
6
5
1 5698
4
3
1 5701
1 5702
1 5703
4
3
4
2 5707
1 5708
4
3
1 5711
3
2 5713
3
2 5715
3
2 5717
1 5718
6
5
4
6
5
6
2 5725
4
3
1 5728
5
3
2 5731
3
1 5733
4
2 5735
1 5736
4
4
1 5739
4
1 5741
5
3
2 5744
6
5
4
1 5748
3
2 5750
4
2 5752
1 5753
3
1 5755
3
6
4
1 5759
1 5760
3
3
2 5763
1 5764
3
4
2 5767
6
4
2 5770
2 5771
2 5772
5
1 5774
4
2 5776
4
3
5
6
1 5781
5
1 5783
6
4
4
4
4
1 5789
5
3
2 5792
6
5
6
3
1 5797
4
2 5799
3
2 5801
1 5802
6
2 5804
6
5
1 5807
4
2 5809
3
3
2 5812
4
4
6
1 5816
6
2 5818
3
2 5820
4
4
4
1 5824
6
1 5826
3
3
2 5829
6
5
3
2 5833
1 5834
1 5835
4
4
2 5838
3
4
2 5841
4
1 5843
3
1 5845
3
2 5847
4
2 5849
5
2 5851
3
4
2 5854
3
1 5856
6
4
2 5859
3
2 5861
4
1 5863
1 5864
4
6
4
1 5868
5
6
1 5871
3
3
1 5874
4
1 5876
3
1 5878
4
2 5880
6
4
2 5883
4
2 5885
1 5886
4
4
1 5889
6
5
2 5892
4
4
2 5895
3
1 5897
5
6
5
4
2 5902
3
1 5904
3
1 5906
4
2 5908
5
2 5910
5
4
1 5913
4
6
4
1 5917
3
2 5919
5
4
2 5922
2 5923
4
2 5925
3
3
2 5928
6
1 5930
1 5931
2 5932
3
5
3
4
5
3
2 5939
2 5940
3
4
2 5943
4
2 5945
6
4
1 5948
6
5
6
3
1 5953
1 5954
3
3
1 5957
6
5
6
2 5961
2 5962
4
2 5964
4
2 5966
3
4
4
1 5970
5
6
3
1 5974
3
2 5976
3
1 5978
1 5979
2 5980
6
1 5982
1 5983
2 5984
3
2 5986
4
3
2 5989
5
1 5991
4
3
2 5994
5
6
5
3
6
3
1 6001
6
4
6
2 6005
4
4
2 6008
4
1 6010
4
3
4
2 6014
3
1 6016
4
1 6018
4
1 6020
1 6021
1 6022
2 6023
4
4
1 6026
4
4
5
1 6030
2 6031
6
5
4
5
2 6036
4
2 6038
3
3
3
1 6042
5
3
2 6045
4
2 6047
3
2 6049
6
5
3
1 6053
1 6054
1 6055
4
5
4
3
1 6060
4
1 6062
2 6063
3
3
1 6066
1 6067
5
6
3
3
2 6072
3
2 6074
3
1 6076
5
4
2 6079
3
1 6081
2 6082
3
2 6084
3
6
4
2 6088
4
2 6090
3
2 6092
5
6
3
1 6096
3
2 6098
3
1 6100
2 6101
3
4
1 6104
3
1 6106
2 6107
4
3
2 6110
3
1 6112
5
3
1 6115
2 6116
6
4
6
1 6120
4
3
2 6123
1 6124
4
3
2 6127
4
2 6129
3
2 6131
4
2 6133
4
2 6135
5
6
4
1 6139
3
2 6141
4
2 6143
1 6144
3
5
6
5
3
1 6150
2 6151
4
3
2 6154
1 6155
3
6
2 6158
6
5
3
5
6
4
1 6165
3
1 6167
1 6168
3
4
1 6171
4
1 6173
2 6174
4
6
5
1 6178
4
3
1 6181
1 6182
3
4
1 6185
5
1 6187
2 6188
3
2 6190
4
3
4
2 6194
6
2 6196
4
6
1 6199
6
3
2 6202
2 6203
4
3
5
3
1 6208
6
3
1 6211
3
2 6213
5
1 6215
3
1 6217
5
4
4
1 6221
6
3
1 6224
3
1 6226
3
2 6228
3
2 6230
4
1 6232
6
5
1 6235
5
6
5
6
5
1 6241
3
1 6243
3
4
2 6246
5
3
6
4
1 6251
4
1 6253
6
3
2 6256
1 6257
4
5
6
3
2 6262
3
2 6264
2 6265
6
5
2 6268
3
4
6
3
2 6273
2 6274
3
1 6276
2 6277
4
4
4
1 6281
5
6
3
2 6285
2 6286
4
3
1 6289
4
1 6291
1 6292
1 6293
4
3
1 6296
3
3
2 6299
6
5
4
1 6303
3
1 6305
4
2 6307
4
2 6309
1 6310
3
3
1 6313
6
3
1 6316
5
4
2 6319
4
2 6321
1 6322
6
3
2 6325
1 6326
4
4
4
1 6330
4
1 6332
2 6333
6
3
6
3
1 6338
4
1 6340
5
6
3
2 6344
3
1 6346
3
2 6348
1 6349
1 6350
2 6351
4
3
1 6354
5
6
5
2 6358
3
3
3
4
2 6363
3
2 6365
3
1 6367
4
1 6369
4
1 6371
1 6372
2 6373
1 6374
3
6
4
3
4
1 6380
1 6381
5
1 6383
2 6384
4
2 6386
6
4
6
3
2 6391
1 6392
6
3
3
5
6
5
4
4
1 6401
3
1 6403
3
2 6405
3
2 6407
4
2 6409
1 6410
3
2 6412
6
3
4
2 6416
4
1 6418
3
2 6420
4
2 6422
3
2 6424
3
2 6426
4
1 6428
2 6429
4
5
1 6432
1 6433
5
4
5
3
2 6438
2 6439
4
3
2 6442
2 6443
3
3
5
6
3
2 6449
3
1 6451
3
2 6453
3
2 6455
1 6456
3
4
1 6459
5
6
4
2 6463
2 6464
4
5
3
2 6468
6
5
3
2 6472
4
1 6474
4
1 6476
2 6477
3
6
4
1 6481
4
1 6483
4
2 6485
3
1 6487
4
1 6489
1 6490
6
2 6492
4
4
2 6495
2 6496
1 6497
3
2 6499
6
2 6501
2 6502
2 6503
3
4
2 6506
3
5
6
2 6510
4
3
1 6513
4
6
4
3
2 6518
3
3
1 6521
3
3
2 6524
4
1 6526
3
1 6528
3
1 6530
2 6531
3
4
2 6534
4
1 6536
3
1 6538
5
2 6540
3
6
1 6543
5
2 6545
4
4
2 6548
2 6549
3
3
4
1 6553
2 6554
5
2 6556
5
4
6
2 6560
6
5
2 6563
3
6
4
5
6
3
3
2 6571
3
2 6573
4
2 6575
4
2 6577
3
1 6579
3
1 6581
6
4
1 6584
2 6585
1 6586
6
3
3
5
6
1 6592
4
3
2 6595
3
1 6597
3
1 6599
3
2 6601
1 6602
1 6603
4
2 6605
6
4
6
5
2 6610
4
3
5
2 6614
3
3
2 6617
3
1 6619
5
4
2 6622
5
4
2 6625
6
4
2 6628
2 6629
3
3
1 6632
3
1 6634
6
5
6
3
2 6639
3
2 6641
1 6642
4
5
6
4
2 6647
3
2 6649
1 6650
5
2 6652
6
4
2 6655
3
2 6657
4
4
6
3
1 6662
6
2 6664
1 6665
6
2 6667
5
3
6
3
6
3
4
1 6675
5
1 6677
4
2 6679
3
3
1 6682
3
2 6684
1 6685
3
6
4
1 6689
3
2 6691
5
6
3
2 6695
4
1 6697
4
1 6699
3
2 6701
3
2 6703
5
4
1 6706
3
1 6708
3
1 6710
2 6711
2 6712
5
4
3
6
2 6717
6
3
4
1 6721
3
2 6723
3
2 6725
4
1 6727
4
1 6729
6
4
2 6732
3
1 6734
1 6735
5
3
5
2 6739
4
5
3
2 6743
2 6744
2 6745
1 6746
3
1 6748
2 6749
4
4
4
4
4
1 6755
1 6756
4
3
1 6759
2 6760
6
1 6762
3
4
3
2 6766
5
6
5
3
2 6771
5
4
2 6774
1 6775
4
5
1 6778
4
3
2 6781
2 6782
1 6783
5
4
4
3
1 6788
5
1 6790
1 6791
2 6792
4
5
4
3
4
2 6798
4
1 6800
6
5
4
2 6804
4
2 6806
4
1 6808
3
2 6810
3
1 6812
4
1 6814
4
2 6816
4
1 6818
4
2 6820
2 6821
1 6822
4
5
1 6825
2 6826
4
3
2 6829
3
3
1 6832
3
2 6834
3
4
2 6837
2 6838
3
1 6840
4
3
1 6843
4
2 6845
1 6846
2 6847
6
3
4
2 6851
4
3
2 6854
6
5
2 6857
1 6858
4
1 6860
1 6861
4
4
3
1 6865
3
2 6867
3
4
1 6870
6
4
2 6873
3
2 6875
1 6876
6
1 6878
1 6879
4
3
6
5
3
4
2 6886
2 6887
3
2 6889
6
3
4
1 6893
1 6894
6
5
3
1 6898
6
4
6
1 6902
5
1 6904
6
4
5
4
4
1 6910
4
2 6912
3
1 6914
4
2 6916
5
6
2 6919
5
1 6921
6
2 6923
4
1 6925
3
3
5
6
4
3
2 6932
2 6933
6
1 6935
6
1 6937
6
1 6939
3
5
3
6
3
3
5
6
2 6948
1 6949
4
6
3
2 6953
2 6954
3
3
6
1 6958
3
4
1 6961
3
1 6963
4
1 6965
1 6966
3
3
1 6969
6
1 6971
3
4
1 6974
2 6975
5
1 6977
5
6
5
6
2 6982
3
3
2 6985
2 6986
6
5
4
4
3
5
4
1 6994
1 6995
2 6996
1 6997
4
4
4
2 7001
2 7002
3
4
4
1 7006
4
2 7008
3
2 7010
2 7011
1 7012
3
1 7014
6
2 7016
3
3
5
2 7020
3
5
3
3
1 7025
3
1 7027
3
1 7029
1 7030
3
4
2 7033
2 7034
5
2 7036
4
4
3
1 7040
3
2 7042
5
4
1 7045
1 7046
6
3
3
2 7050
1 7051
5
6
3
5
2 7056
6
4
6
2 7060
4
4
2 7063
3
1 7065
1 7066
4
3
2 7069
6
5
6
3
1 7074
3
2 7076
3
2 7078
1 7079
6
3
4
2 7083
2 7084
2 7085
1 7086
6
5
3
3
3
3
2 7093
6
2 7095
4
5
4
1 7099
3
1 7101
6
5
4
1 7105
4
2 7107
4
1 7109
4
2 7111
5
3
1 7114
1 7115
5
2 7117
2 7118
6
5
3
1 7122
3
2 7124
3
4
5
2 7128
4
3
6
4
1 7133
2 7134
4
4
2 7137
5
6
1 7140
2 7141
5
6
3
5
3
4
1 7148
4
1 7150
2 7151
2 7152
2 7153
1 7154
5
3
3
3
1 7159
6
4
2 7162
2 7163
4
6
5
1 7167
6
4
3
1 7171
4
1 7173
3
5
6
3
5
4
1 7180
3
1 7182
4
2 7184
2 7185
6
3
5
6
3
1 7191
2 7192
3
3
1 7195
1 7196
3
4
2 7199
3
1 7201
2 7202
4
4
1 7205
3
2 7207
5
4
1 7210
3
2 7212
3
1 7214
4
2 7216
3
1 7218
6
1 7220
1 7221
5
3
1 7224
3
2 7226
6
3
3
4
1 7231
1 7232
3
6
1 7235
2 7236
6
3
4
6
5
2 7242
1 7243
4
2 7245
3
2 7247
4
2 7249
4
1 7251
3
3
3
1 7255
3
2 7257
4
2 7259
1 7260
4
2 7262
6
3
4
1 7266
5
6
3
1 7270
3
1 7272
3
2 7274
3
2 7276
1 7277
3
3
2 7280
6
5
6
3
2 7285
1 7286
5
4
1 7289
5
3
5
4
2 7294
5
4
1 7297
4
1 7299
4
2 7301
3
1 7303
6
1 7305
4
4
1 7308
3
2 7310
2 7311
6
5
3
4
2 7316
3
2 7318
6
1 7320
3
3
1 7323
6
3
1 7326
4
1 7328
3
2 7330
6
2 7332
2 7333
3
3
3
2 7337
4
2 7339
3
2 7341
3
2 7343
6
5
4
1 7347
1 7348
2 7349
3
4
2 7352
3
4
1 7355
1 7356
3
4
2 7359
6
4
1 7362
3
2 7364
5
6
3
1 7368
3
1 7370
3
1 7372
3
1 7374
6
3
2 7377
5
4
1 7380
4
2 7382
6
1 7384
3
6
4
2 7388
1 7389
5
4
2 7392
3
1 7394
2 7395
6
1 7397
3
1 7399
3
3
5
4
4
1 7405
4
1 7407
4
1 7409
2 7410
3
1 7412
3
3
1 7415
2 7416
3
4
2 7419
6
1 7421
2 7422
3
4
4
1 7426
5
6
5
3
1 7431
3
2 7433
4
2 7435
4
1 7437
5
3
2 7440
1 7441
4
4
1 7444
3
1 7446
2 7447
1 7448
5
3
4
4
2 7453
3
1 7455
1 7456
4
1 7458
2 7459
6
2 7461
1 7462
5
3
2 7465
2 7466
2 7467
2 7468
4
1 7470
6
2 7472
1 7473
3
5
3
4
3
3
2 7480
1 7481
2 7482
5
4
1 7485
6
2 7487
2 7488
6
1 7490
1 7491
4
6
4
5
4
4
1 7498
5
1 7500
5
4
6
1 7504
3
4
6
5
4
1 7510
6
5
1 7513
1 7514
2 7515
3
5
6
3
3
6
5
3
2 7524
5
4
5
4
5
1 7530
4
4
3
4
3
6
4
6
5
6
4
1 7542
6
4
1 7545
5
2 7547
4
3
1 7550
6
5
6
3
2 7555
4
1 7557
4
1 7559
3
1 7561
4
2 7563
6
4
1 7566
3
2 7568
3
2 7570
5
3
2 7573
3
1 7575
5
6
1 7578
1 7579
6
4
3
4
2 7584
2 7585
1 7586
2 7587
1 7588
3
2 7590
3
2 7592
1 7593
2 7594
6
3
4
4
3
2 7600
2 7601
3
2 7603
2 7604
3
1 7606
5
2 7608
2 7609
6
3
6
5
6
4
3
5
3
4
5
3
2 7622
1 7623
4
3
5
1 7627
4
4
2 7630
1 7631
4
4
4
1 7635
3
1 7637
6
3
2 7640
5
3
2 7643
1 7644
4
4
1 7647
4
2 7649
5
6
3
1 7653
4
2 7655
2 7656
6
5
2 7659
4
4
2 7662
4
5
2 7665
5
6
5
1 7669
3
3
2 7672
5
1 7674
5
3
3
6
4
2 7680
3
2 7682
3
2 7684
1 7685
4
2 7687
4
3
2 7690
3
2 7692
6
5
3
1 7696
3
1 7698
1 7699
6
5
1 7702
2 7703
2 7704
3
3
4
1 7708
4
1 7710
4
2 7712
3
3
1 7715
5
6
5
4
6
4
1 7722
6
3
2 7725
3
2 7727
2 7728
1 7729
4
5
4
5
3
1 7735
6
3
1 7738
3
2 7740
3
2 7742
1 7743
1 7744
3
6
5
2 7748
4
4
6
4
2 7753
1 7754
4
3
2 7757
4
1 7759
3
2 7761
5
6
4
1 7765
6
1 7767
3
4
2 7770
3
2 7772
4
2 7774
2 7775
3
3
2 7778
6
5
6
1 7782
5
3
3
2 7786
2 7787
2 7788
3
5
4
2 7792
1 7793
5
4
3
5
6
3
1 7800
1 7801
5
4
6
3
2 7806
4
1 7808
1 7809
2 7810
4
3
1 7813
1 7814
2 7815
1 7816
2 7817
4
2 7819
6
3
5
6
2 7824
5
6
1 7827
4
3
3
1 7831
4
4
6
5
6
3
3
4
1 7840
4
2 7842
4
1 7844
2 7845
1 7846
4
2 7848
4
3
4
1 7852
5
3
2 7855
4
1 7857
4
2 7859
3
1 7861
5
4
1 7864
4
1 7866
1 7867
2 7868
5
6
4
3
3
2 7874
5
4
1 7877
2 7878
2 7879
6
5
4
6
5
3
4
2 7887
3
1 7889
4
2 7891
4
2 7893
2 7894
4
3
1 7897
4
2 7899
3
2 7901
5
6
1 7904
4
2 7906
4
3
2 7909
5
6
3
1 7913
2 7914
2 7915
3
5
3
5
1 7920
3
3
1 7923
3
1 7925
1 7926
5
3
6
4
1 7931
6
4
1 7934
5
6
1 7937
5
6
3
3
1 7942
1 7943
5
4
3
1 7947
6
3
2 7950
6
4
2 7953
2 7954
2 7955
5
4
1 7958
4
5
3
4
1 7963
6
3
1 7966
3
1 7968
3
1 7970
3
2 7972
6
5
3
1 7976
6
1 7978
1 7979
3
4
6
4
2 7984
4
1 7986
3
1 7988
6
3
2 7991
4
2 7993
5
3
2 7996
3
2 7998
3
2 8000
4
1 8002
3
2 8004
3
1 8006
5
1 8008
1 8009
2 8010
5
2 8012
4
6
4
5
1 8017
3
2 8019
4
5
1 8022
5
6
5
3
1 8027
4
4
4
3
1 8032
2 8033
2 8034
1 8035
6
2 8037
6
4
5
4
2 8042
4
6
4
6
2 8047
2 8048
4
6
5
1 8052
6
4
2 8055
1 8056
3
5
1 8059
3
5
1 8062
4
2 8064
4
6
2 8067
5
2 8069
3
3
5
4
1 8074
3
4
3
4
1 8079
5
3
1 8082
5
2 8084
4
1 8086
2 8087
4
5
1 8090
4
3
4
2 8094
1 8095
5
1 8097
4
4
3
1 8101
1 8102
4
4
2 8105
1 8106
1 8107
6
4
3
4
2 8112
3
1 8114
4
1 8116
4
2 8118
6
5
4
2 8122
2 8123
1 8124
4
1 8126
2 8127
3
3
3
3
2 8132
5
3
2 8135
4
1 8137
4
2 8139
2 8140
3
6
2 8143
1 8144
4
6
5
6
1 8149
4
3
1 8152
2 8153
5
2 8155
3
4
2 8158
6
3
1 8161
4
4
6
3
2 8166
3
1 8168
4
1 8170
6
5
3
2 8174
4
2 8176
4
1 8178
2 8179
1 8180
6
5
3
3
4
2 8186
4
1 8188
4
2 8190
6
4
1 8193
6
5
2 8196
3
4
2 8199
6
3
2 8202
3
1 8204
3
1 8206
5
4
1 8209
2 8210
1 8211
1 8212
3
6
4
3
3
1 8218
5
4
2 8221
4
1 8223
3
1 8225
2 8226
4
5
3
2 8230
6
4
2 8233
1 8234
2 8235
3
1 8237
4
6
4
2 8241
2 8242
3
4
3
1 8246
4
2 8248
3
1 8250
6
3
2 8253
5
4
1 8256
5
1 8258
3
4
1 8261
2 8262
3
4
2 8265
4
2 8267
1 8268
2 8269
6
3
5
1 8273
4
5
4
5
1 8278
2 8279
2 8280
6
3
5
4
3
5
3
2 8288
5
1 8290
1 8291
2 8292
4
3
2 8295
5
4
1 8298
5
6
3
3
2 8303
5
3
4
1 8307
6
1 8309
1 8310
3
1 8312
3
3
1 8315
2 8316
3
6
3
6
2 8321
5
3
3
1 8325
4
2 8327
3
1 8329
1 8330
6
5
6
3
6
5
2 8337
4
3
2 8340
3
2 8342
3
1 8344
3
1 8346
5
3
1 8349
6
1 8351
5
3
2 8354
3
5
3
1 8358
3
1 8360
5
6
4
2 8364
4
2 8366
3
2 8368
1 8369
3
4
1 8372
4
1 8374
4
1 8376
5
3
1 8379
4
2 8381
1 8382
3
5
4
1 8386
4
2 8388
3
1 8390
1 8391
1 8392
3
4
6
5
4
1 8398
6
4
1 8401
4
1 8403
4
1 8405
3
1 8407
1 8408
2 8409
4
5
4
4
1 8414
1 8415
6
3
3
2 8419
5
3
2 8422
4
2 8424
2 8425
5
1 8427
5
2 8429
2 8430
1 8431
1 8432
4
5
6
4
5
3
4
3
3
4
2 8443
4
2 8445
4
1 8447
3
1 8449
2 8450
3
1 8452
4
4
1 8455
1 8456
2 8457
5
3
5
4
6
2 8463
4
3
2 8466
5
6
2 8469
2 8470
4
5
3
3
2 8475
1 8476
2 8477
6
5
3
4
5
4
1 8484
6
4
2 8487
5
3
1 8490
2 8491
4
3
2 8494
4
1 8496
4
2 8498
4
2 8500
1 8501
1 8502
2 8503
4
6
2 8506
4
3
4
4
2 8511
3
2 8513
5
4
1 8516
4
2 8518
6
4
2 8521
4
2 8523
5
6
5
3
1 8528
3
2 8530
6
3
1 8533
3
1 8535
1 8536
3
6
3
1 8540
5
6
2 8543
3
3
1 8546
2 8547
5
4
5
6
3
2 8553
3
2 8555
6
4
1 8558
3
1 8560
5
3
2 8563
4
1 8565
4
1 8567
6
3
2 8570
6
2 8572
4
6
4
1 8576
3
2 8578
3
2 8580
1 8581
4
4
2 8584
2 8585
3
3
2 8588
2 8589
2 8590
1 8591
3
4
1 8594
5
6
5
4
4
4
1 8601
5
4
2 8604
2 8605
5
6
2 8608
2 8609
6
3
3
4
4
1 8615
4
2 8617
6
3
1 8620
3
1 8622
2 8623
4
4
2 8626
4
2 8628
2 8629
3
4
1 8632
5
6
5
4
2 8637
4
1 8639
3
1 8641
3
1 8643
4
2 8645
3
1 8647
1 8648
4
4
1 8651
4
2 8653
3
1 8655
1 8656
3
6
3
1 8660
3
1 8662
2 8663
3
2 8665
4
3
2 8668
4
1 8670
4
1 8672
3
2 8674
6
3
1 8677
1 8678
4
3
2 8681
6
4
1 8684
3
1 8686
3
1 8688
2 8689
5
3
4
2 8693
2 8694
3
3
1 8697
3
1 8699
3
2 8701
3
2 8703
2 8704
4
4
2 8707
2 8708
5
6
5
4
4
2 8714
6
5
3
1 8718
6
2 8720
6
2 8722
3
4
5
4
1 8727
4
2 8729
2 8730
1 8731
2 8732
5
4
3
3
4
1 8738
4
2 8740
4
1 8742
5
1 8744
1 8745
2 8746
5
4
3
3
5
4
2 8753
3
1 8755
5
3
2 8758
6
4
2 8761
1 8762
6
4
1 8765
5
4
5
6
5
3
1 8772
3
2 8774
3
1 8776
1 8777
6
4
2 8780
4
6
3
2 8784
3
1 8786
6
2 8788
5
3
5
6
2 8793
4
1 8795
3
4
1 8798
4
1 8800
5
3
1 8803
6
3
1 8806
4
1 8808
5
6
4
2 8812
2 8813
6
1 8815
2 8816
1 8817
4
3
3
6
3
1 8823
3
1 8825
3
3
1 8828
2 8829
3
4
1 8832
2 8833
2 8834
5
4
4
3
2 8839
6
2 8841
3
4
1 8844
1 8845
3
4
2 8848
4
1 8850
4
1 8852
6
5
6
4
1 8857
6
4
2 8860
6
5
6
4
1 8865
3
1 8867
4
1 8869
6
4
2 8872
4
2 8874
4
2 8876
4
2 8878
2 8879
6
4
4
2 8883
3
1 8885
3
1 8887
1 8888
2 8889
6
2 8891
3
5
3
4
4
2 8897
6
5
3
2 8901
1 8902
4
1 8904
4
3
1 8907
6
4
2 8910
1 8911
1 8912
5
3
6
4
3
1 8918
3
1 8920
4
1 8922
4
1 8924
1 8925
5
3
5
2 8929
6
5
3
4
1 8934
2 8935
4
4
1 8938
4
2 8940
6
5
4
2 8944
5
6
3
2 8948
3
2 8950
2 8951
5
4
3
2 8955
4
1 8957
3
1 8959
6
5
4
2 8963
4
2 8965
3
2 8967
2 8968
3
3
1 8971
2 8972
4
3
2 8975
3
1 8977
2 8978
4
3
2 8981
3
2 8983
6
2 8985
2 8986
6
5
3
4
5
1 8992
5
1 8994
3
6
5
6
5
4
3
2 9002
4
1 9004
6
4
2 9007
3
2 9009
6
2 9011
4
1 9013
3
4
1 9016
1 9017
1 9018
5
1 9020
1 9021
3
6
4
2 9025
4
4
1 9028
4
4
3
1 9032
1 9033
4
3
2 9036
2 9037
5
1 9039
4
1 9041
4
2 9043
5
2 9045
1 9046
1 9047
2 9048
4
4
3
3
1 9053
4
3
3
4
1 9058
3
1 9060
2 9061
4
3
1 9064
3
2 9066
6
4
1 9069
2 9070
5
4
3
1 9074
1 9075
6
2 9077
3
1 9079
4
2 9081
4
6
2 9084
3
3
2 9087
4
3
2 9090
5
3
2 9093
1 9094
5
3
4
2 9098
5
3
1 9101
1 9102
4
5
3
2 9106
1 9107
3
2 9109
1 9110
3
3
6
3
2 9115
4
1 9117
4
1 9119
6
3
1 9122
4
2 9124
4
1 9126
1 9127
4
4
2 9130
2 9131
3
1 9133
5
3
6
2 9137
6
1 9139
3
1 9141
6
4
6
5
2 9146
4
2 9148
2 9149
4
6
1 9152
6
1 9154
2 9155
1 9156
3
3
6
3
1 9161
4
2 9163
6
3
1 9166
6
5
3
4
5
4
6
3
4
1 9176
1 9177
4
4
1 9180
1 9181
2 9182
6
1 9184
1 9185
6
1 9187
3
3
4
3
2 9192
2 9193
6
5
6
1 9197
1 9198
3
2 9200
4
2 9202
2 9203
2 9204
6
5
2 9207
6
5
4
5
6
2 9213
3
3
3
3
6
3
4
4
3
3
1 9224
5
2 9226
1 9227
1 9228
6
4
6
4
6
3
6
5
3
2 9238
1 9239
3
3
2 9242
3
2 9244
2 9245
3
5
4
1 9249
1 9250
1 9251
2 9252
3
4
4
1 9256
3
4
2 9259
4
2 9261
2 9262
3
4
1 9265
4
1 9267
1 9268
4
3
2 9271
5
3
2 9274
4
1 9276
2 9277
4
4
1 9280
5
4
1 9283
4
1 9285
4
1 9287
3
1 9289
4
1 9291
3
2 9293
4
1 9295
5
1 9297
2 9298
6
5
4
2 9302
5
6
1 9305
2 9306
4
1 9308
3
6
4
4
4
1 9314
6
4
2 9317
1 9318
3
5
4
2 9322
3
1 9324
3
3
1 9327
4
2 9329
2 9330
4
2 9332
6
5
2 9335
4
4
3
2 9339
2 9340
3
1 9342
3
1 9344
1 9345
4
6
2 9348
1 9349
6
5
4
1 9353
2 9354
3
6
3
3
3
1 9360
2 9361
2 9362
3
6
3
3
5
2 9368
3
2 9370
4
4
1 9373
3
1 9375
1 9376
2 9377
1 9378
1 9379
3
6
4
3
5
3
3
1 9387
2 9388
5
2 9390
1 9391
3
6
5
3
2 9396
1 9397
5
1 9399
4
6
5
6
5
6
3
1 9407
1 9408
6
4
4
3
4
4
1 9415
3
2 9417
2 9418
3
3
1 9421
6
4
2 9424
5
6
3
2 9428
6
4
1 9431
4
1 9433
4
1 9435
3
1 9437
2 9438
3
5
3
1 9442
3
2 9444
3
2 9446
4
1 9448
2 9449
5
6
1 9452
6
4
2 9455
3
1 9457
3
2 9459
6
2 9461
4
3
5
6
5
3
5
1 9469
1 9470
2 9471
6
5
4
4
6
5
1 9478
3
2 9480
5
4
6
5
3
5
4
1 9488
2 9489
3
5
2 9492
6
1 9494
4
3
2 9497
3
4
2 9500
4
1 9502
1 9503
6
5
1 9506
4
3
3
2 9510
3
1 9512
5
6
5
2 9516
5
6
1 9519
3
3
3
1 9523
3
2 9525
4
2 9527
5
3
2 9530
3
1 9532
2 9533
1 9534
5
4
6
2 9538
3
4
6
4
2 9543
3
2 9545
4
2 9547
4
1 9549
2 9550
5
3
6
4
2 9555
2 9556
5
3
2 9559
4
3
1 9562
3
1 9564
4
2 9566
1 9567
4
3
2 9570
4
1 9572
3
2 9574
4
2 9576
3
2 9578
4
1 9580
4
1 9582
1 9583
1 9584
3
5
4
5
4
2 9590
2 9591
3
2 9593
3
2 9595
2 9596
4
6
5
2 9600
3
3
3
1 9604
3
1 9606
2 9607
2 9608
4
1 9610
1 9611
5
1 9613
3
2 9615
5
4
4
2 9619
4
4
5
3
4
2 9625
6
5
3
2 9629
4
1 9631
3
2 9633
3
1 9635
3
2 9637
6
1 9639
3
2 9641
3
3
2 9644
2 9645
3
2 9647
3
3
1 9650
4
1 9652
1 9653
2 9654
1 9655
2 9656
3
6
5
6
5
1 9662
6
1 9664
1 9665
4
2 9667
4
4
4
4
6
4
6
4
4
1 9677
2 9678
3
4
2 9681
4
1 9683
2 9684
6
4
6
1 9688
4
5
6
3
2 9693
6
5
4
1 9697
3
2 9699
1 9700
5
4
3
2 9704
4
1 9706
3
1 9708
4
1 9710
4
2 9712
4
2 9714
1 9715
3
4
1 9718
5
3
1 9721
1 9722
4
1 9724
5
1 9726
4
5
3
4
2 9731
5
6
4
1 9735
2 9736
3
3
1 9739
5
2 9741
5
6
4
1 9745
4
3
1 9748
2 9749
1 9750
6
2 9752
5
4
3
5
3
3
2 9759
1 9760
3
5
3
1 9764
1 9765
2 9766
3
3
3
2 9770
2 9771
1 9772
5
4
5
6
5
2 9778
3
6
3
3
1 9783
5
3
1 9786
3
2 9788
5
4
2 9791
4
1 9793
4
2 9795
5
4
2 9798
4
1 9800
2 9801
3
3
2 9804
3
2 9806
4
2 9808
3
1 9810
6
1 9812
4
6
1 9815
3
2 9817
4
4
1 9820
4
1 9822
5
2 9824
4
6
5
3
1 9829
3
1 9831
5
3
1 9834
4
2 9836
3
1 9838
3
1 9840
6
4
2 9843
5
6
5
4
2 9848
3
2 9850
4
2 9852
6
5
2 9855
4
5
3
2 9859
2 9860
4
2 9862
4
3
1 9865
5
2 9867
4
2 9869
1 9870
3
1 9872
6
3
5
6
5
4
1 9879
4
3
1 9882
4
2 9884
4
1 9886
5
6
1 9889
2 9890
4
3
2 9893
5
4
2 9896
4
5
6
5
2 9901
3
6
1 9904
4
2 9906
4
3
1 9909
5
3
1 9912
2 9913
5
6
1 9916
3
5
4
6
2 9921
1 9922
4
3
6
5
1 9927
3
3
1 9930
2 9931
3
6
4
2 9935
4
2 9937
2 9938
3
1 9940
4
2 9942
3
5
4
1 9946
3
1 9948
3
2 9950
2 9951
1 9952
1 9953
6
3
2 9956
5
6
3
4
2 9961
5
3
3
2 9965
1 9966
4
3
4
2 9970
6
3
1 9973
3
2 9975
6
5
4
1 9979
5
4
2 9982
3
2 9984
5
3
1 9987
3
2 9989
6
3
2 9992
3
2 9994
5
6
5
6
2 9999
5
2 10001
3
4
4
2 10005
5
6
5
6
4
2 10011
1 10012
4
4
1 10015
4
2 10017
3
2 10019
4
1 10021
3
1 10023
2 10024
5
3
3
2 10028
3
1 10030
3
1 10032
3
1 10034
4
1 10036
1 10037
5
6
4
1 10041
2 10042
3
6
3
5
6
4
2 10049
5
6
5
4
2 10054
5
3
2 10057
2 10058
3
1 10060
4
4
1 10063
1 10064
4
3
2 10067
4
1 10069
3
1 10071
4
1 10073
1 10074
5
6
2 10077
4
4
3
2 10081
4
1 10083
6
2 10085
1 10086
6
2 10088
5
3
2 10091
1 10092
5
3
3
4
3
5
4
1 10100
1 10101
4
3
1 10104
6
3
2 10107
3
2 10109
4
1 10111
1 10112
4
4
2 10115
3
2 10117
1 10118
2 10119
6
5
3
3
6
2 10125
3
4
2 10128
6
5
4
1 10132
3
1 10134
6
1 10136
3
3
2 10139
6
3
1 10142
1 10143
4
1 10145
3
3
2 10148
5
6
5
4
1 10153
4
2 10155
6
4
1 10158
1 10159
4
2 10161
2 10162
1 10163
6
4
5
6
5
6
3
1 10171
3
2 10173
3
4
3
1 10177
3
2 10179
4
2 10181
2 10182
4
4
2 10185
4
2 10187
3
2 10189
6
4
1 10192
4
1 10194
1 10195
1 10196
2 10197
6
5
4
3
1 10202
5
4
1 10205
3
4
6
2 10209
4
6
4
1 10213
3
1 10215
3
1 10217
2 10218
4
5
6
3
1 10223
4
2 10225
5
4
2 10228
6
4
1 10231
4
2 10233
5
3
1 10236
1 10237
3
6
2 10240
4
4
1 10243
3
1 10245
4
2 10247
3
2 10249
3
1 10251
6
3
1 10254
5
1 10256
1 10257
3
5
3
6
3
1 10263
3
2 10265
6
5
6
5
6
4
2 10272
3
1 10274
3
1 10276
2 10277
1 10278
1 10279
4
3
4
3
2 10284
4
2 10286
2 10287
3
6
4
1 10291
4
1 10293
3
2 10295
2 10296
3
1 10298
2 10299
3
4
2 10302
1 10303
3
3
3
2 10307
2 10308
3
3
2 10311
6
5
6
4
2 10316
4
1 10318
5
6
3
1 10322
3
2 10324
1 10325
3
4
1 10328
4
1 10330
4
1 10332
4
2 10334
3
1 10336
2 10337
5
1 10339
3
4
1 10342
2 10343
2 10344
5
3
2 10347
1 10348
3
4
4
2 10352
3
4
4
2 10356
1 10357
1 10358
4
1 10360
2 10361
1 10362
5
3
1 10365
1 10366
4
5
6
2 10370
1 10371
4
3
4
5
2 10376
2 10377
4
6
5
2 10381
2 10382
4
3
3
2 10386
4
5
3
2 10390
5
6
5
4
4
4
4
2 10398
5
6
3
2 10402
3
2 10404
3
1 10406
1 10407
4
2 10409
6
4
4
2 10413
1 10414
4
3
2 10417
3
1 10419
6
4
2 10422
2 10423
1 10424
3
4
3
2 10428
3
1 10430
2 10431
1 10432
1 10433
1 10434
2 10435
1 10436
3
4
4
5
4
3
3
6
4
1 10446
5
3
2 10449
3
2 10451
3
1 10453
2 10454
4
4
2 10457
4
2 10459
4
2 10461
2 10462
5
3
2 10465
2 10466
2 10467
2 10468
6
5
3
2 10472
3
5
2 10475
3
4
3
4
3
1 10481
4
1 10483
4
1 10485
1 10486
5
4
3
1 10490
3
2 10492
3
2 10494
3
2 10496
6
2 10498
4
6
2 10501
6
1 10503
4
5
6
5
6
1 10509
3
5
3
4
2 10514
3
1 10516
1 10517
3
4
2 10520
5
3
2 10523
6
2 10525
2 10526
1 10527
3
2 10529
5
3
5
4
5
6
4
5
4
2 10539
3
2 10541
4
2 10543
3
1 10545
3
2 10547
1 10548
1 10549
4
3
6
4
2 10554
4
2 10556
5
3
2 10559
6
3
1 10562
2 10563
3
6
2 10566
3
3
1 10569
5
4
2 10572
5
6
1 10575
4
3
1 10578
1 10579
1 10580
6
2 10582
3
2 10584
5
6
4
1 10588
6
5
2 10591
3
1 10593
5
4
3
3
4
1 10599
1 10600
5
2 10602
4
6
4
3
5
6
2 10609
1 10610
5
6
1 10613
3
2 10615
2 10616
2 10617
5
3
4
4
6
3
6
5
1 10626
4
4
1 10629
4
3
1 10632
1 10633
1 10634
1 10635
1 10636
1 10637
3
4
4
1 10641
4
6
5
4
2 10646
3
4
3
1 10650
3
1 10652
4
2 10654
3
2 10656
3
1 10658
6
3
1 10661
4
2 10663
4
2 10665
1 10666
3
6
3
2 10670
5
4
2 10673
6
4
2 10676
4
2 10678
5
4
2 10681
4
2 10683
3
2 10685
5
4
2 10688
1 10689
5
3
3
1 10693
4
2 10695
5
3
2 10698
6
4
1 10701
5
3
1 10704
4
1 10706
4
1 10708
2 10709
1 10710
5
2 10712
4
3
2 10715
2 10716
5
4
4
4
4
2 10722
4
1 10724
6
5
3
2 10728
5
3
2 10731
6
4
1 10734
3
2 10736
3
1 10738
6
1 10740
4
4
1 10743
3
1 10745
2 10746
4
5
1 10749
5
1 10751
4
4
4
1 10755
6
5
6
5
6
1 10761
1 10762
3
5
4
3
1 10767
2 10768
4
2 10770
5
3
5
1 10774
3
3
2 10777
2 10778
4
5
2 10781
1 10782
1 10783
3
3
4
2 10787
3
4
2 10790
4
1 10792
2 10793
5
2 10795
4
1 10797
3
3
1 10800
1 10801
4
2 10803
3
4
4
1 10807
3
1 10809
3
2 10811
2 10812
1 10813
4
4
5
4
1 10818
5
6
3
2 10822
4
2 10824
3
1 10826
2 10827
3
6
3
2 10831
1 10832
1 10833
4
6
4
4
2 10838
3
1 10840
3
2 10842
1 10843
1 10844
3
5
6
5
4
5
3
2 10852
2 10853
5
3
4
1 10857
3
2 10859
6
2 10861
4
3
1 10864
6
2 10866
4
5
6
3
1 10871
5
3
2 10874
3
2 10876
6
4
2 10879
4
1 10881
6
3
1 10884
3
1 10886
1 10887
3
3
2 10890
3
1 10892
2 10893
1 10894
2 10895
6
3
6
2 10899
1 10900
1 10901
4
5
6
5
1 10906
2 10907
3
2 10909
3
3
5
6
4
6
3
1 10917
6
4
5
3
3
4
2 10924
3
1 10926
4
2 10928
4
2 10930
6
3
1 10933
4
2 10935
4
2 10937
2 10938
4
5
6
5
1 10943
4
4
2 10946
6
3
1 10949
1 10950
4
2 10952
3
6
5
2 10956
5
6
5
6
2 10961
3
3
6
3
2 10966
4
1 10968
5
2 10970
3
2 10972
6
4
6
5
3
2 10978
4
2 10980
2 10981
5
4
6
1 10985
3
1 10987
2 10988
5
4
4
3
1 10993
3
1 10995
4
1 10997
3
2 10999
4
1 11001
2 11002
4
4
2 11005
5
3
1 11008
3
1 11010
5
4
1 11013
6
3
2 11016
4
1 11018
3
2 11020
4
2 11022
2 11023
4
4
2 11026
5
2 11028
4
2 11030
1 11031
2 11032
5
6
3
4
3
6
1 11039
4
5
3
2 11043
1 11044
6
4
5
4
1 11049
3
2 11051
2 11052
6
1 11054
4
4
3
1 11058
6
3
1 11061
6
4
2 11064
6
4
2 11067
1 11068
4
3
2 11071
2 11072
1 11073
4
5
2 11076
4
4
3
1 11080
2 11081
3
5
3
2 11085
4
2 11087
5
4
1 11090
4
1 11092
1 11093
4
6
5
3
2 11098
3
2 11100
1 11101
2 11102
5
3
3
3
2 11107
5
6
2 11110
1 11111
5
3
3
4
2 11116
1 11117
3
6
3
2 11121
4
2 11123
4
2 11125
6
4
1 11128
4
1 11130
1 11131
4
6
1 11134
3
4
1 11137
3
1 11139
1 11140
6
3
4
1 11144
3
2 11146
4
2 11148
3
2 11150
4
1 11152
4
2 11154
4
2 11156
4
1 11158
1 11159
6
1 11161
2 11162
4
3
3
4
2 11167
4
1 11169
3
2 11171
4
1 11173
6
5
6
5
3
1 11179
6
1 11181
3
1 11183
4
4
2 11186
5
3
2 11189
1 11190
4
3
1 11193
5
6
3
1 11197
4
1 11199
4
1 11201
4
1 11203
2 11204
2 11205
2 11206
3
4
1 11209
4
3
3
2 11213
3
1 11215
2 11216
1 11217
2 11218
5
4
5
4
3
4
2 11225
4
1 11227
3
1 11229
4
2 11231
4
1 11233
1 11234
4
2 11236
5
4
3
2 11240
4
2 11242
6
4
1 11245
4
1 11247
5
6
3
1 11251
4
2 11253
3
2 11255
5
4
1 11258
4
2 11260
3
2 11262
2 11263
4
2 11265
5
6
4
3
2 11270
1 11271
1 11272
4
1 11274
4
2 11276
5
1 11278
5
1 11280
4
2 11282
4
6
5
6
5
6
3
1 11290
4
3
3
6
2 11295
3
4
2 11298
3
2 11300
2 11301
4
3
1 11304
5
3
2 11307
2 11308
4
6
3
1 11312
3
2 11314
4
2 11316
4
2 11318
4
2 11320
1 11321
6
2 11323
3
1 11325
4
4
2 11328
6
4
3
2 11332
5
4
2 11335
4
1 11337
6
3
2 11340
4
1 11342
3
2 11344
4
1 11346
3
2 11348
5
1 11350
1 11351
5
3
1 11354
6
5
6
2 11358
4
3
3
1 11362
1 11363
2 11364
2 11365
5
1 11367
6
5
6
5
4
4
4
2 11375
2 11376
2 11377
3
3
2 11380
5
6
5
4
3
5
1 11387
4
1 11389
4
6
5
4
5
2 11395
4
4
6
5
3
2 11401
3
2 11403
3
2 11405
1 11406
1 11407
6
3
5
4
3
2 11413
4
1 11415
3
1 11417
3
2 11419
5
6
4
2 11423
4
2 11425
4
2 11427
6
5
4
2 11431
6
2 11433
4
3
2 11436
4
2 11438
4
1 11440
4
1 11442
4
2 11444
2 11445
3
4
1 11448
3
1 11450
3
2 11452
3
1 11454
4
2 11456
6
1 11458
6
5
6
5
6
4
6
5
2 11467
2 11468
4
1 11470
3
1 11472
1 11473
2 11474
2 11475
5
4
3
4
6
5
2 11482
2 11483
1 11484
6
4
2 11487
5
6
4
2 11491
2 11492
4
1 11494
2 11495
6
1 11497
6
5
6
5
1 11502
1 11503
5
1 11505
1 11506
3
2 11508
4
3
1 11511
4
6
5
3
4
4
2 11518
3
4
3
5
3
3
5
1 11526
3
4
3
6
2 11531
6
4
2 11534
1 11535
5
4
4
5
3
6
5
6
2 11544
3
5
3
2 11548
4
1 11550
5
3
2 11553
3
1 11555
3
1 11557
4
2 11559
1 11560
4
4
2 11563
3
1 11565
2 11566
4
2 11568
2 11569
5
3
2 11572
2 11573
4
5
2 11576
4
2 11578
3
6
5
4
6
3
2 11585
4
2 11587
4
3
1 11590
1 11591
3
2 11593
5
4
3
2 11597
6
5
3
1 11601
6
3
2 11604
3
1 11606
5
1 11608
3
2 11610
2 11611
4
4
6
4
1 11616
5
2 11618
3
2 11620
3
3
2 11623
1 11624
1 11625
4
6
5
4
1 11630
3
3
1 11633
2 11634
6
3
1 11637
3
2 11639
2 11640
6
3
5
4
6
3
1 11647
6
4
1 11650
3
2 11652
4
2 11654
2 11655
5
6
4
3
1 11660
5
4
1 11663
1 11664
4
3
1 11667
4
1 11669
3
1 11671
4
1 11673
5
3
2 11676
6
1 11678
6
1 11680
3
1 11682
2 11683
4
2 11685
3
3
1 11688
4
4
3
2 11692
5
3
2 11695
3
1 11697
3
2 11699
5
1 11701
1 11702
6
2 11704
3
1 11706
4
3
5
1 11710
1 11711
3
4
6
4
2 11716
1 11717
6
1 11719
4
4
4
5
4
2 11725
4
1 11727
3
1 11729
5
6
4
1 11733
2 11734
5
6
5
4
5
4
1 11741
4
1 11743
4
1 11745
3
2 11747
6
3
1 11750
3
1 11752
2 11753
5
3
5
3
2 11758
3
1 11760
3
1 11762
3
2 11764
4
1 11766
5
4
1 11769
1 11770
1 11771
4
6
5
4
4
1 11777
5
1 11779
1 11780
3
1 11782
2 11783
3
5
4
1 11787
3
2 11789
4
3
1 11792
1 11793
4
4
6
5
3
2 11799
4
2 11801
3
2 11803
2 11804
6
3
1 11807
2 11808
3
3
2 11811
6
4
4
1 11815
2 11816
3
3
1 11819
5
4
1 11822
4
2 11824
4
2 11826
3
1 11828
5
2 11830
3
3
2 11833
3
1 11835
6
5
2 11838
3
2 11840
3
3
2 11843
2 11844
2 11845
3
1 11847
3
4
4
2 11851
5
1 11853
1 11854
4
4
4
2 11858
1 11859
4
2 11861
3
4
2 11864
1 11865
3
4
2 11868
4
1 11870
3
2 11872
6
1 11874
3
5
3
2 11878
3
1 11880
6
3
1 11883
3
2 11885
1 11886
5
4
2 11889
5
4
3
2 11893
6
3
2 11896
3
2 11898
3
1 11900
1 11901
3
3
2 11904
3
1 11906
3
2 11908
1 11909
3
4
2 11912
3
1 11914
4
1 11916
3
2 11918
4
2 11920
3
2 11922
3
1 11924
6
2 11926
4
3
2 11929
6
1 11931
3
1 11933
2 11934
3
3
4
1 11938
6
5
3
1 11942
2 11943
1 11944
6
5
4
3
1 11949
3
3
1 11952
6
1 11954
3
2 11956
6
2 11958
4
3
3
1 11962
4
1 11964
1 11965
2 11966
2 11967
6
2 11969
2 11970
4
4
4
3
4
3
2 11977
4
1 11979
3
2 11981
3
2 11983
1 11984
5
6
5
6
3
5
3
2 11992
1 11993
2 11994
1 11995
3
2 11997
2 11998
1 11999
3
6
5
4
6
3
3
4
5
2 12009
6
3
3
2 12013
4
2 12015
3
1 12017
3
2 12019
3
1 12021
6
5
6
5
6
1 12027
1 12028
4
2 12030
5
3
3
6
4
1 12036
3
2 12038
4
2 12040
6
5
6
5
4
2 12046
5
1 12048
1 12049
6
3
6
4
2 12054
3
3
2 12057
1 12058
1 12059
3
4
4
1 12063
2 12064
3
4
1 12067
3
1 12069
3
1 12071
3
2 12073
1 12074
1 12075
5
1 12077
6
4
4
6
3
6
4
2 12085
3
1 12087
3
1 12089
3
2 12091
5
4
1 12094
3
2 12096
5
3
2 12099
4
2 12101
5
2 12103
3
4
1 12106
5
3
1 12109
5
1 12111
2 12112
3
1 12114
3
1 12116
4
6
5
4
1 12121
4
3
2 12124
3
1 12126
5
2 12128
1 12129
6
5
4
1 12133
3
3
5
6
5
2 12139
3
1 12141
4
1 12143
6
4
3
1 12147
2 12148
5
4
1 12151
4
2 12153
3
5
1 12156
2 12157
6
3
6
4
4
1 12163
6
4
2 12166
4
2 12168
4
1 12170
4
1 12172
4
1 12174
5
3
2 12177
6
1 12179
1 12180
4
4
1 12183
5
4
4
2 12187
4
2 12189
3
2 12191
1 12192
1 12193
4
2 12195
4
2 12197
6
3
1 12200
1 12201
4
3
1 12204
4
3
3
1 12208
5
4
1 12211
3
2 12213
3
2 12215
3
2 12217
1 12218
3
3
2 12221
4
2 12223
2 12224
6
1 12226
2 12227
5
3
1 12230
6
5
6
3
2 12235
3
6
4
3
5
3
2 12242
4
1 12244
1 12245
1 12246
3
1 12248
5
2 12250
5
6
4
1 12254
2 12255
3
3
3
4
1 12260
5
4
1 12263
4
4
1 12266
1 12267
3
3
1 12270
4
1 12272
6
2 12274
1 12275
4
6
4
1 12279
4
3
2 12282
4
1 12284
3
2 12286
1 12287
3
3
2 12290
3
1 12292
3
1 12294
6
2 12296
2 12297
1 12298
1 12299
4
3
4
4
1 12304
1 12305
5
6
4
4
1 12310
3
5
3
1 12314
1 12315
6
3
4
1 12319
3
2 12321
4
1 12323
3
1 12325
3
2 12327
6
4
1 12330
3
2 12332
1 12333
3
4
2 12336
5
4
2 12339
3
2 12341
1 12342
6
2 12344
5
3
3
3
2 12349
2 12350
6
5
6
2 12354
3
5
3
4
1 12359
3
2 12361
3
2 12363
3
1 12365
5
1 12367
6
5
3
5
3
1 12373
4
1 12375
6
5
3
2 12379
5
4
2 12382
5
3
1 12385
3
2 12387
5
3
2 12390
6
4
1 12393
5
1 12395
2 12396
3
2 12398
2 12399
6
4
1 12402
4
4
6
4
4
2 12408
3
1 12410
3
2 12412
3
2 12414
2 12415
4
1 12417
5
4
1 12420
3
3
2 12423
3
1 12425
3
1 12427
1 12428
3
4
1 12431
4
1 12433
4
2 12435
4
2 12437
2 12438
3
2 12440
4
3
2 12443
1 12444
4
2 12446
3
3
1 12449
5
2 12451
1 12452
2 12453
5
6
2 12456
2 12457
4
1 12459
4
5
4
2 12463
2 12464
4
6
5
6
4
5
6
4
4
5
4
1 12476
3
3
1 12479
6
4
2 12482
4
2 12484
5
6
5
3
1 12489
1 12490
3
3
1 12493
3
1 12495
1 12496
3
5
3
2 12500
3
2 12502
3
2 12504
2 12505
1 12506
5
2 12508
3
1 12510
5
6
2 12513
1 12514
6
4
3
1 12518
4
2 12520
6
5
2 12523
3
1 12525
3
4
4
4
3
3
2 12532
2 12533
6
1 12535
1 12536
3
3
3
4
1 12541
4
2 12543
4
2 12545
2 12546
6
5
2 12549
4
4
5
3
1 12554
6
4
2 12557
5
3
2 12560
4
1 12562
1 12563
3
4
1 12566
5
4
1 12569
2 12570
6
3
3
2 12574
1 12575
6
5
1 12578
5
6
3
4
1 12583
6
3
2 12586
3
4
1 12589
1 12590
4
1 12592
5
1 12594
2 12595
3
3
2 12598
1 12599
5
6
2 12602
4
2 12604
2 12605
3
3
3
4
2 12610
3
5
6
4
1 12615
6
3
2 12618
6
1 12620
2 12621
4
4
3
5
4
1 12627
4
1 12629
5
6
5
2 12633
5
4
4
1 12637
6
2 12639
3
6
4
2 12643
3
2 12645
2 12646
2 12647
3
5
2 12650
4
3
6
4
2 12655
3
1 12657
4
2 12659
3
1 12661
3
2 12663
3
1 12665
2 12666
6
3
6
5
1 12671
5
4
3
1 12675
3
1 12677
4
2 12679
6
5
1 12682
3
4
2 12685
3
2 12687
1 12688
5
2 12690
1 12691
6
4
3
3
4
1 12697
4
1 12699
6
2 12701
6
3
4
1 12705
4
2 12707
5
3
1 12710
2 12711
5
4
2 12714
4
1 12716
4
3
2 12719
1 12720
3
1 12722
6
3
1 12725
6
1 12727
2 12728
5
6
2 12731
6
2 12733
4
6
1 12736
5
6
3
3
4
3
4
3
2 12745
3
1 12747
3
1 12749
1 12750
3
6
5
4
2 12755
6
4
1 12758
1 12759
2 12760
3
3
3
2 12764
3
1 12766
4
1 12768
2 12769
3
5
1 12772
5
4
3
2 12776
4
2 12778
5
2 12780
2 12781
3
1 12783
3
3
4
1 12787
3
2 12789
3
2 12791
3
1 12793
3
1 12795
2 12796
5
4
4
2 12800
3
1 12802
4
2 12804
5
4
1 12807
4
2 12809
6
3
2 12812
6
1 12814
3
2 12816
4
3
2 12819
3
2 12821
5
3
1 12824
4
2 12826
3
2 12828
4
2 12830
6
2 12832
1 12833
1 12834
3
4
4
6
4
2 12840
3
2 12842
4
2 12844
3
1 12846
1 12847
5
4
4
2 12851
3
2 12853
1 12854
6
4
4
2 12858
4
1 12860
5
4
1 12863
3
2 12865
6
1 12867
4
5
6
3
1 12872
6
5
3
1 12876
1 12877
5
2 12879
3
6
5
4
2 12884
3
2 12886
6
1 12888
3
6
4
6
3
2 12894
5
1 12896
4
3
1 12899
3
2 12901
1 12902
4
3
2 12905
2 12906
3
5
6
1 12910
3
4
2 12913
1 12914
4
1 12916
1 12917
2 12918
3
4
4
3
2 12923
3
2 12925
2 12926
5
3
5
2 12930
5
3
1 12933
2 12934
6
3
3
6
5
4
1 12941
6
2 12943
6
5
6
1 12947
5
2 12949
5
4
4
2 12953
4
2 12955
5
4
5
6
5
1 12961
3
1 12963
5
6
2 12966
4
4
6
1 12970
4
5
3
3
1 12975
4
1 12977
1 12978
5
6
3
6
5
4
1 12985
4
2 12987
4
2 12989
3
1 12991
5
2 12993
4
3
2 12996
6
4
1 12999
3
1 13001
5
3
2 13004
3
1 13006
3
2 13008
5
2 13010
3
5
2 13013
5
6
2 13016
3
3
6
4
2 13021
2 13022
2 13023
1 13024
6
4
1 13027
3
5
3
6
3
4
2 13034
4
1 13036
5
4
1 13039
4
1 13041
3
2 13043
1 13044
6
5
2 13047
3
6
5
3
3
1 13053
4
2 13055
4
1 13057
2 13058
2 13059
2 13060
3
2 13062
6
2 13064
4
2 13066
4
3
2 13069
4
1 13071
1 13072
4
3
4
1 13076
5
3
4
3
2 13081
6
3
2 13084
5
6
5
6
1 13089
6
5
4
2 13093
4
3
2 13096
4
1 13098
4
2 13100
4
1 13102
2 13103
6
4
6
2 13107
3
4
2 13110
1 13111
3
5
2 13114
3
3
2 13117
3
1 13119
6
3
2 13122
2 13123
3
1 13125
2 13126
5
3
3
3
1 13131
1 13132
3
4
2 13135
4
1 13137
1 13138
2 13139
4
2 13141
3
4
2 13144
1 13145
3
6
2 13148
6
4
5
4
5
2 13154
5
4
6
4
2 13159
3
1 13161
3
2 13163
4
2 13165
1 13166
3
2 13168
6
3
5
2 13172
5
1 13174
4
3
1 13177
1 13178
5
2 13180
4
3
5
3
3
2 13186
6
2 13188
2 13189
4
6
3
6
3
2 13195
4
2 13197
4
1 13199
5
3
1 13202
3
1 13204
4
2 13206
4
2 13208
5
4
2 13211
6
4
2 13214
6
3
1 13217
3
2 13219
5
6
2 13222
5
3
6
4
1 13227
2 13228
4
2 13230
5
1 13232
4
2 13234
1 13235
4
2 13237
2 13238
4
1 13240
3
4
3
3
5
4
1 13247
3
2 13249
4
2 13251
4
1 13253
5
4
1 13256
3
1 13258
3
1 13260
3
1 13262
4
2 13264
3
1 13266
3
1 13268
3
1 13270
3
2 13272
3
1 13274
2 13275
4
1 13277
6
3
6
3
1 13282
4
2 13284
3
2 13286
3
2 13288
6
1 13290
4
5
3
2 13294
4
2 13296
1 13297
4
1 13299
5
3
1 13302
5
4
3
2 13306
3
2 13308
1 13309
4
4
1 13312
5
1 13314
5
3
3
2 13318
1 13319
5
1 13321
4
5
3
3
1 13326
3
2 13328
3
1 13330
2 13331
2 13332
4
3
6
1 13336
3
2 13338
3
2 13340
5
1 13342
2 13343
2 13344
1 13345
5
2 13347
4
1 13349
4
1 13351
1 13352
3
6
3
2 13356
3
5
1 13359
4
3
6
3
1 13364
2 13365
4
4
4
4
6
5
4
5
3
1 13375
5
2 13377
4
4
1 13380
3
1 13382
3
1 13384
6
5
4
2 13388
4
2 13390
2 13391
6
4
4
2 13395
3
1 13397
2 13398
5
4
1 13401
4
3
2 13404
4
2 13406
5
2 13408
6
5
1 13411
5
1 13413
2 13414
2 13415
4
1 13417
4
4
6
5
6
5
1 13424
1 13425
3
6
2 13428
3
4
3
5
4
2 13434
4
6
3
3
1 13439
2 13440
4
2 13442
2 13443
1 13444
2 13445
3
1 13447
1 13448
3
4
4
3
3
6
2 13455
6
3
1 13458
3
2 13460
6
3
3
1 13464
6
4
2 13467
4
2 13469
4
1 13471
2 13472
4
5
3
2 13476
6
2 13478
3
3
1 13481
4
2 13483
4
2 13485
2 13486
3
3
2 13489
5
3
1 13492
2 13493
3
3
2 13496
2 13497
3
1 13499
5
4
6
5
3
2 13505
6
3
1 13508
4
1 13510
6
3
2 13513
6
5
1 13516
4
3
2 13519
1 13520
1 13521
2 13522
5
6
4
4
4
1 13528
5
3
3
2 13532
4
1 13534
3
2 13536
5
4
1 13539
3
1 13541
4
2 13543
1 13544
1 13545
4
4
2 13548
2 13549
5
6
2 13552
5
6
1 13555
3
5
2 13558
3
3
6
5
3
3
3
2 13566
4
2 13568
6
1 13570
3
5
4
2 13574
1 13575
5
4
3
2 13579
2 13580
3
3
1 13583
3
2 13585
6
5
1 13588
6
5
3
2 13592
3
3
1 13595
6
3
1 13598
4
1 13600
3
2 13602
3
1 13604
3
2 13606
3
2 13608
6
1 13610
1 13611
2 13612
3
1 13614
6
3
3
2 13618
3
6
5
6
5
3
1 13625
2 13626
4
3
1 13629
4
5
2 13632
1 13633
2 13634
4
4
4
5
3
2 13640
4
2 13642
3
2 13644
3
1 13646
4
2 13648
2 13649
4
4
2 13652
1 13653
4
2 13655
2 13656
5
4
6
3
3
2 13662
6
2 13664
3
3
1 13667
1 13668
3
4
2 13671
2 13672
4
4
2 13675
6
4
2 13678
4
1 13680
4
1 13682
1 13683
1 13684
3
1 13686
2 13687
5
6
4
3
1 13692
3
4
6
4
2 13697
6
4
1 13700
4
1 13702
1 13703
6
1 13705
3
3
4
1 13709
6
4
2 13712
3
2 13714
3
1 13716
3
2 13718
3
2 13720
4
1 13722
6
5
6
4
2 13727
1 13728
3
3
1 13731
5
4
1 13734
4
2 13736
3
1 13738
1 13739
4
3
2 13742
4
1 13744
1 13745
4
3
2 13748
4
1 13750
4
1 13752
2 13753
2 13754
2 13755
2 13756
2 13757
5
3
1 13760
2 13761
4
2 13763
4
2 13765
5
6
3
2 13769
2 13770
4
1 13772
3
3
3
2 13776
1 13777
2 13778
4
4
2 13781
2 13782
4
5
4
5
2 13787
1 13788
6
4
1 13791
4
1 13793
5
4
2 13796
2 13797
2 13798
4
4
4
4
3
3
5
6
2 13807
4
6
5
4
3
4
5
3
2 13816
2 13817
1 13818
1 13819
4
3
3
4
1 13824
4
1 13826
1 13827
2 13828
3
3
6
4
1 13833
2 13834
2 13835
4
1 13837
6
5
4
4
3
1 13843
4
1 13845
2 13846
4
2 13848
1 13849
6
4
6
1 13853
5
2 13855
2 13856
3
3
4
3
3
1 13862
3
2 13864
4
2 13866
4
1 13868
4
1 13870
4
1 13872
4
2 13874
1 13875
3
3
1 13878
6
5
1 13881
2 13882
4
4
3
1 13886
2 13887
3
4
1 13890
3
1 13892
3
2 13894
4
2 13896
1 13897
4
4
2 13900
3
1 13902
6
4
1 13905
1 13906
6
4
2 13909
5
4
5
2 13913
3
2 13915
5
4
4
2 13919
1 13920
1 13921
5
4
1 13924
3
5
1 13927
4
1 13929
4
4
3
1 13933
4
2 13935
5
4
2 13938
2 13939
5
3
2 13942
4
4
2 13945
4
1 13947
3
1 13949
4
1 13951
5
4
1 13954
6
1 13956
4
6
5
2 13960
6
5
6
5
3
4
2 13967
5
2 13969
6
4
6
1 13973
3
5
2 13976
2 13977
2 13978
4
5
6
3
2 13983
4
2 13985
4
3
5
2 13989
6
1 13991
4
4
5
6
5
6
3
2 13999
3
1 14001
3
2 14003
6
2 14005
4
3
1 14008
2 14009
1 14010
5
1 14012
5
3
3
3
4
2 14018
6
5
3
1 14022
4
1 14024
5
6
3
2 14028
1 14029
6
4
2 14032
5
6
4
3
2 14037
4
2 14039
1 14040
6
5
6
1 14044
3
1 14046
5
1 14048
1 14049
1 14050
5
1 14052
5
4
4
3
6
5
2 14059
5
6
2 14062
4
6
3
1 14066
1 14067
5
1 14069
6
4
3
4
3
4
3
3
2 14078
4
2 14080
6
5
3
2 14084
2 14085
4
4
1 14088
3
1 14090
1 14091
3
4
1 14094
2 14095
1 14096
3
3
4
2 14100
3
1 14102
2 14103
4
1 14105
4
6
1 14108
2 14109
4
5
3
3
1 14114
4
2 14116
2 14117
4
1 14119
4
3
2 14122
6
5
6
1 14126
4
4
2 14129
3
1 14131
1 14132
3
1 14134
5
4
3
2 14138
4
2 14140
4
2 14142
4
2 14144
3
2 14146
3
1 14148
4
2 14150
4
1 14152
3
1 14154
1 14155
6
3
4
2 14159
6
2 14161
5
4
5
6
1 14166
5
2 14168
4
4
5
1 14172
2 14173
3
6
5
3
1 14178
5
6
5
2 14182
4
3
5
3
2 14187
4
2 14189
1 14190
4
6
3
2 14194
4
1 14196
4
1 14198
1 14199
1 14200
3
4
4
1 14204
4
2 14206
4
1 14208
6
2 14210
6
3
4
1 14214
4
2 14216
1 14217
3
3
2 14220
6
5
2 14223
3
4
2 14226
3
1 14228
4
2 14230
1 14231
1 14232
3
2 14234
6
5
4
2 14238
3
4
3
2 14242
2 14243
5
3
6
3
1 14248
3
1 14250
5
2 14252
5
6
3
6
1 14257
4
5
4
1 14261
4
2 14263
4
2 14265
1 14266
3
4
1 14269
6
4
2 14272
4
1 14274
5
3
2 14277
3
2 14279
2 14280
1 14281
2 14282
4
3
1 14285
3
2 14287
6
1 14289
4
2 14291
4
2 14293
5
1 14295
3
2 14297
5
4
1 14300
4
5
3
1 14304
6
5
6
3
4
6
2 14311
6
3
6
3
1 14316
2 14317
4
3
5
3
2 14322
4
2 14324
3
1 14326
3
1 14328
4
1 14330
2 14331
3
3
1 14334
3
2 14336
5
2 14338
2 14339
2 14340
1 14341
4
4
4
3
6
5
3
2 14349
4
2 14351
3
1 14353
4
2 14355
6
5
2 14358
3
2 14360
3
4
1 14363
5
3
2 14366
6
3
1 14369
6
3
1 14372
1 14373
5
3
1 14376
2 14377
4
6
4
3
2 14382
2 14383
2 14384
5
4
3
6
1 14389
3
4
1 14392
2 14393
1 14394
4
1 14396
5
6
4
4
4
1 14402
3
1 14404
6
5
4
1 14408
1 14409
4
3
2 14412
1 14413
3
2 14415
3
6
4
2 14419
1 14420
3
5
4
2 14424
5
6
5
4
1 14429
2 14430
1 14431
3
2 14433
3
5
4
3
1 14438
4
1 14440
2 14441
3
2 14443
6
1 14445
3
3
3
1 14449
3
1 14451
5
4
1 14454
3
2 14456
5
4
2 14459
4
1 14461
2 14462
3
4
1 14465
3
2 14467
3
1 14469
4
2 14471
5
2 14473
3
5
4
2 14477
3
1 14479
5
3
2 14482
4
2 14484
5
3
2 14487
3
1 14489
5
4
2 14492
6
4
2 14495
1 14496
3
6
3
1 14500
3
2 14502
6
1 14504
3
4
1 14507
4
1 14509
4
2 14511
3
1 14513
2 14514
3
6
4
1 14518
2 14519
3
4
2 14522
6
4
2 14525
6
2 14527
4
5
3
1 14531
4
2 14533
4
1 14535
6
3
1 14538
6
5
3
2 14542
3
1 14544
6
2 14546
5
1 14548
6
2 14550
4
5
4
5
3
4
1 14557
6
1 14559
5
2 14561
4
3
4
1 14565
6
5
3
2 14569
2 14570
3
3
2 14573
1 14574
6
5
6
4
4
2 14580
5
4
1 14583
4
1 14585
5
4
1 14588
5
1 14590
1 14591
6
3
1 14594
4
1 14596
1 14597
4
5
1 14600
1 14601
5
3
3
3
4
4
1 14608
4
1 14610
5
3
1 14613
6
5
4
2 14617
4
1 14619
4
2 14621
2 14622
3
5
3
2 14626
4
2 14628
1 14629
5
6
4
3
2 14634
3
1 14636
3
1 14638
2 14639
6
3
3
1 14643
4
2 14645
4
2 14647
3
1 14649
3
2 14651
3
1 14653
2 14654
2 14655
4
3
3
1 14659
5
4
2 14662
6
5
6
2 14666
1 14667
2 14668
4
3
4
3
2 14673
1 14674
3
5
1 14677
1 14678
5
3
6
5
6
1 14684
2 14685
3
4
5
6
5
6
3
3
1 14694
2 14695
4
2 14697
4
4
2 14700
4
2 14702
3
2 14704
1 14705
6
4
5
6
4
2 14711
4
1 14713
4
1 14715
6
4
2 14718
2 14719
1 14720
5
6
3
3
6
1 14726
1 14727
4
5
4
4
1 14732
5
3
1 14735
2 14736
2 14737
4
5
6
4
6
3
1 14744
3
2 14746
3
1 14748
3
1 14750
5
4
1 14753
4
1 14755
3
1 14757
1 14758
4
5
1 14761
3
1 14763
3
2 14765
4
4
2 14768
2 14769
4
2 14771
1 14772
4
4
4
2 14776
1 14777
5
4
3
2 14781
1 14782
2 14783
1 14784
1 14785
6
2 14787
3
2 14789
4
4
2 14792
4
3
5
6
3
4
3
2 14800
5
4
1 14803
4
1 14805
1 14806
4
4
1 14809
4
1 14811
4
1 14813
3
1 14815
4
1 14817
1 14818
6
3
2 14821
1 14822
5
3
4
4
2 14827
6
4
1 14830
3
2 14832
4
1 14834
1 14835
4
6
3
2 14839
1 14840
3
3
2 14843
5
3
1 14846
4
1 14848
6
4
1 14851
1 14852
4
6
3
1 14856
4
2 14858
3
1 14860
1 14861
5
4
3
2 14865
2 14866
3
6
3
1 14870
2 14871
3
3
1 14874
3
1 14876
1 14877
5
4
4
1 14881
4
1 14883
5
1 14885
4
4
1 14888
2 14889
1 14890
6
3
2 14893
5
4
5
6
1 14898
3
4
2 14901
1 14902
5
6
4
4
6
5
1 14909
5
1 14911
6
4
5
3
3
2 14917
2 14918
4
2 14920
4
2 14922
1 14923
1 14924
1 14925
3
4
1 14928
5
1 14930
1 14931
2 14932
6
5
4
2 14936
3
3
3
3
1 14941
1 14942
2 14943
4
3
3
4
4
4
2 14950
3
1 14952
4
1 14954
4
2 14956
3
2 14958
4
1 14960
4
1 14962
6
5
2 14965
3
5
6
5
4
1 14971
3
2 14973
2 14974
1 14975
5
6
1 14978
5
4
2 14981
3
2 14983
6
5
4
3
4
4
2 14990
4
2 14992
5
6
1 14995
2 14996
4
6
3
2 15000
3
3
2 15003
6
3
1 15006
4
2 15008
3
2 15010
6
3
1 15013
1 15014
4
2 15016
5
1 15018
5
1 15020
6
5
1 15023
6
5
2 15026
1 15027
4
5
1 15030
4
6
2 15033
4
4
3
1 15037
4
2 15039
3
1 15041
3
3
3
2 15045
2 15046
3
2 15048
3
3
2 15051
6
4
5
4
4
1 15057
5
3
2 15060
3
2 15062
1 15063
5
4
1 15066
4
2 15068
4
5
6
5
2 15073
2 15074
4
6
3
1 15078
3
4
2 15081
1 15082
5
3
3
1 15086
4
2 15088
4
1 15090
3
1 15092
1 15093
5
3
3
2 15097
4
2 15099
3
1 15101
4
2 15103
1 15104
4
6
2 15107
3
2 15109
3
4
2 15112
4
1 15114
2 15115
4
4
2 15118
5
6
4
1 15122
3
2 15124
3
2 15126
6
4
1 15129
4
1 15131
1 15132
1 15133
5
2 15135
4
1 15137
4
3
4
3
2 15142
3
1 15144
3
1 15146
1 15147
4
2 15149
3
1 15151
4
3
2 15154
6
5
6
4
2 15159
4
1 15161
4
2 15163
4
2 15165
5
3
1 15168
5
6
1 15171
5
3
3
1 15175
3
2 15177
1 15178
3
6
4
1 15182
5
6
3
2 15186
2 15187
1 15188
4
4
3
2 15192
6
3
1 15195
5
1 15197
1 15198
5
2 15200
4
5
2 15203
4
3
3
6
3
1 15209
2 15210
5
4
3
2 15214
3
2 15216
4
1 15218
3
2 15220
6
4
1 15223
2 15224
6
4
1 15227
1 15228
4
2 15230
5
6
3
3
1 15235
3
4
2 15238
1 15239
4
3
2 15242
1 15243
3
1 15245
5
1 15247
3
4
3
2 15251
4
1 15253
1 15254
6
4
4
1 15258
6
3
2 15261
1 15262
3
4
1 15265
6
2 15267
4
6
4
2 15271
3
1 15273
6
4
2 15276
1 15277
6
5
6
1 15281
3
1 15283
4
1 15285
1 15286
4
2 15288
1 15289
3
1 15291
3
4
4
4
1 15296
2 15297
4
5
1 15300
2 15301
4
3
3
4
2 15306
3
2 15308
3
1 15310
5
2 15312
3
2 15314
4
2 15316
6
3
1 15319
5
4
1 15322
4
6
1 15325
4
1 15327
6
2 15329
3
6
3
1 15333
3
5
1 15336
4
3
1 15339
3
1 15341
4
1 15343
3
1 15345
3
1 15347
4
2 15349
4
1 15351
3
2 15353
3
2 15355
6
3
2 15358
3
2 15360
5
1 15362
5
3
4
2 15366
6
1 15368
4
6
5
1 15372
1 15373
3
5
4
2 15377
3
1 15379
5
6
5
2 15383
2 15384
5
3
3
1 15388
5
3
3
4
2 15393
4
1 15395
2 15396
4
3
1 15399
5
2 15401
6
5
2 15404
3
4
6
1 15408
6
3
4
2 15412
3
1 15414
3
2 15416
1 15417
2 15418
6
3
5
3
3
1 15424
4
2 15426
3
1 15428
4
1 15430
2 15431
1 15432
2 15433
4
4
3
2 15437
1 15438
2 15439
3
3
5
3
3
2 15445
5
2 15447
4
4
1 15450
3
2 15452
4
1 15454
4
1 15456
4
1 15458
1 15459
2 15460
2 15461
4
4
4
4
2 15466
4
2 15468
1 15469
3
6
1 15472
2 15473
6
5
6
5
4
2 15479
2 15480
2 15481
1 15482
4
3
4
1 15486
4
3
1 15489
1 15490
4
4
4
5
6
4
2 15497
2 15498
3
4
2 15501
6
4
1 15504
3
1 15506
2 15507
4
4
1 15510
1 15511
4
5
4
1 15515
4
1 15517
6
4
2 15520
1 15521
1 15522
5
6
1 15525
5
6
2 15528
1 15529
6
4
4
5
2 15534
2 15535
6
3
1 15538
3
5
3
6
4
1 15544
3
2 15546
4
1 15548
4
4
2 15551
4
3
2 15554
1 15555
4
4
2 15558
2 15559
6
5
6
4
3
4
2 15566
4
2 15568
6
5
6
2 15572
3
2 15574
4
2 15576
1 15577
5
2 15579
3
5
6
3
4
3
1 15586
3
1 15588
5
3
2 15591
2 15592
4
2 15594
3
2 15596
1 15597
3
1 15599
4
6
3
4
2 15604
4
1 15606
6
1 15608
6
1 15610
4
2 15612
4
2 15614
3
4
5
6
3
1 15620
1 15621
2 15622
1 15623
4
1 15625
4
2 15627
1 15628
2 15629
4
2 15631
3
6
5
4
2 15636
4
3
3
1 15640
2 15641
5
1 15643
3
6
5
2 15647
1 15648
6
3
4
2 15652
6
1 15654
4
2 15656
4
6
1 15659
4
5
4
4
1 15664
6
2 15666
1 15667
3
6
3
2 15671
4
3
3
1 15675
2 15676
2 15677
6
2 15679
4
4
5
6
4
2 15685
4
3
5
4
4
2 15691
3
2 15693
4
1 15695
5
1 15697
3
5
6
3
2 15702
4
2 15704
1 15705
4
3
2 15708
3
2 15710
4
1 15712
3
2 15714
3
1 15716
3
2 15718
1 15719
2 15720
1 15721
3
6
4
2 15725
1 15726
1 15727
4
4
5
6
3
1 15733
6
3
6
4
1 15738
6
1 15740
2 15741
4
5
1 15744
6
4
2 15747
4
3
4
6
3
2 15753
6
3
2 15756
1 15757
4
3
2 15760
3
2 15762
5
4
2 15765
2 15766
4
5
3
2 15770
5
3
2 15773
1 15774
5
3
6
4
2 15779
2 15780
4
3
2 15783
4
1 15785
4
1 15787
6
1 15789
4
6
4
2 15793
5
4
1 15796
1 15797
6
1 15799
5
1 15801
4
4
5
4
3
2 15807
1 15808
1 15809
2 15810
6
4
4
4
4
2 15816
2 15817
3
3
2 15820
3
2 15822
1 15823
5
6
3
3
1 15828
2 15829
4
3
1 15832
5
3
1 15835
4
1 15837
4
2 15839
2 15840
4
4
1 15843
5
6
4
2 15847
6
5
2 15850
4
3
1 15853
3
1 15855
4
2 15857
3
2 15859
4
2 15861
2 15862
4
3
2 15865
2 15866
2 15867
3
3
4
1 15871
4
2 15873
2 15874
3
2 15876
1 15877
6
5
1 15880
5
4
3
2 15884
4
5
2 15887
5
2 15889
3
3
2 15892
3
1 15894
1 15895
6
5
6
3
6
4
3
3
2 15904
3
1 15906
3
1 15908
4
1 15910
3
1 15912
3
2 15914
1 15915
5
3
5
6
4
2 15921
3
1 15923
2 15924
6
4
5
6
4
1 15930
4
2 15932
5
2 15934
3
3
2 15937
3
2 15939
5
6
4
1 15943
4
2 15945
4
1 15947
4
1 15949
4
2 15951
6
2 15953
3
4
2 15956
6
5
4
2 15960
6
2 15962
1 15963
6
3
2 15966
6
2 15968
4
4
4
3
2 15973
4
2 15975
1 15976
3
4
2 15979
4
1 15981
1 15982
2 15983
4
3
3
2 15987
2 15988
4
4
2 15991
6
5
1 15994
1 15995
6
5
6
5
4
5
1 16002
4
5
4
3
1 16007
2 16008
2 16009
5
4
5
3
1 16014
3
4
1 16017
4
2 16019
1 16020
4
1 16022
1 16023
2 16024
4
6
4
4
2 16029
4
4
1 16032
3
1 16034
3
2 16036
2 16037
2 16038
6
1 16040
3
2 16042
3
5
3
6
4
3
1 16049
4
1 16051
3
2 16053
2 16054
6
5
6
2 16058
2 16059
1 16060
2 16061
1 16062
4
4
3
6
2 16067
5
4
3
4
1 16072
6
3
6
1 16076
1 16077
4
3
1 16080
3
4
5
4
1 16085
1 16086
6
3
4
2 16090
3
1 16092
3
2 16094
1 16095
4
1 16097
1 16098
2 16099
5
4
3
1 16103
3
3
2 16106
4
4
2 16109
4
1 16111
4
2 16113
6
1 16115
4
1 16117
3
3
2 16120
1 16121
6
4
1 16124
5
1 16126
4
6
4
1 16130
4
6
5
6
2 16135
2 16136
5
3
2 16139
6
1 16141
4
4
2 16144
4
4
2 16147
5
3
4
2 16151
6
3
2 16154
3
2 16156
6
2 16158
4
2 16160
4
6
4
1 16164
6
1 16166
3
1 16168
4
4
1 16171
2 16172
5
3
2 16175
3
2 16177
2 16178
4
5
1 16181
6
3
3
2 16185
3
4
2 16188
2 16189
4
5
1 16192
1 16193
2 16194
3
3
4
3
1 16199
4
2 16201
5
1 16203
1 16204
1 16205
4
6
5
6
5
4
1 16212
5
2 16214
4
2 16216
6
1 16218
2 16219
5
6
4
2 16223
6
4
1 16226
4
2 16228
4
2 16230
3
4
2 16233
1 16234
5
1 16236
4
3
2 16239
4
4
4
3
6
2 16245
2 16246
5
6
3
6
3
3
1 16253
2 16254
4
6
1 16257
3
1 16259
3
4
6
3
1 16264
4
1 16266
2 16267
5
3
3
2 16271
1 16272
4
1 16274
1 16275
1 16276
3
3
4
6
1 16281
2 16282
1 16283
6
3
4
3
4
2 16289
4
1 16291
4
1 16293
3
1 16295
2 16296
2 16297
3
5
1 16300
3
5
3
1 16304
4
2 16306
2 16307
1 16308
4
4
2 16311
5
3
6
3
6
3
1 16318
4
1 16320
6
5
4
1 16324
2 16325
3
6
1 16328
2 16329
6
4
5
6
4
6
2 16336
4
4
2 16339
1 16340
4
4
2 16343
5
4
2 16346
4
1 16348
5
1 16350
2 16351
3
3
5
6
3
1 16357
3
2 16359
4
1 16361
2 16362
2 16363
3
6
5
6
3
4
1 16370
4
2 16372
6
4
1 16375
3
2 16377
1 16378
6
5
4
2 16382
4
6
3
1 16386
2 16387
5
3
3
2 16391
5
3
2 16394
4
1 16396
6
1 16398
1 16399
4
4
4
2 16403
4
2 16405
1 16406
3
1 16408
1 16409
4
3
3
1 16413
2 16414
1 16415
6
3
4
1 16419
3
4
2 16422
5
3
2 16425
4
2 16427
2 16428
4
4
2 16431
3
1 16433
2 16434
2 16435
6
3
2 16438
6
1 16440
3
2 16442
3
2 16444
3
5
4
3
2 16449
2 16450
3
4
3
1 16454
5
3
1 16457
5
6
5
6
4
1 16463
2 16464
2 16465
4
4
4
1 16469
1 16470
2 16471
5
4
5
6
3
4
2 16478
3
2 16480
3
2 16482
6
5
1 16485
2 16486
1 16487
5
2 16489
1 16490
4
6
5
6
1 16495
4
3
2 16498
5
3
2 16501
4
4
5
1 16505
3
4
5
3
3
2 16511
3
1 16513
3
1 16515
6
2 16517
3
5
4
1 16521
3
1 16523
4
1 16525
2 16526
3
6
5
6
4
1 16532
6
3
1 16535
1 16536
3
4
1 16539
3
1 16541
4
1 16543
6
4
1 16546
2 16547
6
4
4
2 16551
6
1 16553
6
2 16555
5
6
3
3
3
2 16561
2 16562
4
4
1 16565
3
1 16567
2 16568
3
3
2 16571
4
1 16573
1 16574
3
6
3
2 16578
4
2 16580
2 16581
5
4
3
2 16585
5
4
1 16588
3
1 16590
3
1 16592
6
5
3
1 16596
3
2 16598
4
2 16600
5
1 16602
4
2 16604
4
5
3
1 16608
3
2 16610
6
5
6
4
2 16615
5
3
1 16618
2 16619
5
2 16621
3
4
6
3
2 16626
4
1 16628
4
2 16630
5
3
2 16633
1 16634
4
5
1 16637
1 16638
4
1 16640
4
5
2 16643
3
3
4
2 16647
4
2 16649
3
2 16651
2 16652
2 16653
3
6
3
2 16657
1 16658
3
5
4
1 16662
3
2 16664
3
2 16666
1 16667
1 16668
3
5
1 16671
3
3
3
3
2 16676
2 16677
3
1 16679
6
4
5
1 16683
3
3
1 16686
2 16687
1 16688
4
5
4
4
2 16693
2 16694
5
2 16696
3
4
2 16699
1 16700
2 16701
2 16702
4
3
5
1 16706
3
2 16708
2 16709
6
1 16711
4
4
1 16714
4
6
4
3
5
4
3
1 16722
1 16723
1 16724
1 16725
3
4
4
6
4
2 16731
1 16732
3
4
2 16735
6
3
2 16738
2 16739
4
3
2 16742
2 16743
2 16744
3
1 16746
3
1 16748
3
3
6
4
1 16753
1 16754
3
3
1 16757
6
5
6
4
2 16762
3
1 16764
3
2 16766
4
2 16768
5
1 16770
3
2 16772
6
3
5
6
1 16777
3
3
1 16780
1 16781
3
5
6
1 16785
3
1 16787
2 16788
5
2 16790
6
5
3
3
6
4
4
1 16798
1 16799
2 16800
5
2 16802
2 16803
5
3
3
3
4
6
5
4
1 16812
3
1 16814
1 16815
4
2 16817
4
6
2 16820
6
3
6
4
2 16825
6
3
1 16828
3
2 16830
6
1 16832
4
4
1 16835
2 16836
4
6
5
3
2 16841
3
1 16843
3
2 16845
6
1 16847
4
5
6
1 16851
6
3
4
2 16855
2 16856
2 16857
4
2 16859
6
3
3
1 16863
2 16864
4
3
2 16867
3
6
5
6
3
2 16873
3
2 16875
1 16876
6
5
2 16879
1 16880
4
6
3
3
3
2 16886
4
1 16888
2 16889
4
5
6
3
2 16894
1 16895
4
4
2 16898
1 16899
4
3
1 16902
2 16903
3
6
5
3
2 16908
4
1 16910
3
1 16912
2 16913
5
1 16915
5
3
3
5
6
2 16921
1 16922
4
6
2 16925
1 16926
6
5
6
1 16930
6
4
1 16933
4
4
4
4
5
3
1 16940
1 16941
2 16942
3
4
3
2 16946
5
4
2 16949
1 16950
2 16951
3
1 16953
2 16954
6
5
6
2 16958
4
4
2 16961
4
3
6
3
4
2 16967
4
1 16969
5
2 16971
1 16972
5
4
3
2 16976
1 16977
6
5
3
6
2 16982
3
3
4
1 16986
6
4
1 16989
6
3
1 16992
2 16993
5
4
4
2 16997
4
2 16999
4
2 17001
4
1 17003
1 17004
6
3
3
1 17008
6
5
3
1 17012
4
2 17014
3
1 17016
4
2 17018
1 17019
4
4
2 17022
3
2 17024
2 17025
2 17026
3
5
3
3
1 17031
2 17032
3
1 17034
6
4
2 17037
6
3
2 17040
4
2 17042
3
5
2 17045
4
3
1 17048
3
2 17050
4
1 17052
6
5
1 17055
3
4
1 17058
3
2 17060
5
6
5
4
2 17065
1 17066
2 17067
2 17068
2 17069
3
3
4
6
3
5
3
1 17077
4
2 17079
3
1 17081
4
1 17083
3
2 17085
5
4
2 17088
4
2 17090
6
4
1 17093
6
3
2 17096
1 17097
3
4
1 17100
6
1 17102
5
3
6
3
2 17107
3
2 17109
4
1 17111
6
4
2 17114
3
1 17116
2 17117
1 17118
3
3
1 17121
2 17122
3
6
3
1 17126
3
1 17128
5
2 17130
2 17131
1 17132
4
3
4
5
3
5
3
1 17140
5
2 17142
4
6
5
3
1 17147
1 17148
6
3
1 17151
5
4
4
2 17155
5
3
1 17158
6
2 17160
2 17161
5
6
5
1 17165
6
3
3
5
2 17170
3
1 17172
4
2 17174
3
5
6
4
3
1 17180
2 17181
4
2 17183
4
2 17185
1 17186
1 17187
1 17188
4
5
1 17191
3
1 17193
3
4
5
6
5
6
4
4
4
2 17203
4
2 17205
2 17206
4
3
1 17209
1 17210
4
4
1 17213
1 17214
3
4
2 17217
3
1 17219
3
2 17221
2 17222
3
2 17224
3
4
1 17227
3
2 17229
5
6
1 17232
3
4
1 17235
5
3
2 17238
4
2 17240
4
1 17242
5
3
2 17245
3
2 17247
3
2 17249
2 17250
5
6
4
4
1 17255
3
2 17257
3
2 17259
6
2 17261
6
3
3
1 17265
3
2 17267
6
5
4
2 17271
4
2 17273
4
2 17275
6
3
1 17278
1 17279
3
3
1 17282
1 17283
3
2 17285
3
3
2 17288
1 17289
4
4
2 17292
5
2 17294
3
4
1 17297
1 17298
2 17299
4
4
6
2 17303
1 17304
3
1 17306
4
4
4
2 17310
4
2 17312
4
2 17314
5
4
1 17317
4
1 17319
1 17320
1 17321
4
2 17323
3
4
3
1 17327
1 17328
4
3
2 17331
1 17332
6
3
3
1 17336
4
1 17338
5
6
4
2 17342
3
2 17344
4
2 17346
5
6
3
1 17350
4
2 17352
4
2 17354
4
1 17356
4
1 17358
4
1 17360
3
2 17362
4
2 17364
3
1 17366
4
1 17368
4
2 17370
1 17371
4
4
1 17374
4
1 17376
4
2 17378
6
5
3
2 17382
2 17383
6
5
3
4
2 17388
5
3
1 17391
4
1 17393
4
2 17395
3
2 17397
4
1 17399
4
1 17401
2 17402
1 17403
3
3
1 17406
2 17407
6
4
3
3
1 17412
2 17413
3
6
5
6
4
2 17419
5
3
1 17422
1 17423
3
4
1 17426
2 17427
5
6
5
3
6
4
2 17434
3
1 17436
6
3
2 17439
4
2 17441
4
2 17443
6
5
6
3
1 17448
6
4
1 17451
6
3
1 17454
4
2 17456
3
1 17458
4
2 17460
3
2 17462
2 17463
4
6
3
2 17467
4
2 17469
2 17470
3
4
2 17473
5
4
2 17476
3
1 17478
4
2 17480
3
1 17482
6
5
3
2 17486
3
1 17488
3
1 17490
2 17491
4
3
1 17494
2 17495
6
3
3
2 17499
1 17500
5
4
3
2 17504
3
2 17506
5
1 17508
4
5
1 17511
3
6
5
2 17515
4
4
1 17518
4
2 17520
5
2 17522
3
1 17524
6
5
6
2 17528
2 17529
6
4
6
2 17533
5
4
3
3
6
3
1 17540
1 17541
6
5
3
3
2 17546
6
5
6
5
6
3
1 17553
4
2 17555
3
2 17557
4
1 17559
1 17560
5
3
4
1 17564
4
1 17566
4
1 17568
5
3
1 17571
2 17572
6
5
1 17575
1 17576
2 17577
3
2 17579
1 17580
1 17581
4
5
6
2 17585
5
4
3
1 17589
4
6
4
1 17593
4
4
1 17596
5
2 17598
1 17599
5
3
6
5
3
6
2 17606
6
1 17608
1 17609
5
2 17611
4
2 17613
4
6
2 17616
2 17617
5
6
2 17620
5
3
3
4
4
4
4
3
3
2 17630
3
1 17632
2 17633
5
3
3
4
2 17638
4
3
1 17641
3
2 17643
1 17644
1 17645
3
4
2 17648
5
4
1 17651
6
5
4
1 17655
4
1 17657
4
5
1 17660
4
2 17662
3
6
2 17665
1 17666
4
1 17668
4
3
6
1 17672
2 17673
6
1 17675
3
6
2 17678
6
5
6
4
2 17683
1 17684
6
5
3
3
4
6
3
3
1 17693
4
2 17695
6
1 17697
5
4
5
4
1 17702
4
1 17704
2 17705
4
3
2 17708
4
2 17710
2 17711
3
3
1 17714
4
1 17716
3
1 17718
6
5
6
5
6
2 17724
2 17725
4
2 17727
4
1 17729
1 17730
4
2 17732
5
3
2 17735
6
3
4
1 17739
4
4
4
2 17743
2 17744
5
2 17746
3
5
3
1 17750
1 17751
3
1 17753
4
5
4
4
1 17758
5
4
2 17761
5
4
1 17764
3
1 17766
3
2 17768
2 17769
5
4
3
1 17773
1 17774
2 17775
2 17776
3
4
3
5
1 17781
5
4
5
4
2 17786
4
2 17788
1 17789
4
1 17791
3
1 17793
4
1 17795
3
4
2 17798
3
1 17800
4
1 17802
4
1 17804
5
4
1 17807
1 17808
3
1 17810
4
2 17812
6
5
4
3
1 17817
6
3
2 17820
3
2 17822
5
2 17824
3
3
2 17827
3
1 17829
5
1 17831
3
2 17833
2 17834
4
4
3
1 17838
1 17839
4
6
4
2 17843
5
3
1 17846
3
2 17848
5
6
3
2 17852
5
1 17854
6
3
6
1 17858
1 17859
3
3
4
1 17863
3
1 17865
6
4
2 17868
5
2 17870
6
4
2 17873
1 17874
6
2 17876
4
3
3
3
2 17881
2 17882
3
1 17884
3
4
1 17887
5
6
5
6
5
6
3
2 17895
4
1 17897
4
1 17899
1 17900
6
5
4
1 17904
3
4
1 17907
4
2 17909
6
3
1 17912
1 17913
5
6
2 17916
5
2 17918
6
3
4
4
1 17923
4
2 17925
6
5
4
5
2 17930
1 17931
1 17932
1 17933
4
6
5
4
5
1 17939
4
3
2 17942
4
3
1 17945
2 17946
4
4
3
2 17950
4
1 17952
3
2 17954
3
1 17956
2 17957
1 17958
5
3
4
6
3
2 17964
4
2 17966
1 17967
5
3
5
4
1 17972
3
2 17974
4
2 17976
6
3
1 17979
3
2 17981
3
2 17983
6
1 17985
6
3
1 17988
4
5
3
2 17992
2 17993
5
3
5
6
2 17998
6
4
3
1 18002
3
1 18004
1 18005
2 18006
4
3
6
5
1 18011
1 18012
4
3
5
4
2 18017
5
2 18019
6
3
5
3
1 18024
4
1 18026
3
1 18028
2 18029
4
6
5
3
1 18034
4
2 18036
4
2 18038
3
2 18040
2 18041
5
3
1 18044
3
2 18046
4
4
2 18049
4
2 18051
4
1 18053
3
2 18055
6
1 18057
3
5
4
2 18061
3
2 18063
1 18064
2 18065
2 18066
4
6
5
4
6
3
5
1 18074
4
4
2 18077
2 18078
4
3
2 18081
4
1 18083
4
1 18085
1 18086
6
5
6
1 18090
6
4
2 18093
2 18094
1 18095
5
1 18097
6
4
1 18100
4
4
2 18103
1 18104
6
4
6
3
4
1 18110
4
6
4
1 18114
3
1 18116
5
3
4
2 18120
3
6
2 18123
6
2 18125
2 18126
3
2 18128
2 18129
5
2 18131
2 18132
3
4
2 18135
3
3
4
5
1 18140
6
4
3
5
1 18145
3
3
2 18148
6
5
4
4
1 18153
5
6
4
1 18157
4
1 18159
3
2 18161
3
1 18163
1 18164
3
5
4
1 18168
3
2 18170
6
5
2 18173
1 18174
4
2 18176
4
5
3
6
1 18181
5
1 18183
4
4
3
2 18187
5
4
1 18190
2 18191
3
5
4
1 18195
2 18196
5
4
3
1 18200
3
2 18202
1 18203
3
4
1 18206
5
4
1 18209
6
2 18211
4
3
2 18214
6
2 18216
6
5
3
3
2 18221
1 18222
2 18223
2 18224
4
6
2 18227
6
4
4
3
4
2 18233
1 18234
3
5
6
2 18238
3
3
2 18241
4
1 18243
3
1 18245
3
2 18247
4
1 18249
5
3
2 18252
3
1 18254
4
2 18256
4
1 18258
6
4
2 18261
2 18262
4
3
1 18265
5
4
1 18268
4
2 18270
1 18271
1 18272
3
3
1 18275
1 18276
6
5
4
4
3
1 18282
5
4
1 18285
6
2 18287
4
6
1 18290
4
3
1 18293
3
1 18295
3
1 18297
5
6
5
6
4
1 18303
4
1 18305
3
2 18307
5
6
4
2 18311
6
4
1 18314
6
3
1 18317
3
2 18319
4
2 18321
4
2 18323
3
1 18325
3
1 18327
6
4
2 18330
1 18331
2 18332
4
5
3
2 18336
1 18337
6
3
6
1 18341
6
5
4
5
3
2 18347
5
4
5
6
5
1 18353
5
6
4
3
2 18358
3
2 18360
3
2 18362
1 18363
2 18364
2 18365
4
6
2 18368
3
2 18370
3
3
3
2 18374
4
4
1 18377
4
1 18379
2 18380
1 18381
6
5
3
3
1 18386
2 18387
4
6
1 18390
6
2 18392
5
6
5
2 18396
4
4
3
6
3
3
1 18403
1 18404
4
4
2 18407
1 18408
4
5
4
1 18412
2 18413
2 18414
4
4
5
4
1 18419
5
6
4
2 18423
4
2 18425
5
6
3
1 18429
1 18430
4
5
6
3
1 18435
2 18436
1 18437
4
4
6
4
2 18442
5
6
4
1 18446
5
4
2 18449
2 18450
4
3
2 18453
4
2 18455
4
2 18457
2 18458
4
4
2 18461
3
1 18463
2 18464
3
3
1 18467
3
2 18469
3
1 18471
3
2 18473
6
4
1 18476
4
1 18478
4
1 18480
5
3
1 18483
3
1 18485
1 18486
5
4
2 18489
4
4
1 18492
1 18493
1 18494
1 18495
3
3
3
4
2 18500
3
1 18502
5
1 18504
4
3
2 18507
2 18508
4
5
3
2 18512
4
1 18514
4
1 18516
4
2 18518
2 18519
3
4
2 18522
6
2 18524
3
4
1 18527
4
2 18529
4
2 18531
5
4
2 18534
3
1 18536
4
1 18538
3
1 18540
3
1 18542
3
1 18544
3
1 18546
4
2 18548
4
2 18550
4
1 18552
3
1 18554
2 18555
2 18556
3
2 18558
5
4
1 18561
3
6
2 18564
4
4
5
3
2 18569
4
1 18571
3
2 18573
4
2 18575
6
1 18577
1 18578
1 18579
1 18580
1 18581
2 18582
3
3
1 18585
5
4
2 18588
5
4
1 18591
3
4
3
5
3
5
3
2 18599
6
4
4
1 18603
6
3
2 18606
3
1 18608
4
2 18610
1 18611
4
6
3
1 18615
4
1 18617
5
4
1 18620
1 18621
4
1 18623
4
2 18625
1 18626
3
3
6
3
1 18631
4
2 18633
5
6
4
2 18637
2 18638
1 18639
3
4
3
2 18643
4
1 18645
3
2 18647
3
2 18649
3
1 18651
1 18652
2 18653
4
4
4
1 18657
4
2 18659
4
1 18661
1 18662
3
3
1 18665
5
4
2 18668
2 18669
5
6
3
1 18673
4
3
1 18676
5
4
2 18679
6
3
1 18682
2 18683
1 18684
4
6
1 18687
5
4
5
1 18691
2 18692
5
1 18694
6
3
6
4
4
5
4
4
1 18703
4
2 18705
2 18706
3
4
1 18709
1 18710
4
4
1 18713
6
5
4
1 18717
4
2 18719
3
2 18721
5
4
1 18724
6
3
2 18727
5
6
3
1 18731
2 18732
4
3
1 18735
2 18736
3
3
1 18739
3
1 18741
2 18742
2 18743
3
6
3
6
4
2 18749
1 18750
3
4
2 18753
4
2 18755
5
4
1 18758
5
1 18760
3
2 18762
1 18763
6
3
4
6
3
1 18769
4
1 18771
5
6
4
2 18775
4
2 18777
3
1 18779
4
2 18781
4
2 18783
5
6
4
2 18787
4
1 18789
4
1 18791
4
2 18793
4
1 18795
4
2 18797
3
1 18799
1 18800
3
3
1 18803
5
1 18805
4
4
1 18808
2 18809
4
5
3
2 18813
1 18814
6
2 18816
5
6
2 18819
4
1 18821
4
3
1 18824
4
3
5
2 18828
4
6
5
3
2 18833
3
2 18835
5
3
1 18838
2 18839
1 18840
3
4
4
1 18844
3
1 18846
2 18847
3
2 18849
3
3
1 18852
4
1 18854
3
2 18856
6
3
1 18859
4
2 18861
4
1 18863
4
1 18865
1 18866
4
4
1 18869
5
3
2 18872
6
2 18874
3
3
2 18877
6
4
2 18880
6
5
6
2 18884
3
4
1 18887
6
1 18889
2 18890
6
5
2 18893
3
3
3
3
2 18898
5
1 18900
4
6
3
2 18904
2 18905
3
3
1 18908
5
6
3
2 18912
1 18913
2 18914
2 18915
1 18916
3
1 18918
4
4
4
2 18922
6
5
1 18925
3
2 18927
6
1 18929
4
2 18931
5
6
5
4
1 18936
2 18937
3
3
6
4
3
4
5
3
1 18946
2 18947
6
3
3
1 18951
1 18952
3
2 18954
3
4
2 18957
6
2 18959
3
3
1 18962
1 18963
2 18964
3
6
4
6
3
1 18970
1 18971
3
6
5
4
1 18976
6
5
4
2 18980
3
1 18982
6
3
2 18985
1 18986
3
6
1 18989
2 18990
4
3
6
1 18994
1 18995
6
1 18997
1 18998
6
3
3
3
2 19003
2 19004
1 19005
4
5
3
1 19009
4
3
5
4
4
1 19015
4
2 19017
3
2 19019
5
6
5
3
2 19024
4
1 19026
3
2 19028
3
2 19030
5
4
2 19033
3
1 19035
3
2 19037
5
3
2 19040
3
1 19042
1 19043
3
3
1 19046
1 19047
3
2 19049
6
3
3
2 19053
4
1 19055
4
2 19057
1 19058
5
4
6
3
1 19063
6
4
2 19066
5
4
2 19069
6
4
1 19072
5
1 19074
1 19075
2 19076
5
1 19078
6
1 19080
4
3
1 19083
1 19084
5
2 19086
6
3
5
4
1 19091
6
3
1 19094
4
2 19096
2 19097
3
5
6
3
1 19102
4
6
5
1 19106
4
5
6
2 19110
3
5
3
1 19114
4
3
5
6
3
3
4
2 19122
6
5
6
4
2 19127
2 19128
3
6
5
6
1 19133
3
2 19135
3
5
2 19138
4
2 19140
6
4
4
2 19144
3
2 19146
1 19147
3
1 19149
4
6
5
2 19153
1 19154
3
4
1 19157
3
3
1 19160
4
2 19162
4
1 19164
4
2 19166
2 19167
2 19168
3
2 19170
3
3
3
1 19174
5
4
1 19177
4
1 19179
1 19180
3
2 19182
1 19183
3
3
2 19186
4
5
4
2 19190
4
2 19192
4
2 19194
5
1 19196
1 19197
5
3
3
5
6
3
2 19204
1 19205
3
3
1 19208
2 19209
6
5
4
4
1 19214
5
3
1 19217
1 19218
5
6
4
3
1 19223
4
1 19225
4
1 19227
4
2 19229
5
1 19231
3
4
1 19234
3
1 19236
4
2 19238
1 19239
3
3
1 19242
6
3
2 19245
3
2 19247
2 19248
4
5
6
4
2 19253
4
2 19255
1 19256
5
3
6
5
3
2 19262
3
2 19264
3
1 19266
3
2 19268
4
1 19270
6
1 19272
6
5
1 19275
6
3
2 19278
5
6
1 19281
5
4
6
3
1 19286
6
5
6
3
4
5
1 19293
6
1 19295
2 19296
3
3
5
4
5
4
1 19303
6
4
2 19306
2 19307
3
3
1 19310
4
2 19312
3
1 19314
1 19315
1 19316
3
4
6
3
2 19321
2 19322
3
5
3
2 19326
3
2 19328
3
1 19330
6
4
1 19333
4
1 19335
3
1 19337
2 19338
5
6
4
1 19342
6
1 19344
4
4
2 19347
3
4
2 19350
6
4
1 19353
2 19354
3
1 19356
2 19357
3
1 19359
4
3
1 19362
6
1 19364
5
4
2 19367
4
5
3
4
2 19372
4
2 19374
3
2 19376
6
4
1 19379
4
1 19381
5
4
1 19384
3
1 19386
1 19387
3
5
3
1 19391
1 19392
4
4
2 19395
2 19396
1 19397
3
4
2 19400
4
4
1 19403
5
6
5
1 19407
1 19408
3
3
4
1 19412
3
2 19414
1 19415
5
6
3
3
1 19420
4
2 19422
4
2 19424
5
6
3
1 19428
6
3
2 19431
4
2 19433
1 19434
3
6
4
1 19438
5
1 19440
3
3
1 19443
3
2 19445
1 19446
4
3
1 19449
3
2 19451
3
2 19453
5
1 19455
3
3
1 19458
2 19459
2 19460
3
3
3
1 19464
3
1 19466
3
2 19468
1 19469
1 19470
4
4
1 19473
6
3
4
1 19477
4
1 19479
1 19480
3
2 19482
4
1 19484
4
2 19486
6
4
6
3
1 19491
2 19492
4
3
2 19495
6
5
6
4
2 19500
5
2 19502
5
6
2 19505
1 19506
4
1 19508
4
6
2 19511
1 19512
4
1 19514
5
6
5
6
5
2 19520
1 19521
2 19522
2 19523
2 19524
4
3
2 19527
6
2 19529
3
4
1 19532
1 19533
2 19534
6
5
3
5
6
4
1 19541
5
2 19543
1 19544
2 19545
3
6
4
4
1 19550
1 19551
4
3
3
4
6
5
4
4
3
5
4
4
4
5
4
3
2 19568
2 19569
3
3
2 19572
6
4
2 19575
4
2 19577
1 19578
1 19579
5
4
2 19582
4
4
2 19585
5
1 19587
4
4
1 19590
3
2 19592
4
4
2 19595
6
5
6
4
1 19600
3
2 19602
4
1 19604
4
1 19606
4
2 19608
4
2 19610
3
2 19612
2 19613
6
5
6
3
1 19618
1 19619
4
1 19621
1 19622
1 19623
6
4
3
4
4
6
1 19630
3
3
2 19633
4
2 19635
2 19636
1 19637
4
4
5
2 19641
4
1 19643
6
4
2 19646
4
5
6
1 19650
2 19651
6
4
6
4
5
1 19657
2 19658
5
3
3
3
1 19663
5
4
1 19666
3
2 19668
3
1 19670
4
2 19672
4
2 19674
4
2 19676
4
2 19678
3
1 19680
1 19681
3
4
2 19684
3
1 19686
4
2 19688
4
1 19690
1 19691
5
4
3
1 19695
6
3
1 19698
2 19699
1 19700
1 19701
1 19702
6
4
3
5
6
3
4
4
1 19711
6
4
1 19714
2 19715
5
2 19717
1 19718
1 19719
3
4
4
4
4
2 19725
1 19726
2 19727
3
1 19729
3
3
6
1 19733
5
6
4
3
2 19738
4
2 19740
2 19741
3
3
2 19744
4
1 19746
5
4
2 19749
2 19750
3
4
2 19753
3
1 19755
2 19756
6
5
6
3
3
2 19762
6
2 19764
4
4
2 19767
1 19768
3
6
4
2 19772
6
5
6
1 19776
5
4
6
2 19780
4
6
4
1 19784
3
1 19786
4
2 19788
3
2 19790
4
1 19792
3
1 19794
6
4
2 19797
3
2 19799
4
2 19801
6
4
1 19804
4
1 19806
5
3
2 19809
2 19810
4
3
2 19813
3
2 19815
4
2 19817
6
5
2 19820
3
2 19822
5
3
4
1 19826
3
2 19828
4
2 19830
6
4
2 19833
2 19834
6
5
4
4
1 19839
4
2 19841
4
1 19843
5
4
2 19846
6
4
1 19849
4
1 19851
4
1 19853
2 19854
4
2 19856
6
3
6
5
3
2 19862
3
2 19864
3
2 19866
3
2 19868
4
2 19870
4
1 19872
6
4
1 19875
5
1 19877
6
4
6
5
6
5
4
2 19885
1 19886
6
3
3
2 19890
3
1 19892
5
2 19894
3
5
3
2 19898
3
2 19900
3
2 19902
5
2 19904
4
3
1 19907
1 19908
1 19909
3
2 19911
4
2 19913
6
3
4
5
1 19918
3
6
3
1 19922
4
2 19924
3
1 19926
6
5
1 19929
4
5
2 19932
1 19933
6
5
3
4
1 19938
4
6
5
3
1 19943
3
2 19945
5
3
2 19948
4
2 19950
3
2 19952
5
4
2 19955
2 19956
4
4
1 19959
1 19960
4
3
2 19963
3
2 19965
4
2 19967
6
3
2 19970
4
1 19972
4
1 19974
3
2 19976
6
3
1 19979
6
2 19981
5
1 19983
5
4
6
1 19987
4
2 19989
5
4
5
3
3
2 19995
3
2 19997
5
4
1 20000
2 20001
1 20002
5
4
2 20005
4
2 20007
4
1 20009
1 20010
2 20011
3
5
4
3
5
4
4
2 20019
3
2 20021
1 20022
5
3
4
1 20026
5
6
1 20029
4
2 20031
2 20032
4
5
6
2 20036
3
3
3
2 20040
3
1 20042
5
6
5
3
1 20047
3
2 20049
6
4
1 20052
3
1 20054
3
2 20056
4
2 20058
2 20059
5
6
5
3
4
2 20065
4
2 20067
2 20068
4
4
2 20071
1 20072
4
2 20074
6
5
4
2 20078
2 20079
4
2 20081
1 20082
1 20083
5
4
1 20086
1 20087
3
6
4
2 20091
3
1 20093
5
4
2 20096
3
3
3
3
6
1 20102
4
4
2 20105
2 20106
2 20107
3
3
5
3
1 20112
2 20113
3
3
1 20116
3
2 20118
3
2 20120
3
2 20122
1 20123
2 20124
6
2 20126
3
2 20128
3
3
4
1 20132
3
2 20134
3
4
1 20137
4
2 20139
5
3
2 20142
2 20143
6
3
4
1 20147
2 20148
4
6
3
1 20152
4
2 20154
4
1 20156
3
2 20158
1 20159
6
2 20161
2 20162
4
4
4
3
1 20167
6
4
1 20170
1 20171
4
6
4
2 20175
1 20176
5
2 20178
4
6
4
1 20182
6
5
1 20185
3
3
1 20188
6
5
2 20191
5
6
3
3
3
2 20197
6
4
1 20200
4
2 20202
6
2 20204
4
1 20206
3
3
2 20209
6
5
2 20212
1 20213
4
5
6
5
1 20218
3
4
6
3
1 20223
6
4
1 20226
4
1 20228
4
2 20230
3
2 20232
2 20233
6
5
4
4
1 20238
2 20239
6
4
3
2 20243
3
2 20245
1 20246
4
4
2 20249
5
3
2 20252
5
3
2 20255
4
2 20257
3
1 20259
3
1 20261
4
1 20263
1 20264
4
3
1 20267
4
2 20269
3
1 20271
5
6
1 20274
4
1 20276
4
6
5
1 20280
4
3
1 20283
3
1 20285
3
1 20287
6
4
2 20290
3
2 20292
5
3
2 20295
2 20296
3
1 20298
6
4
5
6
5
4
2 20305
4
1 20307
2 20308
4
2 20310
3
4
2 20313
3
1 20315
5
6
4
2 20319
3
1 20321
1 20322
4
3
1 20325
3
2 20327
1 20328
6
5
3
6
4
1 20334
5
1 20336
5
1 20338
4
4
4
1 20342
3
1 20344
1 20345
3
4
2 20348
1 20349
4
3
1 20352
4
2 20354
2 20355
2 20356
4
4
5
4
1 20361
1 20362
4
6
5
3
1 20367
3
2 20369
2 20370
4
5
2 20373
2 20374
4
4
3
1 20378
6
3
2 20381
6
3
1 20384
3
2 20386
1 20387
1 20388
3
1 20390
5
3
6
3
4
2 20396
2 20397
1 20398
3
1 20400
4
4
3
1 20404
2 20405
3
3
1 20408
5
6
4
1 20412
5
6
2 20415
1 20416
4
5
3
3
1 20421
4
2 20423
6
5
3
1 20427
4
1 20429
4
2 20431
6
1 20433
2 20434
6
4
3
3
2 20439
4
1 20441
2 20442
1 20443
3
1 20445
4
4
5
3
1 20450
1 20451
4
4
1 20454
5
6
5
4
1 20459
3
1 20461
4
1 20463
4
1 20465
1 20466
5
1 20468
5
3
3
5
6
4
1 20475
1 20476
2 20477
1 20478
1 20479
5
1 20481
5
3
4
4
3
4
3
1 20489
6
5
4
2 20493
3
2 20495
6
2 20497
4
6
3
1 20501
6
1 20503
3
3
2 20506
3
1 20508
6
4
1 20511
4
1 20513
2 20514
2 20515
1 20516
1 20517
5
3
6
5
4
3
6
3
3
2 20527
2 20528
2 20529
2 20530
3
3
3
3
2 20535
5
6
4
2 20539
4
2 20541
6
2 20543
1 20544
4
1 20546
2 20547
3
4
2 20550
4
3
4
2 20554
3
1 20556
3
2 20558
1 20559
1 20560
3
2 20562
1 20563
4
3
2 20566
4
4
2 20569
3
3
1 20572
3
1 20574
4
2 20576
5
4
1 20579
1 20580
5
1 20582
2 20583
2 20584
4
4
4
6
5
4
4
1 20592
3
1 20594
4
1 20596
5
6
4
1 20600
2 20601
2 20602
3
2 20604
1 20605
3
1 20607
4
4
4
5
3
1 20613
4
1 20615
5
6
3
1 20619
6
3
2 20622
6
5
6
5
2 20627
2 20628
4
5
3
3
1 20633
6
2 20635
3
5
6
4
2 20640
3
1 20642
2 20643
3
1 20645
6
2 20647
4
6
1 20650
4
1 20652
2 20653
5
3
6
5
3
3
4
1 20661
4
1 20663
3
2 20665
6
1 20667
5
6
3
2 20671
4
3
2 20674
2 20675
4
6
4
1 20679
2 20680
6
2 20682
4
5
6
5
6
1 20688
6
2 20690
4
1 20692
4
4
4
2 20696
2 20697
5
4
4
1 20701
3
3
2 20704
1 20705
3
3
2 20708
3
1 20710
5
1 20712
2 20713
6
2 20715
4
4
5
1 20719
3
4
4
1 20723
3
2 20725
3
1 20727
4
1 20729
2 20730
4
1 20732
6
2 20734
3
3
2 20737
5
3
1 20740
4
3
1 20743
1 20744
4
5
1 20747
3
3
1 20750
4
2 20752
2 20753
3
5
4
1 20757
4
1 20759
1 20760
5
6
5
2 20764
2 20765
3
3
1 20768
2 20769
4
3
6
5
2 20774
5
4
2 20777
3
3
4
1 20781
4
2 20783
5
6
3
2 20787
3
2 20789
1 20790
4
2 20792
5
3
6
3
2 20797
3
2 20799
3
1 20801
6
3
2 20804
2 20805
4
4
2 20808
6
3
2 20811
3
2 20813
4
1 20815
4
2 20817
6
4
2 20820
4
1 20822
3
2 20824
3
2 20826
4
1 20828
3
1 20830
2 20831
2 20832
3
3
5
6
2 20837
5
6
4
4
2 20842
6
2 20844
1 20845
1 20846
4
5
1 20849
5
4
1 20852
4
3
3
1 20856
5
3
2 20859
1 20860
6
5
2 20863
3
6
5
4
3
2 20869
2 20870
2 20871
6
1 20873
1 20874
3
4
5
2 20878
3
6
2 20881
3
3
5
4
3
4
1 20888
4
2 20890
5
3
1 20893
2 20894
5
1 20896
4
3
5
4
1 20901
3
2 20903
3
1 20905
5
4
1 20908
4
1 20910
1 20911
3
2 20913
5
4
4
2 20917
3
1 20919
4
1 20921
3
1 20923
3
2 20925
4
1 20927
3
2 20929
5
4
2 20932
4
1 20934
4
2 20936
5
3
2 20939
3
1 20941
5
3
1 20944
2 20945
6
4
4
1 20949
5
2 20951
3
6
3
2 20955
4
2 20957
3
2 20959
4
2 20961
3
2 20963
2 20964
1 20965
5
1 20967
4
4
2 20970
1 20971
5
4
4
5
1 20976
2 20977
4
1 20979
1 20980
3
4
3
5
3
4
1 20987
3
2 20989
3
1 20991
4
1 20993
1 20994
1 20995
3
4
2 20998
3
4
2 21001
1 21002
3
3
2 21005
4
2 21007
6
4
2 21010
1 21011
1 21012
3
4
1 21015
4
4
1 21018
2 21019
3
2 21021
4
3
1 21024
3
2 21026
6
3
1 21029
4
1 21031
3
1 21033
3
2 21035
2 21036
4
3
2 21039
2 21040
4
2 21042
4
5
3
1 21046
3
2 21048
3
2 21050
3
2 21052
6
3
2 21055
2 21056
2 21057
3
4
2 21060
3
3
2 21063
4
2 21065
3
1 21067
1 21068
6
5
4
4
2 21073
4
2 21075
6
3
2 21078
1 21079
4
1 21081
3
4
2 21084
3
2 21086
3
2 21088
2 21089
6
4
2 21092
5
6
1 21095
4
4
5
6
1 21100
3
5
3
1 21104
4
1 21106
4
1 21108
2 21109
3
6
2 21112
5
3
4
1 21116
2 21117
6
3
3
2 21121
1 21122
1 21123
3
3
6
3
2 21128
4
2 21130
2 21131
5
1 21133
6
3
6
1 21137
5
6
3
4
1 21142
3
3
2 21145
4
1 21147
6
2 21149
6
4
2 21152
3
3
2 21155
4
1 21157
6
4
2 21160
2 21161
3
2 21163
3
4
1 21166
5
3
2 21169
5
2 21171
3
3
1 21174
1 21175
3
5
6
5
3
2 21181
3
2 21183
4
1 21185
3
1 21187
5
1 21189
4
2 21191
5
3
4
1 21195
1 21196
3
4
1 21199
3
2 21201
3
1 21203
6
4
1 21206
2 21207
6
4
4
2 21211
1 21212
3
1 21214
6
3
2 21217
4
6
3
1 21221
5
6
3
1 21225
2 21226
4
4
1 21229
4
2 21231
3
1 21233
4
2 21235
3
1 21237
6
4
1 21240
3
2 21242
4
1 21244
3
2 21246
6
1 21248
3
4
2 21251
6
5
2 21254
4
3
1 21257
1 21258
2 21259
3
6
3
3
1 21264
1 21265
3
1 21267
3
3
1 21270
5
2 21272
6
4
4
2 21276
3
2 21278
3
1 21280
4
1 21282
4
2 21284
3
2 21286
5
4
1 21289
4
2 21291
1 21292
6
5
6
2 21296
3
2 21298
4
6
4
6
3
2 21304
3
1 21306
2 21307
1 21308
4
4
4
2 21312
4
1 21314
4
2 21316
3
1 21318
3
1 21320
4
2 21322
4
1 21324
5
6
3
2 21328
5
4
2 21331
3
1 21333
2 21334
5
6
4
4
2 21339
5
4
2 21342
3
1 21344
4
2 21346
3
1 21348
2 21349
1 21350
1 21351
5
4
4
4
4
1 21357
1 21358
3
5
4
1 21362
2 21363
1 21364
4
6
3
4
2 21369
4
1 21371
5
4
2 21374
6
2 21376
2 21377
4
6
5
4
6
5
3
1 21385
4
2 21387
3
2 21389
3
2 21391
4
1 21393
1 21394
3
3
2 21397
4
1 21399
3
2 21401
5
3
2 21404
6
4
2 21407
4
1 21409
4
2 21411
2 21412
1 21413
3
5
3
1 21417
1 21418
3
3
5
6
3
2 21424
3
2 21426
4
2 21428
5
4
2 21431
5
4
1 21434
4
1 21436
2 21437
2 21438
2 21439
1 21440
5
3
3
1 21444
3
4
3
1 21448
6
3
3
2 21452
4
2 21454
5
6
4
2 21458
4
2 21460
2 21461
3
4
1 21464
3
1 21466
3
1 21468
5
1 21470
1 21471
3
3
1 21474
1 21475
4
1 21477
5
3
4
4
2 21482
4
1 21484
4
1 21486
3
1 21488
1 21489
2 21490
6
3
4
1 21494
3
4
1 21497
4
1 21499
1 21500
5
6
5
3
6
4
2 21507
3
1 21509
3
