101
-94 45 -48 -79 81 -55 26 -33 51 30 46 -89 56 10 96 12 31 -80 79 -23 -28 90 28 40 -83 23 -56 43 97 -89 -62 -78 16 34 -14 -89 6 -91 -29 56 -82 -6 31 100 -19 -66 1 -25 -91 66 2 -19 -1 -70 -29 11 -73 4 -59 -7 -89 11 -41 52 -74 88 -54 -56 -27 52 41 -36 -1 -45 -63 -47 -43 -61 -69 88 86 98 -8 87 48 99 -17 26 42 -4 -4 97 -100 -79 -24 70 95 18 -39 -34 92
31 67
79 101
63 87
32 98
57 71
28 35
31 75
6 62
2 29
75 75
55 92
13 87
7 54
55 65
61 74
6 99
13 66
13 34
55 64
87 89
63 93
62 68
53 65
11 37
17 57
90 96
1 24
17 70
16 39
68 101
31 60
59 70
3 89
10 34
49 95
49 88
12 64
43 71
26 99
29 83
32 40
16 100
17 53
14 61
49 99
78 87
72 77
20 33
32 76
31 46
22 91
40 76
73 84
56 87
1 24
8 74
30 39
26 83
39 52
79 97
61 99
28 81
7 51
