42
-48 93 30 -4 25 -70 -4 54 -69 -45 51 1 58 -95 32 40 -59 95 -19 45 58 -23 82 72 54 -56 -29 73 24 -72 33 -59 76 21 -82 -74 99 0 -23 -57 19 69
13 31
38 41
9 38
9 12
9 23
17 31
3 32
40 41
3 4
11 42
20 22
13 32
24 29
19 42
1 33
11 12
13 20
1 9
18 25
12 34
7 17
4 36
10 36
20 37
4 15
23 37
12 15
20 24
11 24
35 42
15 21
18 37
22 41
31 34
18 35
16 35
5 27
25 42
1 39
21 34
27 31
17 37
4 35
33 37
7 35
1 22
25 36
27 38
7 8
3 39
30 42
4 29
9 15
14 27
4 42
13 21
4 18
24 24
4 17
28 29
10 26
14 37
17 20
15 21
13 36
4 12
9 27
11 32
23 30
25 29
20 32
38 39
6 36
7 7
6 12
4 41
29 30
1 18
32 39
6 39
29 29
24 36
31 40
20 39
39 40
21 31
31 31
11 21
13 21
28 34
15 23
