632 710
1 2 6 8 9 10 10 10 11 11 14 14 16 17 19 20 23 27 27 31 32 34 42 43 46 46 48 50 53 54 60 60 67 67 68 69 70 73 75 79 79 80 80 81 83 85 86 86 88 90 94 95 95 102 102 104 104 106 112 118 119 120 120 121 122 123 123 128 132 137 138 144 147 151 152 153 157 168 168 170 171 174 177 180 181 182 183 185 186 187 190 194 196 196 197 199 204 205 205 205 206 209 211 213 213 214 215 215 215 219 221 222 223 226 227 234 235 237 238 240 240 244 244 249 251 252 256 257 258 265 266 267 273 281 283 285 286 291 293 294 303 304 304 306 311 313 316 319 319 328 331 332 337 340 340 341 345 346 347 349 349 356 358 368 370 372 376 376 379 379 380 381 382 382 385 386 388 393 393 394 395 395 395 400 400 400 401 402 402 405 407 412 412 413 413 416 417 419 419 422 423 427 428 430 435 437 437 439 440 445 446 453 456 456 457 458 458 459 459 466 466 471 474 480 480 482 484 485 488 489 489 493 494 496 497 502 508 508 512 514 515 515 516 518 519 519 519 520 525 528 529 530 531 532 532 533 538 538 547 548 551 552 553 555 557 558 559 560 561 564 565 566 567 573 575 576 580 583 583 585 585 589 590 600 603 604 605 605 606 611 612 614 615 622 625 629 630 631 634 635 641 641 644 648 654 655 658 658 662 665 669 669 673 678 680 680 682 683 686 691 697 698 698 698 700 701 703 704 705 705 705 706 707 709 709 711 711 712 713 716 717 719 721 724 724 725 726 727 727 728 728 730 731 733 735 736 739 740 742 743 746 753 754 757 761 762 766 775 775 778 780 780 781 783 785 786 786 788 788 793 795 796 796 799 800 801 807 808 809 811 813 814 815 819 820 821 823 823 825 829 832 833 835 842 843 843 844 845 846 847 850 853 854 855 860 867 868 869 875 877 878 878 882 883 884 885 885 885 889 891 892 901 902 903 904 906 906 909 910 912 920 922 922 926 927 928 932 936 936 941 949 950 952 953 954 955 957 958 959 960 964 964 965 969 969 973 979 980 981 985 985 988 990 991 996 999 1000 1002 1004 1007 1008 1009 1009 1010 1010 1010 1013 1018 1022 1023 1024 1024 1025 1025 1029 1030 1031 1035 1037 1037 1039 1039 1040 1042 1049 1051 1051 1054 1056 1057 1057 1060 1062 1064 1066 1073 1073 1075 1075 1078 1082 1084 1085 1086 1087 1087 1088 1093 1096 1099 1100 1101 1102 1103 1103 1104 1104 1106 1113 1113 1113 1116 1116 1122 1124 1124 1134 1135 1138 1139 1142 1143 1150 1152 1153 1154 1155 1158 1159 1162 1163 1164 1170 1174 1174 1175 1176 1177 1177 1178 1178 1179 1179 1180 1180 1180 1181 1182 1184 1185 1187 1187 1187 1188 1189 1192 1192 1193 1194 1196 1197 1202 1203 1203 1203 1204 1206 1206 1206 1212 1218 1218 1218 1218 1221 1222 1224 1225 1226 1227 1229 1231 1231 1232 1233 1235 1237 1237 1237 1241 1242 1245 1246 1247 1250 1250 1253 1255 1256 1256 1258 1261
3
2
2
4
1 23
2
4
1 20
2
4
2
2
1 12
2
1 -6
1 -22
1 6
2
2
2
3
1 -12
3
2
2
4
1 12
2
4
3
2
1 -16
2
1 -8
2
3
2
3
2
4
2
1 13
1 -20
3
2
2
4
2
4
2
3
2
4
3
2
4
1 -19
1 18
1 14
1 1
2
2
3
1 6
2
1 -1
1 17
4
2
2
2
4
1 1
1 20
2
1 -7
3
2
3
1 15
1 0
1 -14
1 -26
3
2
2
4
3
1 -22
2
1 -13
4
1 5
3
4
1 9
4
3
1 -3
2
1 -1
3
2
2
4
3
2
3
2
4
3
1 -9
1 -7
1 4
1 -2
1 -6
3
1 23
2
4
1 19
3
2
1 5
2
1 -16
4
2
4
1 -6
3
1 -4
3
1 -1
3
1 23
3
2
2
3
2
2
4
1 9
3
2
2
4
3
2
1 1
3
2
4
2
4
3
1 9
2
3
2
1 -5
1 16
2
1 19
1 -10
2
3
1 14
2
4
1 -20
1 -24
1 11
1 13
2
4
1 19
1 -12
4
1 -24
3
1 21
2
4
2
4
1 21
4
3
2
1 -3
3
2
4
1 -12
4
3
1 -20
1 6
2
2
4
1 -15
1 -5
4
1 -1
1 -17
4
2
4
2
2
4
2
1 13
1 -11
2
4
2
1 11
3
1 4
3
1 16
1 -15
1 24
2
3
2
4
3
2
3
2
1 6
4
2
2
2
3
2
4
1 -10
1 0
1 1
4
2
4
2
3
2
3
2
3
2
1 -20
3
2
4
1 21
2
3
1 21
1 11
3
1 -7
1 -6
2
2
1 7
3
2
2
1 17
1 -23
3
2
1 -5
3
2
2
3
2
3
2
3
2
2
3
2
1 13
2
3
1 19
3
2
1 9
1 -12
1 5
2
4
1 -9
1 -16
1 -15
2
3
1 -8
2
3
2
2
4
1 -3
1 -4
1 -13
1 -5
3
2
1 -4
2
1 -20
4
1 -2
1 -10
1 20
3
2
4
2
4
1 11
1 15
2
3
2
3
1 21
1 19
2
2
4
1 23
2
4
2
1 -21
2
4
3
2
2
3
1 3
3
1 -8
3
2
4
1 -8
2
2
2
2
1 15
4
2
1 -20
1 13
3
2
3
2
2
3
2
1 -17
4
3
2
4
3
2
4
2
2
3
1 20
2
2
2
2
1 23
2
1 20
2
1 -17
4
1 14
3
2
4
2
2
3
2
3
2
3
1 5
2
1 9
3
1 -13
3
2
4
1 -25
4
3
1 20
1 22
1 -6
3
1 -26
1 -18
2
1 24
2
3
1 -5
2
3
1 -16
3
2
1 17
4
2
3
2
2
1 -6
3
1 13
1 -16
3
2
1 -5
2
2
4
2
1 8
4
2
4
2
1 -14
4
1 4
2
1 -21
1 17
1 -19
4
1 -24
4
1 -24
2
4
3
1 -24
2
1 -11
1 -26
2
3
2
2
1 -22
1 13
2
2
4
3
2
3
4
1 -9
1 18
1 10
4
3
2
3
2
1 -22
3
2
4
2
1 14
4
2
4
3
4
3
1 -25
2
2
3
2
2
4
2
3
4
1 -23
2
3
2
4
1 -19
3
2
4
2
2
1 11
3
1 -13
2
1 17
2
3
2
1 19
1 -10
1 14
3
2
1 -2
2
1 -12
2
1 11
1 -2
1 17
2
2
2
2
4
3
2
2
1 -12
1 -19
1 10
4
3
2
1 -21
1 4
2
2
2
3
2
2
3
4
2
1 -24
3
2
3
1 18
4
3
4
1 9
4
1 -1
2
2
3
4
3
2
1 -16
1 8
2
4
1 10
2
1 -24
4
2
1 -9
1 -6
2
4
2
2
2
4
2
2
4
3
2
4
1 -14
2
1 -21
2
1 -12
4
3
1 20
1 9
2
1 -16
4
2
4
2
3
2
2
1 -10
2
4
1 -16
4
2
1 -15
1 1
2
4
1 -9
4
1 14
3
1 7
4
2
4
2
3
2
1 -4
2
1 -8
4
3
2
1 -19
4
1 3
3
2
4
3
2
1 17
4
2
3
4
3
1 19
3
2
4
2
4
2
2
4
1 -13
4
2
3
2
1 15
1 -26
3
2
2
4
1 0
2
4
2
1 -10
1 -12
3
4
1 1
3
2
1 14
4
1 24
1 11
4
