1326
11 13 12 12
19 17 19 20
16 11 19 17
20 11 14 21
19 14 3 18
9 20 12 4
7 20 1 20
4 18 7 1
17 2 15 17
13 9 19 17
8 12 11 15
2 8 14 2
13 20 1 16
4 11 14 20
15 12 1 1
17 1 1 7
7 3 13 10
1 12 10 5
8 1 20 3
20 1 17 2
12 9 8 5
13 21 10 19
2 10 13 21
17 13 3 12
14 18 19 7
21 2 13 14
11 19 2 14
4 20 11 19
19 6 4 14
10 6 11 5
5 14 13 16
1 13 2 17
16 15 20 3
18 1 19 15
7 3 1 6
5 7 15 14
16 9 12 17
10 21 11 3
14 12 19 19
7 12 17 4
20 17 14 10
11 13 1 12
15 10 19 16
4 4 8 17
19 8 16 12
3 16 19 15
6 6 21 11
6 5 20 19
19 2 21 8
13 11 17 14
12 16 15 6
10 10 2 8
16 11 4 19
4 11 9 6
2 5 9 15
2 5 16 21
18 21 17 12
1 5 10 11
4 9 14 4
9 6 11 16
9 7 1 11
6 18 1 3
18 11 19 10
11 20 10 4
10 9 13 21
18 17 11 13
15 11 5 1
20 11 9 14
1 3 15 19
1 18 19 9
5 12 12 10
11 20 11 14
16 11 5 3
8 19 16 5
19 9 13 18
8 9 14 1
8 11 11 21
2 15 9 20
6 4 7 3
13 10 18 14
6 12 11 18
9 11 21 13
3 9 18 15
8 8 10 3
10 12 6 17
12 10 7 3
7 11 9 19
18 1 18 14
13 15 2 4
4 20 13 4
3 15 1 8
17 8 19 17
11 2 19 3
10 11 10 21
3 7 20 13
5 3 1 15
5 4 10 9
17 11 21 18
7 4 14 11
7 19 21 17
9 3 9 1
15 18 2 21
8 10 7 15
12 9 21 7
18 13 7 3
8 8 10 16
1 8 13 2
20 6 11 3
18 16 8 21
4 2 5 14
2 10 2 13
6 15 11 19
12 4 21 11
14 2 16 20
15 13 8 11
18 20 10 3
15 12 12 20
9 17 18 10
20 17 4 15
13 21 13 10
21 19 16 14
5 1 8 7
21 3 1 8
1 7 17 5
1 13 2 8
15 2 7 2
9 20 2 9
8 18 19 4
13 15 12 20
2 14 21 6
2 19 21 8
10 13 12 6
9 6 7 12
5 5 1 17
12 18 7 17
14 3 21 21
9 1 19 14
2 1 10 3
4 2 16 16
14 14 14 8
10 10 2 16
6 3 15 10
2 7 15 9
16 19 2 20
9 2 3 13
1 5 14 2
10 11 6 17
7 19 4 3
6 1 2 17
14 9 9 20
17 20 7 3
8 15 11 4
16 21 6 21
20 7 2 8
19 8 7 7
21 11 11 10
5 20 4 18
7 5 7 11
1 5 18 10
7 12 14 17
9 4 6 18
20 14 11 1
4 20 1 9
18 12 15 12
17 8 1 19
9 7 18 12
11 18 2 1
5 9 9 19
14 12 11 19
20 17 9 13
1 19 11 9
6 13 20 10
6 6 20 19
14 4 5 8
6 20 13 6
16 13 19 2
15 19 16 21
11 10 4 12
11 8 18 6
18 9 5 14
16 18 13 21
7 11 19 2
12 4 3 20
1 17 16 21
9 1 14 14
4 10 3 18
5 11 15 18
16 19 17 15
15 16 9 17
11 12 4 4
2 2 12 8
14 6 4 8
13 10 1 1
16 13 21 13
5 18 19 14
13 17 5 16
13 20 8 21
21 13 18 13
18 1 5 19
8 4 9 8
3 11 16 17
18 21 21 20
6 13 18 8
21 9 5 14
9 20 20 5
7 16 14 8
17 19 5 11
11 17 5 1
20 6 18 6
14 12 19 17
20 6 2 7
8 10 2 13
2 9 18 16
7 5 2 7
19 8 18 5
16 11 4 6
14 7 3 20
20 14 3 17
13 17 13 2
17 2 17 8
12 2 21 3
13 8 18 9
13 14 16 20
8 8 17 15
21 5 8 1
1 13 6 4
21 8 19 11
3 4 12 15
20 4 9 16
19 12 13 4
15 12 20 14
12 2 11 1
2 6 12 20
2 18 13 15
8 6 6 15
17 6 7 9
2 9 7 16
19 18 16 2
7 13 13 13
16 17 1 15
13 13 14 6
17 6 11 1
2 1 21 15
12 8 19 13
15 17 7 7
6 20 6 14
21 13 1 8
11 4 5 7
21 6 7 16
5 1 2 6
4 2 10 9
5 20 1 21
1 14 13 16
6 10 21 11
7 10 16 4
1 7 19 13
11 17 4 16
18 3 3 10
19 17 11 9
20 16 1 13
10 20 21 2
2 14 13 13
2 20 18 19
13 9 18 20
8 17 10 11
20 15 10 5
13 13 3 11
13 11 10 18
18 18 21 14
21 8 19 11
11 1 12 6
7 17 10 17
15 6 8 8
14 8 21 14
15 8 2 17
13 16 4 15
12 6 21 4
4 17 16 8
16 18 12 16
18 21 2 6
17 12 2 12
13 1 15 9
7 5 6 18
18 18 9 2
2 9 10 17
17 9 14 3
7 8 15 11
1 17 3 6
20 11 16 2
2 6 7 9
5 13 4 1
3 21 7 11
19 12 15 19
12 18 1 13
8 10 18 11
7 7 19 7
10 5 4 10
10 2 21 5
2 8 19 11
20 1 2 10
18 18 10 3
5 7 15 6
17 8 11 13
15 3 1 13
2 14 7 21
1 21 9 6
16 15 2 7
20 10 1 19
18 6 16 7
14 12 7 16
13 6 18 16
13 7 15 4
19 18 1 16
10 15 8 14
14 2 20 20
5 1 15 17
12 2 16 7
11 3 11 7
4 13 7 15
20 9 11 3
7 2 8 8
21 10 7 15
1 2 7 4
12 7 8 21
6 13 17 3
19 16 8 3
19 11 7 8
11 13 6 19
15 11 10 20
4 20 18 7
10 3 14 9
9 3 17 16
16 1 9 11
21 5 4 16
12 1 11 20
13 16 19 10
5 9 2 3
14 19 16 19
15 6 3 16
3 3 2 7
3 9 12 21
8 8 10 10
21 2 8 10
20 1 3 13
6 4 18 17
1 10 20 1
7 11 2 12
1 8 17 12
20 15 4 2
13 17 19 21
16 14 8 17
16 2 16 21
9 12 4 1
15 4 20 14
10 21 8 18
15 19 20 11
7 12 19 13
10 14 4 3
3 9 7 16
6 1 2 19
19 1 1 1
16 6 2 16
5 1 11 7
8 10 6 4
15 20 2 5
3 9 15 12
17 8 21 8
19 5 21 14
17 4 19 13
18 18 7 11
6 4 13 1
10 2 17 6
13 18 12 14
5 1 8 11
4 16 15 1
18 3 13 7
5 13 6 13
12 18 12 2
7 16 19 5
3 13 10 4
10 7 20 16
17 21 16 18
7 9 20 4
14 9 15 1
4 14 18 1
2 10 17 5
4 18 21 18
6 21 21 12
2 16 5 6
10 17 13 7
9 20 5 18
9 14 18 4
13 16 10 9
18 1 6 6
14 1 17 6
1 5 11 13
19 16 2 1
15 3 11 7
14 17 21 21
14 11 21 20
11 2 8 9
17 21 9 8
2 13 19 1
11 19 7 3
10 17 17 7
19 5 7 11
13 11 2 2
5 4 20 18
14 17 8 10
17 14 17 18
1 19 1 7
13 13 5 5
16 5 13 18
8 13 4 17
21 1 4 14
18 15 5 10
9 20 13 19
9 12 20 16
10 20 17 5
17 14 4 5
14 11 1 14
6 6 3 14
3 13 20 7
8 8 2 2
2 17 20 17
16 16 2 2
4 11 16 15
2 16 12 16
6 13 7 21
12 2 8 9
16 3 15 11
8 12 18 2
8 16 15 9
18 15 10 18
5 19 11 2
9 11 4 14
14 2 4 5
14 3 5 19
15 5 12 8
4 3 20 7
10 9 21 18
12 12 16 8
18 12 15 5
20 13 21 3
6 5 3 19
5 19 3 12
10 9 1 10
21 12 12 7
2 19 3 6
21 16 13 12
11 14 21 6
1 16 18 15
20 12 20 1
10 9 19 16
14 2 2 6
15 10 12 18
17 3 17 8
16 16 7 14
18 17 15 14
19 21 1 6
21 19 7 2
10 9 14 10
18 15 4 14
19 20 7 21
13 12 5 10
2 11 11 20
17 10 18 19
13 19 10 3
21 13 5 10
17 3 19 4
16 16 13 21
18 21 12 12
1 19 16 8
21 21 9 17
11 5 4 15
13 13 12 15
19 5 10 12
10 6 19 9
2 1 9 12
1 5 1 4
21 4 12 15
18 19 13 12
20 14 17 12
3 20 9 4
5 13 4 21
1 10 18 20
8 8 18 21
16 6 4 14
21 11 4 15
17 6 19 12
20 14 9 18
18 2 21 3
7 10 8 11
14 11 13 2
20 7 10 11
20 21 15 16
15 19 11 4
20 17 16 6
3 4 19 21
19 21 17 7
1 4 14 9
13 8 12 1
5 20 12 15
21 5 10 7
17 19 19 14
19 18 9 12
1 3 1 11
2 13 8 16
13 14 9 8
6 17 6 2
7 3 14 17
21 15 1 18
2 10 4 15
18 9 4 5
4 1 6 16
4 15 2 2
6 21 8 7
20 11 7 12
14 17 18 1
15 12 2 21
5 11 17 8
18 9 10 9
15 1 13 16
6 18 1 12
9 5 2 5
8 11 6 14
5 9 21 4
21 6 8 19
12 3 9 16
11 15 14 19
21 6 4 13
15 8 1 21
21 15 5 20
16 21 6 18
9 6 11 11
3 5 14 19
19 15 1 5
14 4 16 15
9 8 12 14
10 2 21 10
11 4 15 5
13 14 4 10
11 12 19 16
1 5 6 16
4 18 14 12
8 17 8 15
6 2 10 11
9 18 14 13
16 1 8 8
3 19 1 20
18 3 13 2
8 3 17 12
15 6 4 20
5 12 2 13
14 16 16 15
9 9 13 9
18 8 15 9
21 12 14 17
5 15 12 21
11 2 5 11
1 12 20 4
16 13 17 15
20 4 9 19
13 21 12 9
17 12 14 19
19 8 1 18
16 8 6 4
21 12 12 1
2 3 1 13
19 1 3 16
17 20 19 20
5 1 20 13
5 11 11 13
3 11 20 6
13 18 10 1
12 2 5 2
18 6 3 17
14 2 17 10
19 12 4 1
4 11 14 13
16 18 17 14
20 10 20 1
9 7 19 18
4 19 18 13
1 16 6 21
5 9 9 16
14 5 20 9
4 3 20 17
12 1 19 14
3 1 16 3
16 5 5 1
21 15 18 11
1 4 7 6
18 9 6 21
5 18 8 20
6 17 5 21
6 19 2 6
12 15 19 10
14 7 7 17
10 4 21 4
9 10 19 1
18 13 12 16
12 12 4 21
17 18 8 2
12 8 9 19
3 21 6 9
10 3 19 18
11 19 3 14
6 10 19 15
16 3 6 15
9 8 10 12
7 21 14 17
20 21 6 2
7 15 16 4
15 3 3 8
21 21 8 21
15 15 13 15
16 13 9 9
13 4 19 7
2 12 11 5
20 5 17 12
14 2 20 1
17 17 9 9
19 9 19 13
9 11 8 6
19 16 14 11
17 10 4 2
11 16 14 10
21 7 5 12
9 14 3 5
9 16 5 16
20 2 11 11
1 16 18 11
6 6 14 16
7 5 17 20
16 13 9 14
3 7 16 20
20 21 11 21
21 7 11 9
19 20 18 6
9 2 13 17
4 13 6 3
14 17 3 1
8 12 15 14
9 20 14 20
19 20 17 15
2 18 20 10
11 18 10 1
12 2 11 9
18 10 3 2
8 13 15 18
11 14 17 17
1 12 7 20
15 9 10 3
3 3 12 18
7 17 7 2
9 9 4 17
17 11 1 11
14 19 10 17
19 17 20 3
3 11 18 13
3 9 9 4
10 2 5 1
12 3 20 17
2 1 16 19
13 13 4 6
18 14 17 20
3 7 21 3
9 12 2 6
11 2 20 11
1 6 18 20
6 2 10 3
10 5 9 21
13 16 21 15
19 18 6 8
15 18 8 3
10 9 20 9
5 9 9 5
12 13 13 17
12 21 3 8
4 14 12 12
17 16 5 7
18 5 5 9
6 15 14 8
21 17 10 17
3 6 2 1
3 14 2 1
16 4 14 6
6 15 20 15
19 2 8 21
19 12 3 9
10 11 5 15
15 11 8 4
21 16 17 7
18 6 21 4
18 20 3 20
13 13 13 15
8 11 15 21
18 18 21 5
1 8 18 15
1 21 6 4
9 15 21 1
20 18 5 9
14 8 13 14
4 18 13 12
1 18 6 2
4 17 5 13
2 11 18 19
20 21 20 15
2 17 21 15
6 20 16 18
15 15 2 9
3 8 20 2
11 20 16 3
19 9 1 8
11 21 6 17
21 6 18 20
5 8 17 3
17 17 1 2
14 16 14 2
2 13 19 13
8 13 21 20
13 17 12 1
14 19 9 2
9 8 7 21
14 9 11 6
13 3 8 3
4 18 11 2
21 19 6 18
1 20 7 7
1 19 17 20
15 5 19 17
18 14 19 4
7 6 20 5
1 11 17 14
13 14 21 1
13 14 5 1
15 11 20 21
6 20 10 7
16 1 20 19
3 17 8 16
14 20 16 5
18 9 12 19
13 14 5 9
13 21 21 14
1 11 13 3
17 3 9 9
21 17 3 17
13 8 20 7
13 10 5 1
19 6 5 2
11 5 18 13
19 6 6 20
7 10 13 8
3 1 8 17
1 4 13 9
11 16 5 15
14 4 16 2
9 19 15 17
15 1 14 14
11 12 16 12
13 19 14 4
11 1 6 5
18 19 6 13
15 21 14 4
20 18 11 16
9 20 6 6
3 21 10 2
19 15 14 7
21 1 18 21
12 14 9 9
9 18 18 4
17 9 17 10
20 12 10 8
9 17 6 16
11 16 2 2
18 10 13 2
19 4 5 7
14 3 20 1
5 15 9 6
8 2 17 11
14 7 16 8
17 3 15 8
1 17 4 3
17 7 1 10
7 17 4 19
4 19 18 20
1 13 1 2
7 14 9 17
1 4 1 14
10 1 10 1
19 6 3 17
2 14 19 10
2 12 2 18
19 16 18 15
20 8 11 7
18 6 8 2
2 21 6 12
8 11 17 10
12 5 14 5
5 1 20 7
17 14 16 14
2 18 11 7
20 10 7 21
18 20 2 16
19 3 2 2
12 21 12 18
15 19 9 19
15 19 8 20
11 2 6 14
3 16 10 20
13 14 21 7
12 17 12 2
13 15 16 10
12 20 19 1
10 9 7 13
2 3 16 13
7 16 17 11
10 10 7 21
7 11 12 21
6 18 9 6
2 5 1 14
6 9 15 21
6 14 13 9
5 18 8 9
14 21 18 16
7 14 19 11
10 3 16 21
3 12 21 4
18 8 15 20
16 3 7 5
11 21 6 10
12 21 8 20
17 1 14 18
3 8 17 18
9 9 15 9
20 10 18 4
11 16 20 10
3 6 14 11
11 16 16 9
1 13 4 9
9 20 15 18
7 8 2 18
14 12 6 17
15 19 11 19
2 3 10 1
18 6 5 17
11 9 5 15
5 2 8 21
14 2 1 18
15 20 12 14
5 10 20 6
20 20 20 8
15 21 4 2
7 19 19 3
5 4 10 14
2 4 7 7
10 21 9 9
9 19 20 1
19 12 11 4
17 19 10 21
16 5 21 13
19 14 3 21
12 6 4 8
15 11 2 2
19 9 12 15
11 11 15 21
21 11 14 20
17 4 15 20
8 19 16 2
10 9 16 4
21 13 13 16
17 20 21 5
20 21 4 18
19 20 3 17
19 10 11 12
13 20 6 19
10 21 6 1
15 20 3 3
1 8 14 16
10 4 3 4
6 4 13 7
6 19 7 14
8 9 1 2
19 8 16 4
20 14 15 21
14 15 8 18
19 4 21 12
7 15 9 10
20 20 9 19
7 13 8 14
6 6 20 6
7 8 8 1
10 10 12 10
16 20 4 16
15 20 21 12
5 2 16 15
15 2 3 7
13 14 1 4
9 18 3 8
2 20 11 13
9 6 10 12
12 13 18 6
13 14 11 8
17 1 16 17
1 20 3 14
20 13 10 5
7 6 11 7
5 18 2 20
13 9 12 2
19 16 1 21
16 18 11 1
9 10 6 9
16 12 18 10
11 19 13 15
15 15 2 12
15 17 11 2
2 21 9 11
7 15 13 16
16 18 12 14
2 15 11 21
5 9 10 18
14 15 5 17
4 3 20 4
1 17 19 21
15 14 2 13
4 5 13 15
19 1 9 18
7 21 5 5
13 6 8 14
2 15 19 18
5 18 20 19
6 15 19 2
16 16 4 13
4 16 2 18
17 12 13 3
13 15 6 2
1 4 10 6
3 20 4 12
11 4 19 21
15 10 13 13
12 16 12 4
9 14 21 5
19 12 20 6
4 20 9 20
17 21 2 20
19 9 15 6
6 11 4 5
4 19 11 20
21 16 5 10
8 8 1 8
7 19 18 18
6 4 13 11
4 2 12 12
12 1 7 10
1 16 6 9
9 9 16 21
14 21 5 20
10 1 3 10
11 1 20 1
20 7 12 21
18 14 7 14
8 20 13 6
3 21 19 7
6 17 10 14
4 21 10 12
2 1 13 13
8 13 8 11
10 18 14 1
18 5 5 20
12 3 13 11
18 19 20 6
7 4 13 19
4 13 1 7
1 18 17 4
12 7 3 8
1 21 16 5
8 18 14 16
16 20 18 7
11 17 5 10
6 15 6 13
9 2 9 10
10 20 3 1
21 12 1 11
9 14 12 6
9 16 17 15
14 10 2 17
7 11 18 9
7 3 3 7
14 8 7 17
7 3 6 18
8 8 12 20
11 1 19 11
2 10 5 14
3 3 6 1
8 7 4 11
20 20 2 18
2 5 1 8
11 5 2 21
11 2 1 13
5 1 6 2
3 17 10 9
11 13 19 17
10 21 1 17
21 8 16 18
18 7 8 11
16 16 11 12
10 18 19 2
18 13 21 14
14 14 6 19
10 1 4 16
21 6 21 4
17 5 3 15
13 8 17 3
14 19 18 19
11 2 10 18
9 8 21 3
7 5 3 20
15 18 4 12
3 6 17 21
8 21 5 19
21 17 15 18
5 17 13 18
13 3 21 8
8 18 11 2
13 8 19 20
16 17 15 8
14 8 20 4
20 13 16 13
9 4 14 13
20 13 19 1
20 11 10 6
16 1 13 12
12 8 10 19
18 15 3 3
19 8 18 14
3 16 14 4
12 1 9 21
7 15 20 18
18 15 9 4
11 5 20 1
16 17 6 8
21 6 18 17
16 16 7 19
15 5 5 10
5 16 13 11
3 9 1 20
4 2 17 1
17 8 11 16
10 4 7 12
10 9 17 8
20 6 6 20
9 1 8 4
7 4 2 1
8 11 9 14
14 3 15 11
7 9 15 13
14 18 4 13
14 4 7 10
10 9 16 12
13 13 7 16
17 12 17 16
2 2 20 4
3 7 9 15
21 17 1 9
14 1 12 2
10 17 14 21
11 15 8 12
2 15 12 2
17 11 20 3
17 3 16 8
17 18 18 20
19 2 5 13
13 9 13 4
12 10 4 13
5 12 2 21
17 7 6 16
4 9 6 3
9 10 16 12
21 3 14 10
10 7 21 6
18 4 18 18
12 6 12 8
5 6 17 10
20 7 11 12
13 15 21 1
8 11 6 11
14 10 7 17
20 5 21 5
13 15 19 4
11 4 4 8
7 11 9 2
8 9 9 13
4 13 21 8
14 9 5 3
19 14 9 21
8 2 6 2
10 7 9 15
5 13 15 15
19 19 15 4
5 18 16 3
15 11 7 20
18 5 16 18
10 18 2 2
18 7 2 20
9 19 13 12
3 18 7 19
21 14 11 21
1 12 1 4
3 1 15 9
7 10 10 18
2 20 10 1
7 14 1 12
14 5 5 13
16 1 16 7
2 8 6 21
4 11 11 11
9 12 21 12
9 6 10 12
17 11 20 9
8 10 14 13
2 1 19 8
16 4 2 8
5 3 16 20
21 3 6 7
12 14 9 10
1 4 4 12
1 17 21 21
5 5 5 19
14 17 2 21
1 3 13 7
9 6 7 5
21 12 8 20
3 4 17 1
11 12 8 16
13 1 19 3
21 12 10 1
19 3 8 19
15 11 9 8
2 21 8 9
5 21 21 13
16 1 12 21
19 1 11 7
7 16 1 19
3 14 6 21
1 19 14 13
9 4 21 5
8 12 2 15
3 6 20 7
10 9 5 3
13 2 12 12
10 19 9 4
6 13 21 6
8 19 8 11
21 10 15 1
10 20 6 20
8 7 11 4
11 4 4 5
5 19 4 14
8 9 6 17
9 5 10 8
16 10 5 20
8 7 2 1
18 9 10 17
3 13 10 20
2 6 16 1
12 7 1 17
8 20 17 12
17 5 20 20
8 3 10 17
21 1 2 3
7 4 17 1
7 14 11 6
20 20 14 10
17 6 8 18
10 17 15 18
12 16 12 9
18 18 14 7
12 12 15 19
3 4 11 17
19 2 3 3
6 15 4 17
9 7 10 19
18 18 13 19
4 7 19 3
8 3 17 4
9 20 6 14
8 12 4 19
1 15 8 16
9 14 13 11
21 15 16 10
8 17 4 13
9 17 20 18
9 1 17 20
19 15 21 3
10 19 4 19
5 12 11 11
4 20 12 7
13 20 17 15
18 13 16 11
12 12 10 1
1 1 21 6
10 21 18 6
19 2 14 8
3 18 6 17
21 3 18 6
11 9 2 20
14 15 16 14
11 5 19 21
7 19 15 1
7 9 15 7
12 5 7 6
7 3 14 13
6 8 9 13
16 6 3 21
7 14 8 8
19 6 19 2
3 17 8 10
7 8 8 14
4 6 6 1
5 8 2 13
10 17 1 19
15 19 19 7
2 11 10 6
18 7 10 8
7 19 18 17
15 10 1 15
19 13 10 10
10 12 19 10
1 3 10 11
4 3 10 12
19 20 9 18
8 2 6 4
5 13 19 21
10 12 2 11
5 15 4 12
13 12 12 1
12 16 12 20
20 7 19 20
6 1 12 5
8 11 3 8
5 17 20 14
7 5 1 19
10 17 9 17
8 19 7 14
1 20 14 2
2 17 2 18
10 12 9 17
21 12 1 1
11 16 20 6
16 14 18 10
13 21 16 7
18 6 5 20
21 2 9 20
7 5 9 6
15 10 14 19
11 16 3 14
16 3 9 8
2 3 13 5
15 8 8 17
8 5 2 8
7 18 5 13
11 20 2 15
13 11 8 7
5 1 13 13
14 21 3 5
8 5 12 4
8 21 18 16
12 7 6 18
20 20 10 11
19 5 21 16
12 11 17 15
4 6 11 1
16 16 20 13
7 5 3 3
20 19 12 3
6 14 5 9
11 9 5 15
3 16 1 6
6 5 16 21
9 3 10 19
6 14 20 20
15 6 3 2
3 21 17 16
8 4 16 14
15 21 18 16
15 14 7 11
1 7 6 20
8 5 15 6
1 13 9 18
19 19 4 14
6 20 11 13
5 20 3 12
6 9 5 5
16 4 15 13
10 14 3 17
21 9 1 12
3 12 4 14
3 4 9 4
6 11 17 2
12 21 8 5
17 16 10 13
17 5 13 18
14 8 9 11
2 4 1 21
6 9 9 17
15 19 9 6
10 6 14 15
3 10 4 4
14 2 9 13
10 13 16 19
15 19 10 8
13 15 18 4
14 8 13 17
16 19 6 7
14 12 18 8
2 14 21 1
17 12 19 6
17 20 3 15
4 8 17 6
14 7 19 1
8 9 19 13
1 6 2 2
11 14 20 3
12 2 17 10
6 13 7 8
