437
32 21 6 20
33 30 10 9
12 11 23 25
26 13 14 7
20 8 33 13
18 15 5 29
14 15 29 35
1 34 19 5
10 3 12 4
5 3 13 27
21 30 15 20
31 13 11 23
13 18 32 28
11 23 34 2
30 32 2 10
1 6 1 14
21 20 3 18
21 10 12 34
2 5 13 21
1 3 22 19
22 19 10 35
17 22 10 18
16 34 22 13
14 3 1 16
6 32 5 3
10 22 17 11
4 5 24 21
26 6 35 3
12 13 24 9
6 32 26 34
3 10 5 33
35 30 9 3
12 12 18 7
30 20 20 33
15 33 24 6
16 29 4 18
8 13 19 4
34 10 7 30
32 3 20 16
2 9 28 10
29 14 32 12
29 9 29 6
17 18 7 2
27 28 23 8
12 5 18 17
14 21 19 2
13 21 24 1
13 25 14 8
18 21 35 8
7 24 29 6
15 24 10 20
34 28 9 11
11 17 24 25
4 5 4 31
35 29 25 34
25 34 23 3
23 3 16 8
9 35 16 1
13 9 26 8
9 11 1 29
26 21 21 33
33 18 10 14
21 34 22 1
31 19 5 31
26 29 5 16
14 7 6 28
29 1 18 19
35 20 1 26
2 20 33 25
31 11 10 11
9 3 12 24
21 22 24 8
14 31 6 16
8 25 32 10
32 20 32 16
6 12 4 34
6 2 21 13
19 13 24 27
28 31 10 3
6 18 12 33
15 5 32 15
5 10 28 22
35 34 3 28
18 13 19 7
4 5 16 24
3 9 34 23
6 15 1 12
6 24 15 20
35 6 32 12
31 14 15 29
29 11 35 24
30 33 22 23
34 19 32 28
23 14 23 11
28 7 17 17
16 33 31 23
27 19 7 10
8 19 15 20
19 16 18 4
7 28 10 8
16 30 9 12
15 12 24 14
17 35 17 26
24 10 35 18
16 21 29 3
16 34 13 28
7 24 30 11
16 35 11 35
18 20 14 1
9 10 33 34
15 5 21 20
12 9 8 31
29 6 35 19
4 6 35 32
20 25 19 14
27 29 4 9
9 18 18 16
10 11 31 3
26 14 11 29
3 6 34 18
32 34 34 28
23 6 5 31
35 1 9 27
12 19 5 26
22 24 9 15
34 2 23 32
1 29 9 21
28 1 23 33
11 18 32 3
22 34 1 19
31 22 26 33
23 17 1 2
13 17 35 33
22 34 21 6
22 9 28 5
23 15 6 11
31 26 10 34
20 31 32 9
12 10 4 6
17 35 31 7
9 23 28 34
23 15 10 31
19 18 35 25
6 15 31 6
11 35 16 16
15 23 25 17
22 35 10 5
29 20 22 30
20 21 3 14
8 12 4 7
17 23 26 24
21 29 23 34
28 25 2 21
26 4 12 1
25 19 22 35
5 29 9 5
6 29 28 19
23 13 27 9
16 9 18 14
8 27 19 13
1 19 34 28
11 10 18 32
21 15 9 11
25 21 4 6
7 17 29 24
22 1 3 29
17 26 22 25
33 10 3 9
13 13 17 16
27 26 12 4
15 9 7 3
20 17 8 32
29 13 11 30
28 23 28 27
34 32 10 21
27 25 19 5
29 21 24 14
34 29 24 21
26 35 3 21
20 11 31 32
18 33 3 23
23 8 21 6
25 12 2 17
11 16 14 31
19 17 13 4
6 20 12 23
16 9 13 33
2 8 19 9
18 16 20 27
32 16 26 18
7 7 28 35
21 13 33 20
4 31 10 13
8 3 23 24
10 10 4 10
17 28 32 4
12 4 6 34
26 28 4 13
30 31 27 18
27 19 3 32
2 26 24 10
1 16 24 21
24 34 26 32
28 24 7 9
31 27 21 20
22 9 22 20
32 24 1 19
1 13 8 17
18 10 7 17
18 27 22 34
32 3 10 27
27 19 11 17
34 2 35 16
35 18 24 9
7 22 4 28
10 8 20 11
20 26 31 2
4 22 29 28
29 9 21 14
31 25 24 32
9 5 23 21
26 20 3 34
9 34 34 15
3 1 17 14
16 1 3 15
22 33 5 29
16 19 32 32
19 29 20 19
34 15 27 18
31 7 34 1
16 10 28 30
12 31 2 14
3 32 34 3
20 19 4 17
7 12 2 4
19 13 7 12
30 10 20 11
22 21 3 19
34 28 29 11
10 27 14 25
19 28 22 33
18 20 4 3
9 6 24 19
30 6 19 25
13 25 16 16
35 29 10 17
17 13 15 31
31 20 28 22
18 10 26 1
21 6 20 17
19 17 12 33
29 17 17 10
22 21 11 22
21 22 10 13
33 19 20 7
32 33 28 33
25 19 18 24
17 16 11 30
4 22 6 17
1 31 35 28
9 14 10 33
11 18 30 28
15 2 18 34
8 29 15 13
32 3 21 20
29 22 34 35
34 25 5 27
6 32 11 10
29 26 8 10
26 18 33 24
15 13 7 8
21 32 23 26
2 32 25 23
15 19 30 33
25 14 30 13
13 16 8 33
21 16 6 12
13 25 34 1
12 7 21 11
17 7 33 26
3 4 14 28
28 24 11 4
7 4 33 3
32 25 13 23
27 21 17 30
33 31 5 5
2 16 5 32
9 3 26 21
19 5 20 19
35 16 3 18
12 14 9 2
35 7 18 34
29 11 5 35
25 20 29 32
33 33 9 17
8 1 35 22
5 11 9 6
11 9 34 21
19 2 14 33
27 11 17 8
2 15 25 13
8 3 23 35
2 27 7 13
20 28 29 24
27 32 3 30
1 19 13 19
30 24 12 5
7 11 33 11
30 26 21 35
22 2 34 24
11 28 8 23
5 21 14 25
24 27 18 26
34 2 12 18
19 16 34 22
18 15 27 34
2 8 12 15
27 16 21 12
11 16 19 3
26 15 26 35
13 14 6 33
5 8 28 8
4 29 16 24
2 24 9 8
30 15 11 28
3 34 30 12
5 18 28 5
35 17 8 29
16 22 31 35
27 9 29 2
8 17 20 17
31 1 1 35
6 19 17 35
28 14 35 33
21 24 33 34
12 20 5 31
18 28 9 31
35 23 6 13
9 22 35 3
23 8 12 23
1 23 15 23
7 4 19 6
33 11 29 32
16 25 1 6
15 9 13 27
1 22 14 3
30 8 17 32
7 20 25 18
34 33 3 18
18 24 25 6
2 22 30 19
13 13 13 24
3 28 8 29
14 32 13 2
1 16 21 15
20 20 32 23
9 19 8 19
23 19 16 21
7 15 35 19
30 4 32 11
10 11 23 28
22 35 31 21
9 5 10 30
24 26 4 7
29 5 8 32
6 35 26 18
15 25 8 5
34 17 23 8
35 3 3 17
1 15 35 5
22 5 5 3
30 5 2 4
28 14 20 8
2 35 24 34
35 4 17 15
21 25 7 25
17 13 3 4
10 7 9 23
7 2 19 34
30 20 23 16
12 19 31 2
33 13 16 13
2 21 11 28
11 6 10 29
31 5 34 29
17 11 12 34
29 1 34 20
13 2 19 21
7 32 19 14
13 20 5 15
8 12 33 7
32 5 9 34
11 12 10 7
23 11 3 8
25 6 2 5
16 24 13 25
32 2 14 16
29 18 4 25
18 19 31 31
28 24 26 30
21 3 30 3
15 17 21 4
11 5 28 29
31 35 34 10
27 29 9 30
33 28 23 28
28 13 9 27
28 22 29 18
20 20 4 32
23 4 21 14
29 28 7 3
29 22 6 23
30 10 24 7
17 23 3 24
3 30 11 24
23 19 4 10
31 32 3 23
31 1 9 7
21 30 33 6
2 4 3 25
30 28 27 19
17 34 23 2
1 5 23 6
18 19 21 5
13 35 24 32
18 18 32 14
13 24 18 23
13 11 23 23
22 33 32 29
17 17 31 27
13 19 7 10
33 7 3 2
28 27 15 28
4 13 17 18
12 35 11 34
14 2 7 27
14 14 7 35
