318
34 46 20 21
12 47 15 11
26 39 39 29
25 45 24 34
10 32 13 19
48 40 33 30
30 11 10 4
45 38 36 31
52 27 1 35
9 8 9 41
51 3 26 40
52 16 8 51
20 41 50 31
20 45 30 16
24 11 7 1
30 20 50 16
10 22 46 6
17 44 17 15
14 35 14 5
26 37 5 4
51 51 1 18
25 16 45 46
47 19 6 20
41 47 47 28
13 23 2 33
10 5 8 3
44 52 48 17
39 36 51 19
22 13 39 39
10 3 3 8
51 23 1 8
21 1 43 43
47 23 22 40
5 24 1 31
22 21 8 15
44 26 15 26
53 31 8 42
38 33 30 21
41 34 7 34
51 22 18 52
9 17 2 2
5 47 14 5
41 23 2 45
43 17 24 24
2 36 39 40
22 25 39 47
42 14 45 13
27 33 26 12
22 34 14 8
44 8 26 24
24 49 28 17
34 49 21 30
34 25 53 29
44 6 46 53
9 1 20 45
49 40 4 14
53 33 3 14
10 12 51 29
31 10 48 8
8 51 40 12
49 7 20 16
20 43 14 36
23 51 41 43
2 8 2 33
5 17 25 12
10 21 39 5
16 17 14 2
8 38 8 49
30 35 5 31
22 3 8 22
6 31 53 6
4 9 23 24
46 11 12 17
52 8 3 8
53 20 18 4
3 8 36 35
44 39 52 49
37 8 17 3
28 11 5 16
10 10 35 35
31 34 30 17
37 43 8 4
24 12 53 21
25 28 47 42
10 46 42 1
34 5 51 40
28 17 47 51
9 4 9 2
41 4 46 6
17 7 41 3
6 11 20 37
24 32 6 12
38 13 15 41
5 52 42 51
29 41 35 41
28 52 21 22
26 34 33 31
16 47 29 6
29 26 42 51
21 5 5 12
50 22 45 3
5 15 39 25
11 30 26 12
20 16 9 9
32 44 21 6
51 49 8 29
44 33 32 6
8 45 44 33
17 5 28 9
1 18 9 8
31 3 28 20
15 35 23 3
12 1 47 34
29 28 27 1
19 2 31 13
39 5 44 40
51 2 23 17
51 52 13 37
19 15 19 48
11 52 11 44
31 12 31 11
12 40 37 40
28 31 2 33
5 47 14 44
31 53 12 38
50 39 16 45
21 6 5 10
16 35 44 22
48 30 22 22
5 50 30 1
43 51 49 28
2 27 44 8
36 16 14 13
6 12 36 9
1 44 13 32
31 35 19 23
47 45 19 8
6 35 50 22
35 26 27 46
45 14 36 2
14 47 23 40
1 26 10 30
18 5 21 48
3 19 3 21
21 37 53 38
11 40 21 47
20 48 52 2
22 11 37 49
50 21 40 40
24 49 6 52
31 10 38 4
42 26 48 8
27 37 14 45
51 30 33 50
3 44 3 7
4 23 26 27
3 40 30 9
1 5 10 52
10 1 15 3
6 26 7 45
44 53 10 13
19 39 37 7
40 38 18 47
4 39 21 21
53 48 21 39
16 45 35 34
34 23 27 36
11 15 11 36
43 20 10 1
41 43 30 5
48 52 14 41
45 38 25 36
11 2 13 1
43 31 40 20
40 17 18 3
38 7 15 10
33 4 40 30
16 50 9 30
49 17 21 26
23 11 41 29
23 16 30 18
21 35 48 12
32 42 9 35
33 25 2 39
16 48 23 32
48 16 37 28
42 10 8 5
31 3 29 28
9 11 7 23
8 11 28 24
3 28 10 52
35 2 44 52
19 42 26 46
11 37 3 19
15 42 12 11
38 47 2 38
52 22 2 28
1 20 41 26
2 19 10 8
23 17 53 49
19 32 24 2
43 44 47 38
38 44 15 53
20 42 24 13
51 36 2 26
10 29 52 53
11 28 4 14
11 16 21 21
23 2 10 25
35 4 41 33
47 30 28 25
16 48 28 46
39 9 50 22
35 34 15 14
18 6 7 6
10 14 45 42
13 25 25 26
33 45 29 18
37 23 51 13
47 6 21 19
12 11 23 4
37 44 39 48
49 33 24 23
24 49 46 15
38 20 35 45
15 31 15 15
44 12 30 34
10 28 53 45
8 36 2 11
33 27 21 17
44 35 52 49
14 43 11 49
45 7 24 25
30 23 41 47
27 19 3 38
49 4 22 2
1 36 46 13
28 19 41 39
32 38 3 23
3 24 47 42
34 39 7 2
20 4 1 50
23 49 15 37
39 34 26 7
33 8 37 28
6 18 33 38
10 23 43 30
24 22 45 31
8 29 48 45
40 25 15 14
36 6 53 38
9 8 45 53
39 21 30 47
39 20 36 49
39 18 2 44
22 23 2 40
39 21 52 26
6 43 26 15
16 53 40 10
24 40 41 43
16 8 23 44
50 37 8 52
38 17 45 23
47 32 20 20
29 33 40 35
20 4 47 39
36 30 51 33
10 47 16 51
50 12 31 15
50 11 52 39
20 9 36 14
25 24 53 19
39 42 36 15
43 36 45 21
38 8 47 4
24 53 49 4
18 7 34 38
4 37 3 39
43 41 8 12
20 28 15 45
41 29 42 12
5 20 15 49
45 38 48 52
9 27 21 10
1 10 32 35
21 18 13 19
31 37 8 17
42 10 31 46
9 51 3 44
19 7 18 25
44 9 53 11
52 21 34 2
52 36 4 35
4 20 24 34
3 21 37 45
29 40 39 17
12 25 23 32
45 10 30 32
22 38 12 33
35 18 48 31
40 24 52 25
40 4 13 32
23 33 10 49
7 3 26 15
28 33 18 26
3 30 18 45
8 53 40 42
9 16 16 8
13 14 6 15
36 35 10 33
7 47 5 40
23 49 49 3
35 5 52 35
15 52 24 8
23 28 21 48
32 3 53 22
4 26 20 10
1 21 16 20
