109
54 37 25 6
63 65 70 60
29 47 70 58
51 30 72 67
34 11 12 23
42 2 9 37
39 13 13 35
13 2 48 3
26 32 50 39
68 47 55 57
20 30 18 11
34 22 16 11
24 47 10 42
23 63 10 14
29 32 53 73
8 51 67 31
19 27 48 47
75 16 46 61
9 62 51 17
44 40 32 5
72 33 68 61
21 23 6 34
1 51 49 6
69 72 28 45
48 64 30 36
32 21 40 32
12 60 63 21
13 15 67 43
49 64 56 11
17 68 21 14
11 61 19 63
26 19 21 24
72 70 38 22
44 30 42 61
54 23 68 14
70 65 48 42
73 20 43 22
69 70 22 73
73 70 45 52
22 51 44 48
73 42 13 60
31 40 47 22
36 39 33 8
46 1 63 53
61 22 68 75
63 23 52 49
43 21 69 41
18 61 49 3
46 66 3 20
62 31 72 58
28 63 59 58
43 53 51 64
25 62 44 48
14 40 1 51
63 30 23 62
32 75 40 33
29 27 36 5
30 42 31 25
55 56 45 74
73 34 26 40
6 36 21 1
66 68 63 33
30 56 27 12
71 30 36 20
51 24 3 18
52 60 20 67
8 71 17 26
62 54 7 19
43 49 70 19
62 19 65 33
53 11 72 49
59 36 60 70
32 43 22 8
46 75 43 16
19 10 29 52
61 39 20 30
5 27 75 69
37 5 56 62
72 28 51 73
28 53 56 66
55 63 61 35
26 42 37 12
21 31 38 8
49 31 2 26
45 2 58 75
32 53 7 58
74 49 59 67
23 3 54 21
11 2 7 37
45 21 32 12
41 67 29 28
37 55 69 23
73 27 61 61
39 57 54 35
62 73 62 71
57 73 71 42
24 27 6 49
63 5 27 70
54 58 39 40
29 26 10 31
66 59 14 8
64 72 23 63
52 72 64 54
50 73 74 39
13 11 4 6
29 7 50 57
51 36 53 69
29 6 10 58
32 24 49 12
