7017
123 23 29 3
10 14 54 22
30 103 32 22
22 57 13 18
41 130 73 51
33 99 3 83
44 3 13 19
38 95 87 55
112 28 74 90
121 128 10 30
8 105 77 103
16 94 123 107
17 59 73 14
125 68 13 15
80 75 33 8
86 82 127 70
9 113 31 9
118 129 73 90
78 52 53 78
81 10 29 7
48 34 6 47
20 45 114 124
61 94 95 19
48 92 85 3
45 67 10 120
64 86 50 84
46 84 63 104
76 103 54 79
78 17 130 24
9 119 67 86
40 102 51 56
83 59 40 36
23 65 81 76
90 111 92 41
3 108 113 122
82 131 112 12
88 22 44 17
5 86 130 43
89 82 117 129
116 71 117 108
67 13 104 67
18 92 131 49
118 86 74 120
95 62 32 12
43 73 39 108
59 5 79 25
5 10 44 88
47 32 93 82
19 21 125 103
131 112 68 98
74 121 2 129
103 130 100 105
59 26 83 30
104 35 35 117
30 81 63 112
84 95 12 102
119 78 73 53
125 124 130 124
115 127 26 80
90 13 80 48
9 101 86 104
50 39 102 48
95 93 85 33
37 99 92 105
120 2 6 112
44 68 99 25
61 29 101 81
65 28 103 87
15 86 67 9
17 126 117 108
54 62 76 83
120 52 73 65
3 91 91 131
16 75 83 88
10 102 106 3
69 66 97 74
66 59 79 9
50 112 68 118
10 18 90 74
126 120 93 30
66 2 43 4
53 19 10 62
101 92 124 47
99 114 109 67
79 4 117 3
106 40 82 68
82 60 123 68
28 117 35 10
33 4 25 29
61 38 131 10
8 62 64 63
50 18 10 103
48 64 41 70
43 107 29 77
1 21 131 46
56 45 50 14
95 79 63 43
72 51 11 69
42 118 21 46
107 110 44 89
26 80 101 52
103 28 50 115
41 84 104 49
72 82 51 34
13 37 50 63
131 18 46 115
65 32 50 34
57 54 112 5
46 111 41 5
113 47 29 18
49 14 10 19
66 15 36 2
94 77 9 131
46 90 59 61
76 107 14 17
91 25 62 112
15 99 123 108
74 17 24 74
77 95 3 54
130 105 99 131
12 125 14 75
110 12 101 24
90 64 111 89
127 29 68 71
8 56 103 62
114 114 8 45
124 47 62 37
30 110 119 19
58 35 99 28
22 54 121 10
50 12 87 54
100 26 124 105
84 118 32 62
14 125 107 46
117 121 94 64
33 91 72 120
58 79 91 23
1 8 69 95
71 17 23 3
119 108 23 60
60 119 34 125
131 50 28 101
94 85 72 74
21 59 111 121
83 96 18 7
108 115 21 79
101 43 70 38
101 90 52 120
129 34 80 109
6 18 22 101
79 30 82 88
18 104 96 11
111 15 131 123
61 4 91 115
50 108 60 63
48 128 34 95
1 60 8 30
35 131 125 29
23 66 130 42
79 92 79 93
68 20 113 110
91 94 120 92
131 59 44 47
49 102 103 109
39 70 100 64
26 77 59 131
7 72 128 13
102 48 63 35
84 8 62 54
32 117 70 12
129 66 128 61
91 9 115 47
68 100 75 37
23 23 116 53
60 15 2 12
14 52 114 102
127 80 51 69
26 33 95 82
16 42 115 35
41 92 118 12
84 107 80 87
63 116 50 2
61 117 87 93
127 99 100 37
50 121 128 51
41 66 17 98
104 74 12 40
2 113 78 94
82 95 15 2
99 116 36 127
44 35 42 79
129 55 4 46
104 35 83 55
127 129 23 21
13 60 9 23
127 42 58 60
59 86 21 104
58 105 102 55
22 59 101 83
76 14 82 131
52 34 92 54
109 119 98 75
61 24 107 129
52 117 69 108
16 20 11 14
29 56 79 102
86 40 50 17
86 56 85 14
19 28 121 82
58 48 30 54
131 96 41 61
27 93 40 61
122 56 7 51
130 6 120 23
88 123 25 105
69 117 21 33
33 15 81 34
100 9 79 125
74 83 86 18
107 83 14 80
101 31 104 116
21 121 52 80
9 114 83 53
56 59 49 18
109 81 119 39
32 99 45 23
25 104 84 19
75 20 45 98
12 36 56 79
106 16 43 81
2 91 113 28
108 51 55 120
37 81 27 66
18 119 90 26
99 49 81 114
100 83 57 50
13 66 83 118
87 72 114 119
72 57 55 109
93 38 82 112
115 74 42 72
105 98 43 74
60 66 80 3
102 60 24 94
38 128 102 28
88 115 37 113
112 58 108 11
17 123 67 106
6 90 22 119
103 52 44 126
45 51 8 70
29 83 126 11
2 130 121 43
2 88 74 96
2 49 76 19
125 73 8 81
29 28 105 90
98 75 104 84
118 86 13 108
66 118 105 15
86 71 51 50
53 13 60 28
49 31 3 53
56 89 42 107
1 2 127 6
1 40 93 92
31 2 36 51
33 5 7 112
5 70 8 113
42 45 123 70
23 58 42 79
76 42 32 109
115 86 107 86
49 125 53 13
95 111 106 28
26 55 109 84
73 61 100 63
119 28 112 123
106 27 81 14
87 31 127 100
78 123 60 70
82 99 130 104
117 66 46 83
17 60 115 122
122 2 64 54
19 87 54 12
125 114 25 124
117 26 90 95
105 26 20 102
60 128 100 19
3 131 46 26
87 4 34 82
131 23 5 9
80 18 55 10
98 37 57 25
91 97 64 69
37 58 109 12
106 85 44 108
107 24 75 88
119 58 106 24
66 35 62 28
76 125 41 34
119 34 92 93
40 17 124 111
112 85 16 37
55 49 89 81
112 110 73 58
65 9 93 120
42 22 111 69
71 59 19 2
39 59 64 114
59 70 16 121
63 96 27 63
51 108 105 5
95 41 39 93
94 77 3 109
48 40 62 99
122 58 24 72
32 19 33 48
35 113 71 37
18 58 87 26
100 68 118 76
24 117 23 90
48 37 21 127
89 79 26 38
52 102 93 10
102 83 114 130
87 118 84 93
89 120 101 18
87 61 87 22
131 125 71 19
99 41 3 5
26 127 77 19
72 24 47 126
88 15 81 40
26 25 5 57
50 52 29 83
5 92 106 131
27 37 4 95
131 115 33 64
19 109 114 93
123 129 51 14
92 13 43 102
69 23 36 127
55 28 68 125
42 36 17 76
63 82 106 23
39 66 128 97
99 19 74 56
80 54 51 130
107 56 123 53
53 1 11 106
107 125 77 115
99 77 39 106
118 53 79 74
121 114 106 124
36 55 113 13
1 93 112 91
32 83 13 30
102 101 123 41
119 59 82 49
87 22 63 115
73 34 14 9
33 72 16 12
111 68 67 38
44 59 79 49
107 105 110 104
57 15 126 89
23 26 10 6
44 61 5 129
75 33 130 97
97 60 99 4
115 95 106 12
29 67 13 125
104 31 25 16
28 99 115 91
109 33 30 39
69 51 84 40
123 69 104 22
101 123 119 23
124 35 116 83
4 51 53 117
40 84 115 44
43 34 79 52
71 2 64 22
72 114 99 77
10 82 72 15
13 87 103 47
66 6 112 129
72 42 10 10
85 126 39 116
125 107 128 131
89 23 50 21
122 76 116 57
19 43 3 114
40 45 91 38
1 9 124 75
7 37 36 51
17 70 54 58
120 49 21 33
104 101 53 97
73 11 113 59
77 126 30 46
116 56 89 46
12 96 85 20
81 74 85 39
27 123 94 40
88 117 29 7
94 129 43 94
15 110 55 87
98 10 21 13
76 32 70 30
67 107 19 112
74 84 80 51
46 2 130 93
48 28 73 77
2 47 63 70
33 101 48 66
12 45 103 60
63 115 35 117
8 46 22 3
17 21 117 107
101 126 33 51
47 87 120 78
56 14 131 90
110 125 51 93
34 125 46 70
10 40 120 39
53 62 114 61
122 48 116 97
52 51 32 71
125 76 10 108
125 36 40 120
106 30 87 131
117 46 120 32
64 14 59 34
46 130 28 13
15 71 72 115
96 1 123 43
106 8 4 76
65 57 67 73
25 4 130 89
70 29 107 14
102 2 2 76
21 105 58 21
41 93 66 13
60 44 59 70
53 29 49 41
108 35 53 7
128 127 84 77
111 103 48 20
110 33 125 45
69 27 82 71
17 101 90 88
33 56 95 18
22 84 62 118
18 51 25 23
46 128 66 58
106 28 111 64
117 119 28 10
78 99 33 25
11 15 105 22
14 40 14 29
113 9 2 45
48 92 65 24
43 39 108 67
17 48 126 36
129 33 69 74
68 66 46 18
123 18 5 57
113 105 83 79
10 96 44 29
98 79 116 21
18 84 112 30
106 24 88 79
70 96 106 116
61 30 82 5
52 54 43 98
53 91 118 27
101 115 67 34
88 80 31 27
12 96 125 56
113 2 24 45
80 15 116 70
80 5 29 117
50 91 107 66
97 59 100 18
72 82 106 76
13 100 122 12
95 7 61 66
23 42 75 130
102 118 6 20
40 24 124 123
99 120 54 72
6 29 6 3
71 77 55 63
79 28 10 64
13 111 110 95
10 27 130 19
38 26 9 123
3 20 5 79
28 116 100 112
33 32 130 71
68 69 113 86
61 65 40 96
121 27 34 103
64 98 101 113
116 2 46 126
131 32 70 89
7 115 78 29
108 38 50 1
64 124 34 29
16 70 107 8
93 2 106 7
100 111 2 38
110 48 102 35
117 56 103 56
35 62 88 122
113 13 54 124
91 109 68 60
41 47 26 86
120 114 103 85
35 10 55 44
120 81 128 62
30 65 103 27
120 79 29 64
95 46 127 126
22 80 96 6
49 105 117 22
47 71 125 50
31 89 9 111
93 73 103 25
75 28 33 112
40 24 108 131
106 19 101 37
21 118 100 107
9 15 79 63
104 19 111 46
11 18 98 3
1 42 11 100
80 112 20 39
68 121 89 17
49 123 86 28
116 80 10 21
5 6 129 127
106 124 78 120
45 64 119 54
92 8 123 27
27 87 38 26
117 86 116 13
35 59 40 90
101 131 100 62
27 43 110 8
42 107 110 80
59 72 22 120
64 88 24 111
125 129 116 7
125 56 78 113
119 83 104 58
7 80 34 111
34 46 104 92
46 87 72 65
33 131 12 104
36 123 131 17
1 72 91 125
7 77 96 63
99 112 99 13
42 62 82 50
19 99 98 116
94 130 93 88
29 57 103 47
28 35 59 124
1 121 40 49
84 12 13 62
108 92 103 31
16 65 69 78
110 2 93 34
81 27 71 6
12 1 84 93
49 10 106 41
130 117 59 91
47 83 75 43
78 57 64 85
107 79 16 38
64 90 107 87
4 76 131 35
83 127 114 116
86 87 15 123
41 66 106 125
126 11 103 72
14 1 36 114
49 26 58 73
125 17 79 20
24 2 34 70
118 14 14 15
41 107 1 74
102 24 63 68
111 83 18 5
21 24 15 53
23 76 81 3
69 19 96 2
29 56 67 82
72 56 68 55
89 44 81 25
82 80 128 128
122 85 10 113
89 106 70 10
33 44 86 46
51 77 129 37
51 62 39 4
105 47 32 97
117 118 73 50
14 111 66 130
121 30 30 103
82 19 95 30
18 127 5 78
114 56 110 86
22 75 84 28
62 17 37 66
61 124 26 93
81 28 105 17
120 13 57 38
32 90 43 34
4 93 113 16
23 116 59 115
125 2 43 67
108 28 97 31
94 87 50 40
77 33 59 81
84 130 131 90
67 43 64 26
101 15 61 90
104 38 33 46
16 112 80 90
111 44 17 27
40 129 40 59
23 7 2 41
28 54 17 42
76 6 123 20
39 45 40 47
33 119 84 14
31 2 13 118
13 61 65 82
75 130 119 126
14 88 4 73
90 75 50 122
113 85 28 76
121 131 124 43
121 74 21 70
109 42 55 63
61 32 61 8
31 16 117 90
110 14 94 101
26 116 102 89
88 80 131 20
62 4 90 46
65 117 21 10
103 7 36 22
69 129 7 74
122 126 40 3
1 81 58 60
109 124 14 117
43 31 122 22
35 16 42 25
87 80 55 126
88 107 34 130
99 14 51 35
52 109 89 50
48 16 50 131
116 84 83 39
40 83 121 113
95 51 68 39
130 111 68 11
33 67 60 32
66 73 58 103
59 110 20 129
75 68 35 80
99 81 33 101
11 115 76 126
9 116 4 21
47 14 45 46
52 49 55 87
50 33 23 126
130 105 82 107
74 8 33 31
102 17 42 98
41 94 26 89
79 47 48 102
82 2 77 30
120 126 60 32
121 101 11 13
114 58 46 70
3 76 57 68
49 40 91 106
68 111 44 23
129 83 101 25
91 91 9 25
128 111 13 20
103 105 9 79
19 65 24 123
119 108 121 14
6 22 13 108
65 68 32 28
73 90 113 129
44 72 78 89
72 66 97 125
120 74 113 30
111 6 97 18
46 32 104 63
49 84 48 8
122 121 114 104
116 67 113 4
116 9 66 61
93 37 39 84
97 12 44 44
121 60 93 101
46 48 68 95
6 29 59 12
89 29 91 17
114 40 61 46
36 54 73 70
77 131 16 63
68 67 61 33
109 77 125 83
121 131 35 131
69 44 36 119
76 31 63 100
108 111 17 66
80 110 7 68
55 66 47 119
110 66 46 82
76 39 51 87
49 40 82 110
122 51 101 64
85 82 126 99
111 127 86 28
16 116 111 127
68 70 44 99
93 55 85 82
85 10 110 47
116 131 93 50
85 22 29 69
119 112 130 29
89 122 98 64
10 76 82 9
18 75 38 19
59 127 128 80
43 74 78 65
103 97 47 75
125 94 70 95
52 8 70 101
5 81 39 114
115 10 25 28
101 110 121 81
107 19 31 38
114 96 39 18
75 115 120 16
68 93 11 25
22 82 73 29
32 50 108 123
127 119 45 115
127 42 56 1
38 3 114 80
2 113 81 64
62 75 23 89
51 93 19 41
73 24 110 100
117 95 61 88
84 18 15 39
15 19 80 35
106 64 112 129
41 73 22 41
1 104 114 69
108 116 121 121
104 80 112 84
48 24 34 62
84 68 34 85
105 104 119 122
115 110 3 119
15 96 93 86
111 63 79 18
81 37 123 15
33 41 64 1
91 65 22 3
38 4 26 79
110 118 11 88
114 116 42 66
38 82 12 94
70 49 29 29
43 16 101 35
6 105 24 89
130 91 22 22
64 6 101 116
96 110 105 59
120 91 87 109
82 103 22 30
102 83 109 110
122 106 61 119
130 15 120 31
98 72 80 20
117 5 31 1
59 79 10 82
110 55 51 76
97 11 4 126
39 83 13 50
114 8 35 16
49 34 48 45
15 60 76 103
20 22 87 55
104 47 51 114
122 101 30 86
79 57 49 10
108 76 32 80
55 44 25 36
99 120 79 130
79 90 68 80
27 35 89 118
84 111 16 32
119 89 99 21
16 97 65 42
68 46 21 84
27 91 57 2
114 111 54 72
87 71 79 19
116 33 43 80
125 61 114 111
66 43 104 74
41 54 63 73
131 65 39 67
69 30 50 131
42 67 128 96
93 104 68 81
40 114 25 41
120 113 14 41
24 58 4 109
32 114 96 108
43 87 51 21
4 67 44 112
131 99 39 59
49 48 37 15
41 35 71 57
49 9 50 92
17 92 68 128
125 36 2 73
94 7 33 46
61 53 86 124
88 11 86 17
28 87 122 76
9 124 46 61
90 13 55 11
111 59 23 70
91 72 14 81
13 124 93 59
32 49 94 5
18 128 3 14
21 34 94 69
112 90 111 70
115 114 17 123
53 19 116 11
69 65 18 38
93 22 55 6
54 49 35 81
60 39 7 67
91 25 67 95
76 66 107 53
61 7 123 43
115 64 88 113
131 104 95 95
125 81 93 10
72 84 86 115
78 40 90 50
118 67 106 34
111 11 1 43
83 26 16 21
14 111 121 39
28 97 11 101
106 102 43 73
95 23 92 114
68 81 71 72
74 5 93 61
95 103 23 65
106 42 44 7
43 37 81 118
118 87 28 73
128 24 75 17
92 40 114 64
81 130 6 64
87 61 87 17
111 10 21 95
62 80 109 80
71 9 129 105
40 65 40 29
99 103 39 103
93 121 48 28
119 74 122 94
18 12 3 21
76 11 12 101
46 131 28 20
22 100 48 30
6 24 57 78
78 103 117 42
70 131 77 8
87 110 42 55
21 50 60 3
42 65 82 20
91 38 16 131
65 1 30 115
92 57 4 87
13 3 77 74
59 121 94 102
26 78 41 71
109 19 21 28
116 29 19 62
51 122 51 118
112 51 114 87
6 74 36 70
115 8 95 3
88 57 70 109
127 15 53 14
44 81 4 82
91 110 70 69
16 11 45 95
73 6 131 94
89 117 74 22
93 49 84 105
68 37 23 124
40 49 67 82
125 12 64 112
78 63 130 81
72 30 42 121
12 11 116 123
73 87 41 16
14 21 122 50
12 15 86 131
111 59 31 108
24 58 72 12
58 86 86 35
104 4 99 30
12 52 61 114
58 91 37 100
1 88 113 78
114 41 27 56
11 30 115 67
7 96 95 65
111 14 11 60
70 60 108 48
27 75 14 110
24 93 77 101
48 94 19 25
54 116 106 124
107 17 130 31
47 26 16 13
128 93 51 19
86 127 40 117
125 21 110 51
128 40 29 106
1 104 57 75
10 17 10 38
58 89 109 85
58 107 48 65
79 128 29 21
74 2 64 34
22 85 36 51
94 110 105 14
9 99 67 62
61 70 11 95
121 9 45 98
1 40 104 53
103 55 103 113
4 106 34 41
69 106 55 88
82 35 3 22
52 94 1 110
13 118 71 108
13 42 1 95
71 36 129 16
97 43 128 106
27 60 18 43
3 119 125 14
98 112 95 105
20 5 106 130
115 64 45 76
107 34 77 20
119 125 51 12
54 90 127 8
78 88 127 130
68 80 54 10
48 25 112 10
83 43 84 40
66 114 76 14
125 89 107 8
104 95 11 115
7 58 116 77
31 5 48 116
116 36 23 95
90 5 9 46
5 76 100 121
82 87 70 109
70 101 72 77
10 75 29 100
8 10 18 57
69 41 37 34
58 80 129 75
36 82 125 53
90 41 112 122
32 10 125 75
96 11 80 44
62 14 14 5
111 20 88 113
123 61 93 69
124 62 80 43
68 44 114 57
123 3 55 100
43 102 67 78
79 76 32 17
22 30 34 52
73 9 17 63
119 95 91 83
97 27 64 103
98 5 82 67
21 111 14 45
118 6 9 19
45 25 12 19
4 40 108 107
103 116 110 69
106 128 7 73
23 39 117 66
103 116 109 71
114 84 67 124
125 24 30 7
42 82 82 100
40 78 71 94
15 47 36 5
67 125 27 90
44 78 29 109
111 32 15 55
97 62 68 104
72 88 14 72
83 60 96 98
116 15 88 102
116 61 130 108
73 2 8 110
81 45 92 7
123 82 96 63
41 124 125 93
130 2 72 79
124 118 94 58
21 99 6 109
18 94 92 80
92 90 1 107
71 4 15 9
93 76 130 27
21 47 89 117
66 26 100 38
69 54 109 3
45 20 20 17
30 41 102 119
70 13 26 36
69 70 122 93
102 110 34 80
18 11 80 99
55 84 73 55
103 77 81 37
113 128 123 45
32 73 59 4
32 34 33 79
131 110 98 97
33 77 48 116
15 25 110 100
17 105 30 47
77 50 19 30
125 65 129 38
92 52 122 117
58 87 54 114
107 78 36 54
5 62 62 80
110 73 52 23
129 117 127 81
48 73 26 47
27 97 44 27
111 84 68 104
30 30 36 38
56 19 44 26
2 3 69 89
45 1 60 39
75 114 24 35
114 20 126 15
4 99 69 62
32 114 125 11
66 11 22 68
78 7 62 118
33 87 123 32
55 103 3 89
53 56 2 68
111 95 38 71
8 43 129 23
39 69 48 97
71 102 10 62
27 55 118 74
103 55 95 80
52 64 85 44
10 56 126 115
11 27 99 9
112 131 64 32
114 109 59 74
74 123 37 65
6 4 30 109
1 46 72 119
30 16 75 66
55 11 37 50
82 29 25 4
45 122 37 25
18 128 93 49
76 81 113 104
6 83 85 41
128 16 52 116
38 87 20 101
9 79 110 127
19 101 31 91
1 93 49 106
52 75 9 68
109 62 46 56
19 8 39 10
14 72 21 31
72 115 79 10
114 30 111 32
114 14 92 127
122 15 16 20
129 55 114 51
123 8 102 59
42 36 21 75
83 9 102 70
55 47 123 74
84 90 55 129
119 78 81 52
118 126 82 59
126 5 52 5
21 52 7 42
124 113 46 58
2 78 52 102
43 69 43 118
51 111 95 65
32 32 131 131
99 124 62 96
128 80 127 55
114 88 21 10
3 76 49 108
101 62 42 66
91 80 97 84
30 122 127 129
19 7 76 118
93 66 115 104
51 54 13 56
101 106 15 63
91 31 39 104
68 49 31 36
127 49 60 36
123 59 93 25
102 90 99 72
87 108 68 108
97 32 26 22
52 83 19 130
33 80 95 7
92 1 128 9
83 126 71 124
122 68 14 55
93 99 64 99
130 17 92 112
91 100 81 67
46 56 11 65
39 4 89 86
12 125 59 38
74 119 102 74
38 115 106 110
130 74 17 53
79 14 28 67
106 107 53 54
63 85 87 113
1 101 37 114
74 55 43 43
36 76 9 34
23 54 12 26
48 12 117 37
7 78 79 15
106 53 98 115
54 65 109 71
1 120 51 5
87 64 116 39
52 37 19 46
129 83 126 48
8 88 29 111
56 8 98 53
71 115 121 75
20 119 18 17
86 32 28 35
38 16 80 56
1 38 57 71
25 9 70 120
128 84 37 21
40 110 21 130
100 36 10 63
49 95 117 64
97 81 16 97
74 119 22 16
87 17 82 112
10 93 119 21
66 130 119 86
9 4 12 42
46 43 96 73
50 32 100 5
102 57 19 113
54 76 18 41
79 111 13 91
19 76 92 47
59 124 28 111
26 80 1 92
47 73 35 46
114 28 2 48
79 120 81 48
95 47 18 14
69 98 122 86
128 60 94 51
66 113 19 129
52 39 35 19
110 77 3 104
25 93 71 42
4 50 126 84
95 80 18 1
112 29 60 90
52 131 122 30
65 60 6 2
20 110 76 106
98 60 100 114
44 89 113 23
102 90 76 111
79 120 93 124
43 46 129 14
114 97 52 42
57 113 125 99
43 43 34 128
39 56 121 8
89 130 107 64
110 65 114 123
63 72 7 113
51 39 107 56
32 110 119 25
23 93 43 17
62 19 50 50
97 2 47 26
52 48 5 126
32 58 100 121
113 95 93 33
10 84 66 68
21 44 98 35
80 43 39 32
79 18 49 37
44 33 62 7
115 38 78 94
1 126 59 21
117 11 129 117
115 119 76 97
102 1 126 12
7 19 72 95
93 61 17 128
47 59 66 39
63 111 28 57
25 24 110 50
31 96 103 93
17 93 55 69
118 87 103 27
54 16 25 33
56 45 40 20
31 110 106 53
81 57 28 87
15 5 84 67
11 89 50 24
27 9 9 87
75 114 47 95
6 40 17 36
5 72 24 106
53 103 113 62
11 83 35 103
94 74 94 127
34 123 101 105
81 127 94 38
102 86 40 60
21 21 95 119
49 27 49 45
79 116 34 107
26 44 88 120
68 8 97 51
15 2 61 99
7 63 86 118
77 63 94 68
18 84 92 40
115 43 33 40
22 15 20 108
101 118 79 114
99 24 10 81
86 73 76 11
119 122 24 42
56 2 41 37
30 93 85 37
87 106 70 104
113 131 68 104
58 128 60 95
125 19 12 130
34 92 92 89
118 4 89 80
51 10 56 54
128 90 89 55
106 55 110 105
43 97 117 87
6 55 12 96
52 13 52 121
125 78 119 40
114 3 88 24
87 32 98 112
104 74 25 49
115 91 128 17
46 99 9 4
68 33 55 88
121 99 113 59
75 19 22 34
91 108 86 84
122 109 110 15
52 3 54 39
14 118 69 97
116 98 88 124
61 49 54 47
110 100 103 109
116 18 86 2
128 41 15 127
53 25 64 74
49 92 32 34
11 27 70 58
99 83 98 39
34 20 102 36
1 115 35 32
24 126 41 58
119 61 83 98
104 131 65 36
43 7 79 15
29 50 88 23
123 21 20 110
88 35 2 87
24 14 111 121
34 24 72 91
51 68 29 51
44 48 79 61
20 26 99 122
2 64 48 79
38 79 116 39
90 95 105 112
131 110 79 101
38 108 32 48
65 122 37 119
120 116 76 81
63 48 95 91
57 104 16 106
29 9 119 95
105 72 113 102
47 113 37 20
51 124 44 5
41 112 120 89
29 98 108 104
66 24 99 42
113 114 60 22
83 116 79 70
5 86 110 121
25 6 10 125
117 28 70 130
10 14 120 19
116 42 121 121
117 47 10 65
25 117 32 95
108 102 81 64
102 94 54 44
78 107 111 33
28 40 114 86
117 80 25 34
100 110 12 98
97 56 24 74
30 102 128 38
17 57 108 92
28 19 97 27
50 89 112 62
60 86 56 97
42 125 103 40
104 117 76 119
20 80 54 8
118 63 81 44
99 49 111 66
116 30 44 96
107 91 28 1
26 60 120 13
64 55 110 85
112 47 73 75
51 10 10 115
24 73 117 85
25 117 87 75
21 3 95 106
2 114 38 34
110 102 123 55
128 31 28 38
121 76 12 47
40 87 3 129
2 58 97 18
126 115 34 105
99 41 68 80
34 21 20 40
130 56 59 17
13 58 75 19
25 123 115 78
62 24 50 127
75 61 33 18
58 89 59 75
8 8 26 60
113 9 71 111
31 15 96 25
77 119 95 120
86 72 122 95
8 127 51 87
107 75 42 34
24 86 59 81
108 91 82 126
129 8 81 105
45 37 14 1
10 22 59 31
70 38 8 8
69 79 34 9
27 113 1 73
2 53 23 81
96 68 13 53
32 54 125 57
120 36 127 17
24 95 85 31
1 6 67 7
45 8 8 74
116 100 113 27
84 61 122 130
76 96 129 127
127 9 125 30
101 23 78 84
74 116 25 31
77 43 24 1
112 53 52 20
10 115 64 106
105 120 115 35
46 21 109 48
105 11 73 39
106 106 116 69
21 103 30 10
81 32 39 124
94 32 72 65
47 71 88 33
29 87 75 38
95 98 89 63
50 5 34 70
2 5 125 57
102 13 95 84
50 46 111 93
93 74 11 21
15 130 69 110
123 91 109 38
113 126 42 95
33 63 110 81
41 24 104 25
53 94 121 62
49 70 73 4
49 44 33 104
108 9 86 117
95 54 79 71
81 33 23 72
46 83 3 58
96 114 116 20
1 11 118 116
44 55 51 61
70 21 18 49
7 64 37 35
120 57 12 15
41 109 131 123
14 105 126 125
47 28 26 72
78 80 17 16
103 106 119 22
3 103 106 16
74 131 33 16
58 105 118 112
108 88 20 4
102 92 26 99
68 6 22 25
42 46 84 45
64 126 56 53
74 6 58 94
124 109 97 5
35 101 82 68
86 80 102 50
12 39 130 47
44 31 17 37
46 29 21 9
19 41 80 2
41 111 83 124
3 12 108 94
120 113 15 69
129 70 45 109
121 7 35 9
5 36 82 42
131 6 106 40
71 117 2 110
36 53 31 8
88 5 122 23
65 14 102 25
9 64 11 84
57 39 49 32
6 105 126 124
63 67 53 36
71 47 36 55
46 34 28 87
80 37 12 89
55 125 92 86
50 18 56 28
107 17 26 60
116 121 119 11
35 106 23 54
15 86 5 116
98 32 51 78
3 77 126 29
130 66 69 85
47 39 110 31
130 121 42 104
116 84 1 29
96 31 24 66
55 26 22 118
104 53 127 3
84 42 90 84
102 126 40 54
85 130 17 107
59 19 79 69
96 112 17 14
34 103 98 108
23 20 55 113
77 63 1 62
111 115 115 26
32 29 121 111
111 125 60 63
37 66 130 56
120 42 83 68
85 48 117 95
112 94 100 21
64 115 52 72
88 18 119 96
131 15 87 99
47 89 113 119
131 53 40 27
40 37 101 121
43 62 22 25
64 127 6 4
4 127 110 63
48 17 84 122
88 4 30 21
28 55 1 5
2 22 78 26
54 38 19 105
129 85 110 129
39 60 62 18
44 9 24 93
1 46 70 42
118 58 38 36
131 58 83 34
77 127 8 12
17 28 126 22
63 39 57 86
81 97 130 74
33 6 126 100
21 80 56 39
80 65 66 54
83 81 83 28
56 49 57 86
38 13 102 28
72 25 56 127
128 57 100 71
26 76 71 119
8 118 1 125
82 40 101 85
18 94 128 112
32 41 55 17
123 78 25 51
10 63 60 116
77 42 128 76
101 57 72 67
21 87 45 15
99 49 113 34
26 68 70 69
67 51 113 111
107 48 111 92
125 114 15 94
5 101 5 116
93 122 23 2
1 87 126 93
16 77 83 60
17 20 66 98
126 63 37 119
35 92 39 43
32 78 14 20
128 45 12 53
119 43 36 61
49 93 20 36
75 29 47 32
104 117 111 75
66 33 118 43
25 82 93 74
2 33 131 27
131 100 102 4
130 76 55 19
89 42 109 2
17 68 114 70
72 120 2 122
120 28 43 66
110 44 43 54
28 130 3 127
87 68 26 36
118 76 57 108
76 123 14 76
28 88 34 2
71 131 120 77
35 31 117 20
54 83 72 97
28 65 109 24
115 88 49 81
73 7 111 26
14 97 16 46
114 35 77 40
2 87 15 41
30 3 41 49
42 121 112 33
35 108 45 84
47 46 32 51
8 52 94 77
104 102 49 104
56 36 61 52
59 78 98 39
22 105 1 96
106 84 97 68
65 57 76 83
5 70 23 66
68 107 123 72
92 96 90 131
30 7 103 98
127 109 62 115
122 101 9 79
41 15 102 70
61 96 110 69
106 108 29 130
119 64 54 109
106 57 103 114
64 104 33 6
47 71 71 124
121 9 96 33
49 54 75 111
62 124 110 59
102 76 77 44
68 51 16 89
7 23 98 41
1 100 130 22
6 86 109 89
20 51 9 101
61 45 123 115
14 130 32 27
131 41 124 36
82 7 44 72
80 40 51 89
3 103 88 48
74 113 75 34
7 31 124 130
40 81 39 97
126 96 1 80
44 18 27 110
53 30 1 33
76 98 2 76
47 82 85 67
86 94 96 57
122 44 54 109
69 71 128 110
52 128 80 4
55 104 37 45
77 29 67 106
1 80 55 120
57 97 109 36
117 89 102 64
17 109 20 55
96 60 46 74
58 125 33 113
18 22 41 86
31 131 117 96
59 60 130 19
13 106 72 13
41 70 119 61
33 70 76 50
115 95 94 117
81 127 87 41
116 119 41 86
127 84 118 80
130 99 102 96
9 83 105 45
67 83 91 10
105 83 65 88
113 117 128 25
95 39 16 43
18 17 67 84
76 4 71 86
10 128 34 56
30 52 37 3
57 71 22 63
37 111 34 45
70 125 11 113
112 80 60 90
41 13 117 43
57 77 68 4
47 11 75 88
62 106 109 44
33 109 35 107
67 41 26 10
107 33 43 111
73 87 120 101
102 128 122 76
46 110 11 65
6 24 59 102
93 72 49 77
104 128 129 70
20 104 64 61
97 51 119 30
31 6 74 41
33 53 110 71
1 128 42 8
128 115 128 82
18 126 128 90
36 24 82 99
6 8 54 99
87 28 122 70
100 1 4 19
55 5 43 120
52 3 57 120
84 99 113 46
90 47 71 100
108 55 39 99
5 32 88 71
66 127 109 72
17 82 9 92
98 36 38 73
29 105 43 101
118 43 91 70
61 95 29 20
71 70 129 89
112 114 84 45
68 33 124 46
105 11 86 48
29 54 107 76
65 14 96 50
40 92 36 100
92 130 40 110
2 51 57 102
103 111 110 40
28 108 108 57
89 123 105 19
45 64 25 72
32 17 65 21
114 131 22 39
105 103 118 77
29 8 97 5
76 44 117 106
96 7 80 58
48 112 41 52
54 37 3 37
84 55 79 57
41 109 35 39
5 88 33 104
104 24 45 113
74 61 72 74
79 24 67 75
29 42 74 37
125 79 16 119
79 123 130 40
107 125 30 77
109 101 130 45
19 79 92 10
87 59 51 66
38 10 67 117
62 47 60 131
38 2 45 89
61 81 61 88
33 116 26 22
83 37 24 9
104 23 83 121
48 118 72 6
45 101 99 58
102 123 45 54
53 72 59 71
60 22 64 25
95 98 121 57
119 31 72 35
44 122 54 68
118 87 73 107
33 115 79 113
70 18 28 19
30 87 34 80
126 21 125 81
35 89 84 123
51 25 70 80
59 12 126 107
66 113 87 90
3 123 40 97
73 55 103 5
25 4 100 129
27 124 20 119
35 58 46 67
75 106 110 128
117 22 106 99
94 128 64 127
4 27 61 55
55 47 4 115
50 43 4 79
99 75 45 82
123 124 32 89
12 38 128 97
50 20 125 77
125 3 67 29
40 91 20 123
128 7 116 43
35 54 18 54
21 24 8 57
93 77 72 110
4 7 118 25
93 27 3 30
102 129 79 45
71 41 26 79
108 93 57 3
15 60 35 66
129 42 52 63
89 83 74 124
6 123 13 54
4 125 34 47
101 31 120 59
121 129 121 113
129 26 75 120
54 89 59 105
90 116 15 111
75 51 82 13
127 113 114 52
4 5 51 42
87 88 111 2
7 13 33 62
46 29 80 45
78 4 31 13
19 8 52 69
106 63 34 125
120 39 89 122
4 95 100 101
8 40 84 128
36 124 78 113
130 20 73 14
41 45 83 81
15 127 16 38
131 16 81 41
97 87 105 58
97 57 9 82
96 49 85 50
82 126 112 43
108 77 125 124
23 46 54 128
47 128 110 56
95 58 63 35
94 24 6 53
86 7 114 12
114 105 48 96
47 104 87 80
10 71 100 51
96 32 91 13
89 92 50 72
83 18 66 22
115 9 105 124
123 65 32 86
130 45 31 102
70 50 41 129
110 109 101 97
4 69 27 7
36 114 36 67
99 33 38 124
70 5 129 129
91 57 77 30
23 70 111 77
74 53 33 115
50 68 24 10
85 3 57 40
109 115 94 101
82 92 41 71
115 103 10 64
69 19 122 113
88 101 99 62
91 3 113 113
12 121 79 72
69 96 11 101
96 9 25 77
58 76 109 75
15 106 12 121
74 25 23 4
40 48 102 28
83 110 129 9
52 59 62 87
71 34 114 64
125 62 1 1
101 39 38 51
2 57 97 109
59 46 61 82
64 7 74 88
67 67 124 101
60 61 83 36
106 29 77 7
85 29 2 17
127 58 100 44
88 86 1 32
100 90 86 90
30 123 6 44
10 34 92 106
131 116 81 59
50 112 122 125
30 92 63 54
7 27 27 61
117 75 93 72
4 3 129 70
126 50 107 101
119 50 88 114
82 75 49 99
52 39 121 64
114 88 47 69
1 86 103 88
124 107 26 25
113 85 73 120
130 130 26 117
102 78 24 83
88 8 71 124
122 52 46 127
4 54 3 101
19 82 57 93
105 109 50 34
124 1 91 110
104 3 115 127
20 14 80 67
7 130 21 20
40 122 81 130
5 8 68 68
98 107 36 120
4 39 59 8
46 39 63 100
93 59 17 81
16 18 33 41
55 71 126 76
99 69 45 75
88 70 78 48
23 109 97 98
64 4 89 107
67 45 97 34
49 21 99 70
59 49 96 57
93 91 31 23
118 57 3 19
37 95 33 49
96 1 121 48
121 27 46 89
86 12 49 46
57 118 51 23
129 106 91 33
79 52 106 94
116 123 103 20
70 25 27 15
123 40 30 88
31 70 94 93
88 1 24 42
73 8 124 106
103 103 79 113
26 55 8 94
45 121 107 78
31 59 93 126
19 109 33 49
41 109 56 64
54 70 75 78
54 18 115 58
116 83 28 46
47 45 122 104
115 38 44 117
10 58 109 4
22 42 11 28
49 23 108 85
26 101 57 24
92 5 61 25
48 80 62 12
27 37 117 99
19 92 6 45
99 58 85 70
86 32 90 63
64 18 52 59
24 123 1 46
54 117 36 46
55 108 110 114
100 60 15 6
101 73 36 120
34 19 62 5
7 12 34 45
79 74 112 33
60 98 56 68
53 48 89 97
40 96 84 120
61 117 41 41
42 115 53 98
97 45 63 94
42 15 115 102
14 35 102 115
44 124 40 87
108 12 44 48
51 31 38 76
31 40 64 22
130 14 35 70
106 65 12 54
44 3 124 87
34 18 130 49
28 112 76 101
58 30 114 113
125 92 27 84
88 46 60 13
49 100 47 107
120 99 94 3
107 128 50 89
44 61 39 113
74 112 128 68
56 24 117 72
51 31 43 4
130 32 75 53
75 85 43 131
110 29 94 12
124 60 128 35
117 85 46 48
90 8 107 60
16 116 16 100
21 110 99 28
74 55 100 20
62 44 5 26
7 123 99 9
61 129 94 71
15 116 45 93
31 26 119 109
79 31 72 85
125 72 86 108
6 93 64 25
9 14 51 66
103 67 39 27
96 89 67 118
94 104 19 10
85 18 54 5
30 88 95 110
34 128 50 101
109 120 82 38
91 4 26 78
36 81 31 32
87 107 59 119
42 64 101 33
118 52 84 96
34 93 1 42
106 69 24 69
97 120 116 2
68 6 42 19
119 65 113 72
84 3 70 51
72 27 44 34
62 27 93 115
28 92 6 38
33 59 87 72
27 114 67 56
82 109 12 88
30 25 57 38
97 27 12 96
118 55 13 8
9 92 119 130
67 87 21 57
63 5 99 116
30 38 117 7
64 127 26 52
67 109 46 52
69 100 28 80
60 56 17 47
100 4 94 76
112 40 12 50
61 8 74 73
50 14 69 87
47 7 9 36
81 31 128 79
13 126 44 92
115 121 120 126
57 108 32 78
72 72 71 87
110 40 18 41
93 44 22 10
113 114 100 30
16 102 105 72
42 14 68 50
35 126 84 131
119 95 65 69
60 97 47 78
117 39 70 115
14 69 35 82
23 103 87 8
65 3 37 104
44 13 74 5
25 20 116 34
29 18 88 96
27 39 8 131
55 43 4 74
63 25 91 14
29 50 11 14
100 34 39 36
99 79 65 78
7 102 8 22
85 26 60 38
107 45 113 7
96 73 105 88
119 124 112 55
60 47 47 96
93 54 129 33
57 39 45 19
112 9 95 7
36 11 76 34
105 84 70 16
106 6 46 8
80 66 16 122
76 10 4 130
127 53 77 66
3 61 49 8
83 28 31 27
32 57 89 35
48 29 14 125
16 77 106 115
90 34 2 125
47 96 72 12
119 87 65 94
18 38 42 33
90 125 89 68
105 119 75 11
41 48 58 100
106 97 121 72
50 73 77 74
67 78 71 47
25 131 101 31
113 126 122 87
46 128 66 127
56 25 55 118
117 76 126 92
33 123 104 85
14 38 95 7
14 48 75 93
121 47 22 78
111 21 7 101
108 102 98 116
68 42 78 25
122 26 81 93
116 47 52 76
2 94 113 103
118 103 65 24
50 6 113 72
9 57 36 29
63 90 128 11
77 60 82 93
92 125 121 84
15 10 9 27
105 9 76 81
1 46 127 49
108 5 92 45
98 49 121 8
125 109 60 42
121 73 34 65
64 105 123 111
90 118 97 83
102 35 89 99
60 39 107 119
37 114 125 56
100 40 74 81
103 5 93 129
44 37 92 20
76 50 37 4
6 89 112 75
74 38 128 81
54 115 10 124
24 20 57 82
31 3 83 69
48 28 32 104
56 26 11 35
40 3 127 127
126 76 78 71
100 92 12 129
11 109 70 87
130 25 104 13
81 101 121 89
51 87 109 92
6 82 95 96
15 18 130 122
24 29 81 125
3 15 11 126
83 6 40 122
5 13 123 9
120 110 91 52
94 122 103 97
107 100 108 18
65 70 79 88
49 54 122 102
15 59 108 118
42 4 56 82
108 10 63 53
82 14 14 37
8 15 51 89
62 54 125 120
106 53 80 117
75 51 57 14
129 13 40 80
99 23 16 24
128 78 91 6
7 83 87 11
23 30 121 16
31 54 20 30
110 43 67 118
66 60 49 117
40 96 103 114
11 98 68 24
21 66 21 55
94 86 65 14
123 20 66 71
113 44 62 29
32 76 29 31
47 67 99 69
8 34 31 43
11 65 9 64
6 6 17 5
14 37 8 123
71 34 6 32
60 104 104 60
94 104 43 68
4 115 121 66
29 16 111 43
26 44 96 32
60 72 69 20
100 127 113 24
100 26 66 130
13 94 55 124
10 131 128 127
79 71 108 10
122 75 128 12
15 8 46 39
12 118 94 93
44 61 77 33
127 16 98 9
120 28 57 107
5 7 114 7
71 62 25 40
45 91 103 84
39 104 125 45
107 9 97 87
71 129 57 59
126 2 31 106
19 35 129 100
97 84 32 73
91 89 10 130
64 85 131 103
96 127 66 86
100 109 22 87
27 7 63 66
17 108 89 119
13 43 88 46
7 66 117 67
92 85 22 101
89 20 79 33
26 99 34 86
108 50 115 126
27 50 35 52
114 22 118 54
22 3 78 128
2 127 40 36
93 98 81 37
35 96 90 52
76 88 130 22
5 19 91 39
34 112 75 110
42 80 75 112
93 57 41 6
89 19 30 73
14 29 45 77
77 95 27 86
89 105 48 39
77 11 92 31
36 30 43 33
119 54 80 93
18 108 5 32
30 14 32 58
83 9 115 4
2 56 29 107
89 37 32 60
91 50 110 11
71 98 50 98
27 83 122 10
127 119 109 89
3 99 63 9
74 43 109 32
27 108 43 21
74 74 30 60
74 66 39 48
1 106 84 98
89 22 73 35
10 76 95 116
37 69 46 27
87 44 14 34
72 93 36 116
53 109 75 51
76 17 32 108
113 72 44 86
123 130 65 107
95 43 4 68
35 123 46 110
69 119 53 54
98 108 98 15
64 4 111 67
17 65 108 54
28 96 43 76
80 45 96 95
106 53 113 53
65 26 130 4
123 39 79 42
46 61 2 83
6 92 70 63
63 103 24 93
36 130 11 83
44 91 84 30
24 10 67 26
51 63 78 61
104 50 83 113
47 1 79 127
53 92 22 68
60 17 127 50
80 131 55 82
5 46 41 102
102 28 60 53
67 61 23 7
103 27 79 12
48 68 94 116
109 9 42 94
48 9 37 73
60 3 6 49
70 16 31 38
26 77 11 128
76 14 21 4
126 55 73 113
33 115 51 29
125 20 6 113
123 32 116 61
35 12 3 128
67 107 57 8
71 110 111 17
6 95 52 78
26 108 73 104
9 101 125 74
9 6 98 99
117 32 13 108
78 32 115 125
29 21 85 58
130 49 29 83
105 98 71 129
74 57 115 23
112 94 51 40
108 40 57 78
1 25 87 71
120 37 6 32
68 75 19 18
52 44 4 38
63 20 88 10
31 72 91 58
54 23 129 63
127 105 116 21
6 118 130 118
11 98 37 105
72 21 81 65
15 98 112 39
16 113 73 53
61 30 49 62
13 2 15 60
7 113 44 13
103 71 7 88
80 121 94 33
61 127 75 121
58 69 46 19
68 116 48 72
23 17 24 35
115 64 36 108
93 76 52 96
59 74 49 72
51 17 65 52
77 3 104 119
46 27 61 97
101 67 126 116
7 124 114 33
35 11 89 32
9 43 55 72
112 84 20 112
30 37 125 2
109 111 118 110
40 44 125 36
108 32 100 74
27 15 88 18
54 88 9 19
104 91 65 42
14 110 1 19
7 26 28 116
125 126 100 101
129 27 95 11
88 37 59 31
27 88 20 7
76 52 98 4
118 55 125 11
61 44 128 40
92 92 113 46
22 90 33 68
63 114 5 26
92 82 124 4
42 127 8 37
64 82 90 81
48 129 113 57
121 127 23 40
16 127 12 81
113 21 25 33
67 33 65 50
8 127 118 41
39 71 26 84
41 16 39 33
32 118 81 131
102 72 81 115
97 61 61 2
90 42 71 123
79 118 79 31
8 12 27 84
112 31 112 110
121 4 87 10
88 4 89 123
62 90 49 73
53 16 73 21
25 108 68 42
66 86 43 64
1 40 115 122
46 65 64 54
89 116 18 19
113 65 72 74
43 72 108 84
38 119 116 125
9 14 4 61
118 72 130 4
29 4 101 59
88 87 65 119
44 7 23 56
18 105 66 80
107 50 20 48
125 69 16 94
116 112 71 53
77 120 107 41
43 10 18 108
81 90 2 18
90 110 31 53
78 93 55 125
56 16 90 78
45 58 20 120
86 1 120 104
54 75 46 119
126 65 121 114
30 87 124 65
70 50 80 83
94 80 87 4
86 68 113 35
23 130 63 75
127 61 111 63
25 64 101 128
65 1 82 102
12 23 71 48
108 81 34 18
8 67 47 37
40 35 31 125
109 36 31 112
113 31 23 91
124 13 115 69
95 3 3 124
52 110 104 90
35 6 74 60
129 57 92 111
119 99 27 1
105 34 2 28
50 128 108 112
106 115 105 34
44 118 92 71
23 129 119 92
14 32 43 7
12 55 24 1
56 23 73 57
64 89 24 68
41 100 131 96
108 118 75 24
22 88 11 31
67 96 16 102
28 97 20 114
23 93 12 8
55 72 68 110
107 19 57 122
131 24 61 62
1 52 75 38
119 61 60 119
78 24 116 93
97 63 12 48
77 18 99 15
117 74 53 68
48 1 12 96
53 29 68 72
113 123 103 54
94 108 44 123
72 125 51 75
112 64 110 120
40 74 14 23
110 38 49 48
108 86 30 121
102 70 2 104
38 71 108 15
61 49 67 80
115 103 42 131
2 63 71 69
15 40 20 120
38 102 112 104
27 105 18 67
66 115 83 128
13 36 102 86
41 72 26 40
113 6 109 65
36 16 1 37
115 20 10 6
37 76 33 35
30 43 129 101
94 128 44 83
28 101 30 58
5 63 73 78
117 131 110 16
17 80 62 117
74 101 51 87
113 69 124 80
10 130 20 70
18 103 99 67
63 97 65 57
15 32 117 90
75 82 97 47
124 50 111 19
26 95 107 42
33 105 76 131
64 23 7 105
120 70 125 57
37 59 52 61
81 77 44 76
23 109 55 91
32 55 96 5
83 24 16 90
122 1 82 107
90 18 41 109
86 48 104 112
25 50 27 27
7 29 75 26
79 30 66 41
72 50 1 27
46 43 52 94
114 90 128 125
95 2 40 22
14 93 59 40
119 22 129 23
50 53 90 51
41 47 110 54
74 19 32 44
29 14 47 124
96 28 120 66
129 75 96 122
99 30 115 85
25 6 34 62
56 63 61 44
30 44 37 77
110 114 72 46
82 26 46 4
120 82 94 117
89 58 124 48
50 34 81 34
115 20 98 45
59 79 30 78
14 77 121 116
49 10 113 123
4 42 23 120
94 122 102 103
126 57 22 1
101 124 43 77
65 83 66 74
3 63 112 27
84 98 60 25
82 107 17 92
72 86 20 109
127 11 59 25
63 71 110 106
80 53 101 72
44 15 47 12
94 5 101 37
2 79 42 69
99 109 50 82
89 71 41 74
35 57 30 79
72 27 131 115
129 54 130 40
29 16 39 18
37 63 126 21
127 89 42 46
68 126 122 2
129 104 27 7
28 76 75 79
77 7 62 94
115 58 93 63
7 41 71 62
59 49 124 120
93 53 131 125
128 94 85 73
18 52 110 47
74 66 29 126
45 21 18 18
18 6 8 66
15 73 120 82
130 89 123 78
54 123 34 122
26 37 46 35
77 105 111 34
30 75 77 50
70 104 22 47
121 43 1 113
79 22 111 27
90 61 93 74
7 45 97 131
53 11 95 32
4 80 64 53
16 53 102 8
70 67 89 117
68 63 104 108
54 103 36 56
61 61 38 93
109 18 57 22
73 87 91 28
49 120 82 15
7 77 24 17
67 65 89 31
127 48 44 38
25 27 114 62
54 13 71 126
39 20 31 131
119 29 43 127
44 126 62 116
15 104 113 101
131 105 87 98
79 52 15 126
19 110 105 16
63 99 116 101
91 90 29 27
130 122 48 125
93 42 114 79
36 30 75 68
8 14 78 100
100 48 37 76
89 113 73 16
104 98 53 102
60 7 33 84
126 64 33 52
87 1 52 25
122 8 63 37
70 13 8 104
106 57 36 72
37 75 73 12
63 11 47 129
17 25 122 130
51 129 108 36
118 32 16 13
123 2 41 3
66 30 35 3
50 100 46 118
53 85 68 27
108 78 103 115
6 6 121 89
95 60 81 87
96 53 61 48
114 114 61 44
129 108 6 102
97 38 25 20
111 117 89 104
16 85 77 116
8 43 104 90
75 102 58 16
21 97 95 97
99 35 118 22
31 125 74 91
92 85 37 82
123 96 19 76
89 127 102 121
88 45 77 52
53 63 123 55
55 130 54 88
25 64 15 35
39 41 78 69
108 57 35 72
105 100 49 96
15 91 123 70
100 57 15 66
131 9 37 72
105 6 9 117
85 85 3 55
77 115 91 114
89 120 77 122
121 119 59 56
63 122 95 121
131 108 49 89
19 93 45 127
56 54 41 55
62 90 30 11
61 128 97 120
34 58 53 39
23 32 121 49
109 74 109 26
37 44 35 42
66 89 18 32
6 62 84 54
42 64 117 42
13 124 32 126
59 121 131 83
84 44 127 78
34 9 78 71
80 90 6 10
22 103 64 70
87 49 6 95
109 98 93 92
37 116 77 118
114 27 97 22
10 4 51 31
112 32 28 47
5 64 74 65
108 103 7 32
8 131 111 11
108 76 10 79
30 118 16 43
92 109 21 41
95 87 59 131
19 41 18 68
42 125 22 123
97 129 65 109
107 51 53 101
92 41 102 18
81 77 6 13
114 19 61 95
69 40 119 99
127 24 67 18
107 42 13 119
85 122 56 50
45 9 19 65
96 14 24 68
13 73 64 31
76 78 70 105
80 26 54 101
5 16 5 85
94 91 121 28
125 89 2 10
68 57 70 125
63 103 25 59
51 39 64 60
123 4 72 98
46 7 108 61
64 104 125 114
1 91 59 103
93 19 111 92
7 103 125 56
126 114 67 109
41 103 129 43
5 50 101 52
121 60 98 89
26 73 7 106
43 121 98 34
12 20 6 112
95 2 13 59
26 108 21 102
80 37 71 113
19 54 44 104
112 118 19 88
43 129 90 108
90 116 112 36
74 51 56 117
55 25 97 96
48 8 89 7
18 52 43 79
106 54 61 44
30 97 112 111
86 27 114 85
98 93 89 99
46 6 47 51
10 111 33 49
68 89 59 26
10 116 77 17
41 120 105 83
96 13 9 4
86 20 9 45
128 85 63 24
12 55 82 17
97 88 101 121
112 61 15 69
22 35 115 72
33 111 34 85
3 91 96 43
71 113 33 7
121 43 37 43
4 66 108 15
52 92 103 7
80 20 19 74
83 69 87 19
104 13 131 91
55 55 114 131
71 83 33 90
10 50 93 124
110 9 109 14
51 34 86 113
19 56 56 120
69 10 27 78
127 84 117 75
79 82 104 110
117 34 2 107
22 79 98 67
26 116 47 71
78 20 111 77
111 48 53 124
30 71 80 96
130 95 7 117
61 110 99 107
18 89 61 7
16 128 110 66
89 47 49 114
50 26 88 24
18 59 120 108
107 91 12 124
119 126 115 19
95 7 101 56
91 6 102 88
55 86 64 105
18 99 90 13
28 128 126 59
74 51 120 45
94 9 78 101
69 47 21 103
41 36 96 45
32 63 129 111
22 72 33 114
40 16 83 32
29 105 37 81
91 19 27 85
40 122 92 3
48 4 87 96
127 54 62 28
15 29 49 74
18 76 56 20
9 44 112 2
4 116 55 63
16 9 109 127
4 59 95 123
70 81 57 1
86 109 131 90
40 21 120 36
45 131 13 53
42 31 123 17
28 24 4 125
77 116 110 131
59 69 124 23
1 1 25 48
73 123 67 16
55 59 54 123
130 49 71 102
17 26 96 113
1 69 1 34
93 79 14 107
23 13 119 53
102 26 122 34
104 19 109 75
12 25 105 96
129 113 101 112
54 71 87 66
57 49 16 117
69 37 6 53
85 75 34 91
111 111 100 20
41 46 72 129
49 58 94 116
75 33 41 65
70 55 126 1
119 61 81 120
110 93 100 89
104 30 32 91
68 96 120 42
72 62 58 33
8 107 79 37
12 62 56 74
59 121 37 33
26 117 30 31
75 95 85 61
48 69 1 8
128 112 23 51
80 4 25 1
31 114 6 131
89 29 114 102
56 74 89 117
21 81 40 64
108 95 100 127
5 50 119 93
51 101 38 62
126 76 107 58
112 14 78 61
112 86 76 92
130 28 118 47
114 84 90 73
56 104 113 77
96 62 6 55
16 128 2 23
114 54 14 117
5 77 29 45
120 30 92 44
39 18 68 115
122 74 107 48
101 49 15 46
74 82 114 71
87 123 25 100
128 58 41 51
120 60 21 64
53 115 71 10
102 56 15 76
78 114 100 67
1 22 32 66
63 20 78 34
50 67 124 71
113 96 6 110
101 52 96 33
104 72 121 100
3 36 64 53
102 122 28 96
36 111 85 29
65 50 5 103
124 122 106 99
120 127 121 90
5 24 56 62
105 89 53 13
83 53 42 117
99 115 27 10
3 3 38 61
114 50 66 114
100 72 54 113
116 94 105 89
98 1 70 122
8 129 4 64
124 64 48 108
79 76 51 111
75 131 87 34
84 111 102 54
87 31 51 125
60 19 18 111
85 37 101 117
42 88 80 78
2 117 90 25
84 104 20 120
52 4 90 13
12 117 18 96
11 34 9 23
74 77 112 63
124 12 32 128
50 108 19 34
46 8 2 77
14 19 34 3
128 118 126 94
94 75 114 39
20 91 95 24
120 131 105 42
36 46 25 2
1 53 52 111
117 130 81 76
45 101 9 79
126 83 85 25
108 65 28 130
64 77 84 93
43 10 115 29
55 66 91 26
44 17 99 100
42 65 45 7
119 27 92 31
114 88 58 88
122 100 55 16
127 103 27 13
13 33 18 64
101 49 9 6
19 62 10 105
96 61 75 90
39 9 65 121
67 49 96 124
51 27 12 18
85 127 104 83
124 36 96 90
18 119 83 60
79 103 110 45
17 10 47 104
128 70 87 107
75 12 25 130
2 73 77 119
76 27 98 32
7 11 72 105
65 90 88 50
104 39 2 99
65 130 121 63
97 111 102 79
117 110 57 4
24 92 63 78
112 11 126 120
75 101 127 16
55 39 80 55
101 131 23 91
130 38 75 6
10 110 19 131
60 59 48 97
98 76 29 63
54 77 80 35
114 42 128 121
6 71 13 29
122 100 50 67
102 115 114 1
108 48 58 55
1 56 40 6
70 94 116 57
102 67 108 129
129 8 24 24
32 7 86 107
84 121 59 74
7 59 13 31
119 100 125 16
92 49 86 8
37 126 82 76
10 63 112 130
59 98 108 21
8 35 100 110
6 16 90 65
36 88 9 12
7 87 92 125
76 94 109 69
111 26 98 28
76 26 124 107
79 79 24 34
69 23 24 77
88 63 95 48
70 117 115 114
30 2 11 20
91 37 28 1
36 6 83 3
93 85 78 10
3 80 2 4
129 129 101 55
129 131 127 86
78 36 74 83
60 14 31 17
50 15 58 106
76 116 92 19
8 22 130 94
9 100 94 113
85 42 30 80
88 91 73 112
92 121 62 50
114 32 82 73
114 107 130 60
93 15 56 110
10 85 3 8
44 89 111 17
80 4 51 68
11 9 95 2
71 102 99 79
70 98 48 70
52 9 98 73
130 96 42 104
31 85 91 83
86 130 23 49
68 47 44 53
12 84 113 77
103 22 127 1
78 38 22 58
64 32 2 62
70 84 13 110
58 127 17 78
103 123 66 91
66 85 112 25
63 106 37 102
115 105 30 101
40 108 49 123
54 51 6 67
90 62 14 29
25 106 56 3
20 85 75 59
33 123 52 110
96 77 44 118
104 102 26 40
14 86 104 16
112 47 32 26
79 100 74 82
38 59 125 48
127 38 18 41
7 6 76 111
12 116 94 15
35 40 31 31
36 68 113 11
35 32 107 105
122 102 84 1
88 114 8 92
128 43 40 45
118 103 127 95
43 46 115 99
26 33 13 86
21 26 83 78
47 54 90 90
111 108 104 59
22 93 101 22
18 93 124 84
14 81 70 106
42 103 81 127
45 43 13 100
61 121 49 78
97 41 100 39
6 87 73 63
99 94 126 15
64 52 16 92
75 109 105 121
36 27 28 83
3 3 32 47
77 71 30 57
40 27 24 107
18 31 11 118
56 23 101 53
41 14 9 94
119 71 16 29
12 6 125 45
118 71 27 43
51 66 128 44
107 6 30 51
74 124 38 105
60 77 114 30
70 58 107 101
41 88 112 13
39 12 30 12
62 40 109 5
38 36 94 65
9 96 1 85
33 28 55 106
98 96 103 131
60 42 93 63
58 125 57 54
107 36 39 80
92 130 116 125
8 29 44 126
19 128 100 74
125 29 45 58
78 64 57 44
43 73 1 63
31 12 80 16
8 20 102 79
109 69 76 114
109 41 24 30
129 5 111 42
45 21 91 7
26 107 39 48
79 71 2 13
124 41 119 86
54 3 117 102
37 66 86 28
16 52 123 24
73 72 115 62
45 75 57 110
22 105 33 72
75 77 48 88
52 107 4 105
40 44 64 130
42 25 37 64
126 28 27 98
36 35 1 119
9 37 20 77
79 6 1 56
94 79 24 12
18 79 81 54
19 117 117 104
69 107 75 54
61 16 6 86
129 40 127 78
43 79 8 27
18 71 108 5
82 86 63 71
5 84 97 94
71 102 26 116
27 75 121 25
70 65 115 49
35 44 21 35
36 131 92 22
23 33 50 80
126 55 64 7
69 57 113 90
10 74 108 125
128 6 37 15
76 77 18 29
36 109 71 60
22 53 86 124
68 106 117 116
25 60 5 103
9 39 55 126
68 73 107 71
58 119 56 46
56 36 26 48
62 13 62 61
24 84 75 96
77 122 35 106
21 125 113 47
110 85 129 124
63 49 111 26
51 105 16 63
84 4 80 71
25 50 1 87
61 57 113 56
14 98 127 54
83 14 119 62
61 75 108 17
100 108 7 114
59 118 49 52
27 102 127 100
9 99 116 102
49 47 71 119
9 82 131 61
63 17 95 78
76 111 2 43
35 114 44 107
75 25 44 47
114 100 123 43
78 109 17 80
46 102 34 121
9 61 102 93
85 59 82 94
91 25 103 1
130 48 106 54
56 99 109 91
102 130 27 125
57 22 57 114
120 83 112 103
19 15 55 45
117 102 18 1
43 20 40 56
112 121 61 81
18 12 50 85
93 100 69 48
34 56 7 6
55 23 27 122
27 33 111 106
78 77 105 40
59 125 6 45
116 81 103 86
70 102 103 107
127 74 110 130
117 69 9 19
89 113 70 13
58 12 130 2
73 11 31 42
97 118 20 15
22 107 79 5
100 27 68 22
32 26 111 50
22 82 72 47
9 40 72 76
88 122 99 125
6 31 31 45
120 75 40 9
4 49 100 54
128 60 98 131
36 26 97 33
107 90 88 34
58 17 92 89
32 117 75 31
21 99 49 103
33 8 82 131
60 21 25 114
27 55 25 127
119 77 23 2
127 30 117 2
64 23 86 49
18 103 39 57
64 84 52 100
45 112 24 120
12 103 74 5
118 11 111 106
103 52 93 122
68 76 63 82
29 110 33 53
3 48 44 77
1 126 70 16
67 34 22 26
123 81 43 55
36 109 87 115
122 91 33 129
84 56 111 91
47 78 32 77
100 8 103 30
64 31 48 53
85 68 82 91
87 120 15 28
87 20 2 80
19 20 118 18
50 61 31 6
106 44 38 30
26 17 55 127
9 55 123 75
13 78 112 8
78 107 43 83
58 27 70 104
62 6 9 10
126 97 74 112
95 40 70 76
64 101 21 84
71 70 45 61
123 30 17 129
55 121 15 74
35 126 108 92
118 107 32 44
77 17 4 84
25 118 113 118
49 115 115 89
48 23 112 96
69 17 129 128
83 2 91 103
87 29 118 90
101 88 50 2
84 118 86 3
52 16 67 99
43 2 113 81
29 128 52 102
52 109 85 115
11 98 24 83
8 113 44 77
31 51 62 65
67 74 116 48
41 113 9 14
110 127 125 80
113 43 47 128
86 71 118 4
40 13 60 110
55 24 31 61
51 107 76 58
97 39 109 108
56 120 35 45
126 123 72 81
1 11 114 54
113 18 123 109
24 50 59 22
43 37 53 93
73 49 87 123
79 127 100 44
117 85 124 131
27 29 76 45
60 69 93 117
94 79 83 61
72 63 17 105
86 66 121 125
37 86 2 28
125 52 21 101
47 47 86 117
87 103 106 78
45 20 93 45
87 96 73 119
60 25 71 79
19 95 108 38
120 79 91 120
15 27 88 64
131 43 79 34
117 54 1 66
67 97 130 113
74 129 70 101
100 118 116 4
111 65 55 25
117 40 12 128
11 94 81 27
67 61 23 64
16 75 22 94
113 91 66 47
119 70 32 112
73 118 39 70
87 43 76 6
113 78 47 80
45 43 76 127
48 57 123 84
48 108 56 123
86 20 44 62
76 80 118 27
114 82 11 54
106 92 111 114
57 9 35 59
125 112 35 122
55 120 52 88
64 52 63 29
15 20 123 74
66 37 128 43
125 113 64 87
48 79 42 7
40 25 105 37
108 25 67 110
7 25 9 29
120 45 90 17
34 80 12 15
61 1 105 127
1 53 6 39
39 20 104 23
29 25 126 56
82 26 107 54
36 76 108 106
91 53 17 37
62 119 80 117
74 64 31 26
58 124 126 79
16 127 23 5
121 4 108 14
77 18 35 127
121 131 21 82
20 71 16 86
11 115 51 30
98 30 89 61
66 103 114 56
129 88 49 122
63 93 84 63
89 28 81 6
99 35 5 23
83 110 110 112
65 70 25 60
19 38 109 36
100 49 63 100
38 86 105 29
83 108 58 44
3 96 3 72
83 9 6 124
82 118 93 55
28 9 38 44
1 88 80 100
64 49 34 21
63 21 24 118
65 115 75 53
3 73 46 58
119 112 52 129
50 94 18 50
107 53 56 6
64 27 88 37
38 1 116 5
19 29 6 5
129 29 77 38
92 43 113 60
60 107 119 102
72 33 84 130
109 12 12 117
115 70 117 34
116 93 25 49
79 74 62 8
49 112 49 118
67 90 50 35
53 3 98 123
89 36 96 109
114 108 16 82
66 127 39 116
119 8 125 93
100 116 127 113
115 103 130 125
98 102 70 117
8 57 111 30
79 30 6 130
99 122 110 54
107 121 96 56
14 35 126 57
14 86 93 57
89 118 57 119
119 130 34 111
75 84 78 127
98 68 21 66
19 59 79 53
40 66 61 30
19 71 67 69
56 28 39 34
20 75 96 84
80 17 18 113
39 46 100 118
130 50 127 131
3 63 126 45
79 43 57 34
8 96 12 46
69 52 18 114
66 25 32 113
28 10 44 131
89 86 32 83
44 73 19 65
27 76 125 11
11 52 1 92
94 88 27 23
47 38 123 60
56 116 108 97
50 51 72 55
13 101 118 98
53 26 87 120
94 78 32 9
89 111 10 13
4 92 96 10
98 87 29 34
37 107 122 72
8 60 22 118
42 88 61 55
50 89 25 110
72 95 67 113
123 58 69 42
22 41 1 18
90 108 100 4
70 83 121 40
105 62 131 58
80 12 21 69
43 67 9 23
116 42 31 23
92 125 30 63
10 78 18 116
41 21 26 76
128 14 30 91
39 78 51 31
81 84 109 45
5 129 118 119
98 44 9 75
105 49 113 115
29 71 91 127
84 117 72 28
31 69 23 93
109 67 31 17
45 88 86 41
4 124 37 70
63 81 114 25
13 84 108 43
77 3 97 97
128 6 71 76
20 21 73 28
129 2 36 98
41 57 93 3
16 45 8 97
37 101 50 19
100 15 101 128
53 85 126 55
66 26 39 74
49 27 68 115
121 57 65 45
57 102 55 96
130 122 85 75
71 54 74 55
88 30 22 24
48 85 102 103
72 2 83 32
118 39 14 72
90 24 59 89
70 95 107 97
101 36 17 74
96 82 129 73
116 15 121 89
77 55 111 118
62 109 102 43
74 32 91 44
60 29 68 39
89 81 55 96
100 47 1 7
21 70 32 68
113 129 80 33
88 126 74 32
84 124 86 80
69 62 55 82
42 81 44 85
97 33 67 93
88 68 80 54
60 17 97 1
71 58 12 60
22 2 123 22
93 45 113 10
102 56 101 33
99 124 52 129
123 98 110 9
109 103 90 90
29 4 24 88
22 29 23 104
111 65 43 131
9 107 19 47
51 20 127 4
114 120 56 24
61 14 84 65
110 77 50 69
19 114 26 25
50 91 12 32
1 85 129 102
37 14 43 39
66 78 99 81
7 79 20 44
38 29 102 108
60 93 88 125
111 116 59 87
60 10 45 19
96 113 67 35
41 67 53 89
85 39 22 89
128 61 36 116
118 116 75 40
45 47 125 9
22 27 12 41
104 86 71 119
83 23 128 45
98 35 23 4
112 15 41 3
105 31 79 82
59 79 131 80
36 107 21 75
6 131 61 106
13 1 37 75
89 80 28 26
42 94 110 34
70 48 63 2
65 96 48 38
59 70 98 55
28 120 121 36
29 96 125 28
106 7 18 34
85 108 89 36
120 79 41 24
41 128 78 58
50 94 7 68
46 126 116 32
109 96 17 40
104 28 20 82
88 18 9 37
88 45 3 97
92 62 101 131
63 23 41 126
44 48 17 1
93 122 123 61
15 94 104 23
87 89 70 107
55 72 99 97
110 78 104 62
43 16 62 102
111 106 69 8
128 13 23 55
131 109 44 98
42 20 119 95
15 75 121 75
108 87 18 106
6 79 116 6
19 96 75 1
95 25 114 32
28 111 118 38
123 81 76 60
44 73 40 1
9 101 83 30
105 17 13 76
89 74 12 44
123 59 57 43
11 8 113 36
126 49 18 16
24 57 43 124
40 92 64 77
127 7 111 20
19 110 91 10
105 131 53 45
32 15 94 7
73 85 126 65
4 71 69 115
61 79 42 2
72 80 14 124
8 12 112 32
123 43 103 31
126 97 73 65
22 100 44 34
113 102 86 34
85 79 2 100
100 5 4 76
34 124 120 44
69 57 122 109
36 17 119 82
35 11 104 84
127 112 41 13
9 59 85 59
103 8 28 41
109 91 76 37
120 12 103 11
122 49 96 15
131 18 100 101
20 27 125 83
10 88 107 10
122 53 85 17
56 121 57 55
88 16 72 79
97 66 41 114
99 108 85 130
68 68 130 87
39 42 30 116
121 58 125 119
74 16 80 117
128 120 69 24
47 83 2 80
31 24 114 77
59 112 19 64
15 11 87 86
23 13 111 31
126 45 113 123
19 111 8 28
78 128 99 10
101 91 86 101
10 9 114 82
89 17 131 9
106 44 32 59
30 51 30 49
86 14 100 77
70 73 24 51
95 77 11 100
58 49 7 74
87 125 123 92
119 13 101 80
24 3 22 126
48 65 56 110
117 35 37 83
14 71 99 98
72 4 113 90
18 47 95 3
91 36 93 65
16 26 8 114
76 129 114 42
26 100 125 24
23 61 61 6
2 18 102 115
89 76 21 122
54 85 45 45
115 58 103 59
11 65 9 36
61 79 4 37
87 35 14 46
20 114 119 22
87 35 53 104
60 20 76 48
64 53 86 16
9 88 4 8
51 9 30 56
45 85 41 71
51 16 85 43
118 63 23 127
49 5 113 122
89 47 35 122
106 17 40 33
20 113 113 9
34 80 112 60
112 93 11 56
49 101 124 5
13 49 89 45
92 114 36 114
111 7 8 7
99 5 73 116
116 3 88 106
59 76 77 70
89 60 49 60
106 124 97 4
93 25 28 70
117 67 110 45
102 78 10 68
107 127 96 81
23 52 127 95
9 92 112 29
81 15 122 34
59 114 84 87
96 46 58 39
104 113 6 117
2 9 34 4
106 86 43 42
29 98 126 94
25 120 53 67
49 95 100 25
86 101 63 23
20 17 14 58
107 59 25 107
72 79 125 124
14 93 7 1
13 15 72 86
124 43 81 88
86 55 54 76
63 84 127 101
35 2 129 53
110 124 94 31
29 120 26 11
75 63 29 16
117 81 4 20
93 85 81 131
97 113 54 28
6 46 22 14
13 81 6 94
57 49 22 20
120 120 59 12
114 29 102 66
94 25 34 118
68 115 2 61
48 72 54 16
112 31 100 109
129 104 39 32
68 118 31 13
102 104 92 47
119 120 17 40
14 41 102 124
5 11 82 25
73 120 82 87
43 123 5 94
32 9 72 45
128 42 52 121
93 128 120 46
67 41 43 86
26 75 90 90
46 103 58 94
66 12 46 72
76 94 104 109
31 7 23 23
98 58 60 96
7 74 7 119
98 22 22 72
54 44 81 78
1 123 85 97
35 37 99 113
46 57 71 30
25 101 124 123
97 71 37 120
113 61 119 8
82 131 83 90
45 73 65 6
105 56 103 64
26 128 15 115
7 14 5 125
118 27 43 84
10 8 44 40
49 55 124 80
125 104 47 98
39 50 42 10
7 16 72 29
87 3 126 30
60 31 119 102
100 38 62 99
126 27 1 112
11 109 8 21
44 108 111 131
4 49 52 29
58 68 93 80
100 105 51 100
131 62 17 5
60 82 125 130
72 99 114 11
15 28 71 87
79 111 126 92
22 8 38 81
95 96 104 99
6 87 41 107
82 125 40 43
73 103 97 71
122 55 35 68
18 80 85 110
14 86 117 126
45 120 104 66
99 22 107 20
6 64 9 10
11 109 102 73
120 97 83 89
93 117 1 32
77 115 102 10
36 99 96 59
66 124 75 43
44 91 52 26
26 34 51 23
27 18 32 3
53 107 112 19
2 65 51 64
3 14 21 102
63 58 120 111
40 53 51 114
60 11 102 125
28 82 92 46
119 51 3 26
83 117 39 8
44 58 79 5
5 87 91 118
5 113 102 87
94 104 20 56
109 110 91 104
74 9 17 46
24 33 118 124
101 70 54 79
50 72 120 90
67 131 39 56
84 121 111 20
94 131 94 82
101 66 44 28
34 1 25 95
16 20 56 58
98 51 122 75
51 121 62 85
121 49 13 20
118 56 37 31
39 21 47 117
34 28 90 18
122 55 127 100
117 128 84 34
81 84 70 96
32 115 6 92
41 97 52 44
34 120 128 1
78 104 82 94
68 1 22 100
65 48 28 95
62 8 6 16
62 76 24 77
66 5 99 62
81 18 21 99
67 106 26 128
102 107 5 48
75 87 76 78
98 76 128 79
26 121 101 5
71 21 87 77
120 80 43 22
64 131 4 32
51 38 125 120
117 125 67 79
123 128 96 70
101 64 51 47
45 34 56 75
12 4 24 70
47 74 34 72
21 113 107 129
114 36 76 101
69 4 69 53
124 30 86 101
68 96 78 37
56 84 69 39
49 120 45 112
100 100 30 13
97 124 71 52
93 94 26 20
80 74 13 13
113 111 16 84
33 31 72 21
98 127 83 63
89 13 77 120
114 10 110 17
27 73 14 84
119 22 70 75
122 94 105 84
25 116 15 119
126 19 118 129
93 78 29 34
76 106 99 93
122 113 20 129
129 52 65 72
71 10 66 10
93 103 117 85
67 17 85 114
122 36 76 16
8 7 29 61
69 124 32 22
113 47 77 53
123 36 128 94
64 101 11 130
81 75 7 102
46 35 125 94
78 17 25 17
32 43 28 124
16 68 36 93
105 107 58 72
104 87 48 12
19 42 39 12
8 93 83 47
60 17 18 43
16 41 4 121
117 95 14 11
110 26 28 51
108 15 48 80
96 114 41 73
72 72 28 17
114 122 54 60
68 100 68 78
129 126 88 101
117 77 90 74
78 28 31 23
69 131 83 77
48 37 95 82
129 24 12 56
99 84 109 32
43 48 24 124
88 21 86 39
6 112 15 11
119 1 28 54
114 129 15 29
118 90 46 3
124 86 12 77
39 102 102 49
96 2 107 16
104 90 85 42
33 102 2 1
73 76 21 86
62 78 8 106
34 109 8 90
79 44 76 65
69 51 11 73
90 36 78 110
98 70 19 22
31 105 117 115
86 115 5 45
63 90 75 9
109 56 109 7
62 57 90 60
42 60 74 21
10 130 24 53
61 110 26 13
7 68 82 65
4 86 48 43
106 73 35 114
53 94 102 98
24 104 19 103
78 51 22 79
117 48 129 86
63 13 52 19
114 38 55 11
68 29 106 81
82 129 124 81
108 22 93 102
36 37 6 47
53 87 107 68
42 79 99 41
101 63 98 51
83 45 83 22
53 16 128 3
116 46 77 80
85 69 32 62
34 31 46 59
92 60 72 43
86 124 2 84
119 110 12 39
88 88 59 52
92 54 5 95
9 43 14 128
131 118 37 35
131 55 34 48
110 4 69 12
110 14 79 28
4 131 69 68
32 1 44 16
94 1 94 67
115 10 57 91
117 103 37 43
21 88 111 109
122 5 115 120
24 70 38 95
19 56 129 11
58 108 110 56
46 96 130 33
49 83 94 60
10 88 31 68
85 15 50 14
49 32 115 75
31 130 1 57
21 59 89 82
90 100 15 30
47 18 92 117
37 120 18 127
95 126 14 94
56 83 7 64
40 10 97 78
43 92 81 98
32 58 83 77
84 124 28 95
90 90 25 37
75 78 9 26
4 82 112 80
20 111 68 88
19 122 130 78
118 67 22 65
61 48 56 5
65 49 34 129
13 72 51 122
17 13 49 106
25 57 36 48
14 36 100 65
64 114 105 70
59 72 79 101
23 108 8 33
123 8 54 102
128 73 81 51
29 96 107 65
57 53 109 69
49 118 73 86
120 85 121 95
93 75 29 127
97 87 8 2
79 67 21 18
114 102 4 97
102 89 64 46
18 123 37 90
1 131 35 55
101 31 84 110
13 123 121 119
34 38 107 22
8 13 63 34
41 92 26 124
29 116 14 81
72 36 25 29
15 61 81 4
125 21 104 97
85 3 32 51
36 116 106 7
16 67 128 118
21 1 12 122
69 4 114 13
46 95 89 55
24 12 28 61
127 81 120 87
103 125 41 104
44 82 86 9
88 46 112 105
128 90 86 50
36 91 79 79
89 39 19 124
48 14 114 88
97 117 105 44
95 99 83 8
1 28 125 16
35 121 11 56
102 121 125 82
79 25 114 83
70 70 107 106
23 124 21 25
124 126 28 34
9 25 41 93
96 58 53 79
31 116 93 11
22 78 5 8
18 114 60 110
28 44 60 66
8 99 19 34
90 79 8 1
120 118 44 48
32 102 94 111
39 82 86 105
44 71 11 94
40 72 4 2
79 98 51 80
58 76 82 88
105 74 8 103
58 20 103 72
37 85 90 86
71 74 62 78
6 131 10 55
84 8 61 67
60 40 28 5
9 11 100 126
55 129 82 60
68 30 81 23
99 4 33 28
18 116 26 6
85 74 76 24
114 131 88 109
71 126 81 28
50 106 41 44
71 32 41 46
45 20 37 41
40 129 42 3
26 64 26 114
125 51 90 127
72 127 83 97
86 44 57 80
23 41 71 40
45 70 64 79
29 92 91 76
113 14 121 91
8 41 115 30
44 20 120 84
59 8 28 95
113 56 25 29
24 66 60 69
129 58 28 128
52 90 52 100
84 13 121 57
113 102 93 71
118 102 78 130
74 49 100 128
34 65 11 30
50 75 88 43
87 123 126 95
25 50 90 24
63 25 115 55
16 78 122 86
9 131 62 43
72 83 34 54
106 116 78 22
51 44 4 105
131 32 100 5
4 10 10 6
63 94 61 74
36 87 86 56
32 124 111 1
76 112 1 26
67 101 5 124
63 63 16 92
27 108 24 96
52 13 107 48
7 89 44 114
95 25 124 36
96 129 93 4
62 14 10 89
101 112 34 87
60 24 18 31
106 88 46 74
115 13 104 25
9 101 73 72
125 1 114 97
16 4 41 41
38 6 3 96
114 11 51 102
62 6 120 78
24 98 9 25
131 100 29 110
125 101 77 22
86 87 115 11
114 124 116 73
21 85 19 32
129 104 68 13
85 131 81 34
20 107 73 104
48 122 28 8
23 130 116 102
64 116 17 57
98 53 101 52
42 122 125 107
75 56 21 103
39 114 23 71
36 62 113 97
108 65 12 113
24 94 113 85
25 97 22 60
49 119 40 126
8 48 112 118
126 12 29 10
56 50 129 46
15 129 23 118
18 122 10 91
25 117 27 52
74 58 53 111
53 82 11 75
103 115 79 85
122 95 41 110
88 127 9 56
90 74 83 10
5 8 76 2
127 93 58 76
67 109 25 17
84 91 49 9
71 75 91 29
91 46 75 18
26 18 104 86
76 16 86 128
80 109 7 126
117 80 45 104
4 82 25 108
22 121 3 44
21 96 129 63
25 33 94 35
87 126 56 27
127 66 65 109
80 75 116 107
117 1 72 58
119 55 34 78
91 9 72 102
98 32 8 18
12 12 18 114
55 37 56 87
64 69 87 25
20 96 98 4
87 69 121 16
38 93 79 90
43 94 96 17
38 19 117 63
124 121 64 106
1 127 39 100
80 34 66 111
74 105 37 59
116 10 44 29
37 41 60 97
10 16 9 26
8 108 39 10
114 101 52 90
46 83 95 87
130 20 119 103
77 62 128 82
54 85 100 118
9 65 54 36
12 47 112 40
123 107 62 120
57 60 82 105
100 64 120 103
1 25 120 64
113 95 92 109
32 119 22 33
101 130 50 84
71 62 53 126
83 37 123 128
104 120 118 25
42 103 121 130
100 22 104 103
38 22 44 103
33 64 63 18
117 36 25 8
79 39 33 23
121 69 51 126
109 26 12 127
104 67 42 38
86 129 104 77
70 34 74 2
63 108 25 123
94 129 130 41
100 29 123 22
91 9 60 72
95 130 3 118
1 90 113 12
126 122 21 56
107 50 48 86
31 6 6 66
83 14 110 78
29 114 110 49
3 94 86 114
86 16 102 87
117 86 45 125
14 35 33 120
90 67 122 86
59 30 82 82
32 102 130 15
46 17 112 76
89 21 16 58
93 68 39 57
60 28 118 20
51 25 52 115
87 67 9 17
62 16 122 95
108 115 26 83
124 50 61 8
121 56 44 126
12 4 119 79
121 27 21 106
72 96 45 118
27 16 10 43
69 21 100 57
37 6 47 121
34 20 90 40
108 94 53 68
42 12 48 24
45 6 83 80
26 59 49 31
35 128 112 9
1 20 13 79
25 104 24 78
17 42 10 116
70 14 24 47
67 7 31 130
126 46 3 68
108 115 26 24
43 61 122 38
39 4 109 92
29 52 51 127
14 24 98 128
37 19 112 37
63 13 66 98
130 6 89 105
27 79 61 107
32 58 60 67
125 11 22 19
16 114 45 30
120 128 48 18
52 69 15 31
48 31 92 127
113 68 72 16
130 68 130 96
125 7 120 34
71 3 15 91
131 32 79 52
56 119 38 109
37 60 87 77
4 19 26 87
106 6 64 21
37 96 53 75
23 9 72 61
66 83 126 98
65 22 79 11
68 111 36 24
74 35 37 111
119 59 81 44
37 120 34 39
116 21 113 119
117 130 12 63
74 70 109 99
115 43 38 3
14 66 119 65
53 120 67 11
98 80 19 71
128 118 72 118
84 36 109 106
55 48 115 108
82 97 14 71
126 111 122 84
30 30 103 78
77 31 47 67
57 98 86 29
66 123 103 120
91 65 95 54
61 43 96 72
21 64 18 19
120 7 74 34
108 66 94 11
77 89 79 83
81 12 74 101
22 57 96 56
6 7 28 101
69 120 14 95
48 110 55 27
17 111 109 96
15 62 90 61
31 114 63 46
27 34 128 91
5 124 66 124
129 131 108 3
82 119 119 110
118 54 34 26
69 4 95 9
44 12 24 45
37 1 79 97
37 15 19 125
93 49 32 14
73 28 62 45
19 13 110 122
110 115 68 62
68 39 35 91
60 1 91 85
61 11 42 71
105 120 53 117
3 9 41 17
12 68 48 57
54 100 100 123
20 65 81 24
64 124 37 60
23 125 108 52
94 10 95 52
96 1 49 101
114 90 106 28
9 18 104 100
91 28 98 59
13 76 49 17
114 20 116 46
81 44 115 30
120 59 1 62
44 73 30 81
33 103 24 37
74 52 43 19
83 81 83 48
104 131 39 22
9 34 54 85
12 14 108 113
5 128 67 15
97 56 89 70
32 125 120 32
68 92 12 62
88 119 75 59
51 95 59 121
110 90 105 24
60 78 124 85
36 99 65 26
33 52 17 130
95 50 56 56
4 79 118 112
62 83 86 57
23 16 77 108
79 69 63 105
5 51 76 112
100 5 37 99
3 127 70 104
12 36 21 43
103 19 127 39
103 46 112 104
81 120 95 103
2 128 65 98
61 39 126 52
58 74 67 12
103 56 35 14
32 24 116 33
81 83 9 45
3 86 119 88
4 32 94 10
125 47 86 112
47 72 53 35
119 29 78 125
81 116 49 38
97 13 3 14
12 62 123 54
33 44 61 33
118 10 107 41
29 99 126 104
85 96 66 121
34 86 18 46
36 73 61 10
87 63 77 65
124 4 22 21
24 79 67 68
113 57 109 61
58 37 41 126
18 91 90 8
110 129 102 58
33 120 107 53
96 88 12 76
24 9 77 24
101 3 11 11
38 122 52 59
117 50 126 96
48 50 102 77
45 80 30 12
10 104 1 92
7 80 84 51
74 57 23 126
5 58 108 65
15 12 56 8
29 121 100 27
93 74 116 116
131 55 31 1
91 57 38 81
51 57 131 50
18 106 76 102
110 8 21 27
4 36 49 8
93 130 26 43
116 72 29 90
69 43 115 63
86 25 77 17
19 112 30 54
108 71 19 56
65 11 128 8
94 51 50 52
43 89 30 97
4 131 52 126
61 94 77 28
122 121 35 78
14 64 24 84
109 122 65 22
4 81 86 62
4 92 38 88
52 33 76 15
21 95 22 114
57 34 88 8
33 97 30 73
113 90 23 85
17 126 27 27
104 67 6 113
126 97 44 70
5 58 23 86
94 116 33 9
54 15 124 131
80 3 24 105
28 73 19 113
29 76 17 66
108 64 117 122
53 131 5 20
63 95 107 95
80 26 8 38
6 42 109 96
5 48 19 94
9 14 86 93
13 53 88 129
88 100 38 10
67 7 21 116
37 61 107 126
58 24 35 4
44 86 10 123
93 9 87 101
51 44 97 60
22 113 122 23
87 109 125 74
45 4 59 58
109 8 106 74
57 43 14 77
15 122 28 98
88 27 13 105
109 96 102 90
1 46 53 73
50 89 122 47
11 131 46 83
60 67 43 116
125 104 64 116
53 93 31 108
1 93 15 15
89 89 25 67
119 122 56 10
24 21 23 38
106 77 130 19
111 73 52 70
86 72 115 121
44 21 83 74
26 23 23 126
115 92 58 43
45 65 78 43
106 4 13 3
5 66 121 26
65 128 30 56
10 70 56 61
128 43 101 29
46 37 5 29
81 72 9 74
24 98 44 74
104 120 47 13
1 35 66 7
33 37 29 4
99 46 57 124
62 39 30 22
130 53 52 16
19 48 118 60
102 62 64 11
7 10 114 96
14 12 50 119
85 80 89 90
53 39 37 89
10 98 28 9
69 77 129 109
88 88 20 129
121 96 59 108
19 81 32 5
99 130 115 23
93 33 14 72
79 98 83 10
30 34 88 1
66 90 77 20
64 17 119 107
71 108 2 49
1 75 67 122
104 107 96 100
17 108 8 106
65 119 93 82
27 37 118 10
66 104 40 28
14 115 98 6
39 112 11 106
86 92 66 12
69 28 85 6
126 51 128 6
109 68 35 55
65 99 12 8
128 37 118 50
110 26 93 65
21 43 56 16
102 67 11 113
89 123 44 29
121 47 87 2
48 35 99 122
87 119 49 99
123 76 73 30
50 116 82 126
127 17 118 108
108 71 97 5
1 131 77 69
50 130 69 114
21 105 24 90
14 57 40 86
114 110 38 90
27 130 64 33
129 71 102 99
69 105 3 52
55 104 45 92
48 81 97 7
56 43 125 92
72 122 14 14
89 52 49 2
117 86 29 57
30 122 99 128
29 77 83 1
70 11 67 55
130 131 88 74
30 14 40 30
90 113 23 4
37 100 84 17
31 93 9 116
93 28 7 4
10 71 49 83
76 82 16 34
60 28 77 53
90 129 99 93
20 78 49 83
82 102 117 77
127 7 5 52
98 35 117 55
44 26 102 119
29 128 23 60
5 71 14 115
6 95 46 47
123 125 102 50
105 110 25 93
9 100 64 21
70 102 77 69
60 50 20 21
90 84 107 40
33 91 58 109
74 121 36 7
110 123 84 7
84 22 2 7
20 83 86 71
72 14 41 53
96 14 17 113
126 89 36 59
70 93 79 50
88 18 69 57
99 38 130 125
71 122 89 66
47 47 130 22
20 112 65 1
102 56 91 83
41 31 85 3
20 86 99 88
123 42 127 65
120 46 41 38
83 14 116 22
100 51 93 11
93 115 35 13
119 53 131 85
116 112 54 33
113 48 131 70
89 67 35 4
127 65 116 123
123 48 8 66
32 119 64 66
117 36 91 6
8 77 36 48
15 59 6 109
11 86 99 124
65 93 48 115
60 113 114 122
23 24 18 42
26 19 83 41
14 71 97 59
56 89 46 34
22 28 74 89
98 113 27 23
131 62 101 86
45 39 7 76
51 131 65 102
69 100 122 18
24 52 41 52
17 129 108 98
69 73 126 121
42 40 98 98
109 36 86 47
102 94 93 80
25 122 42 33
103 82 9 75
91 32 130 120
104 56 102 115
104 74 46 43
97 9 122 102
120 41 82 43
58 62 75 25
8 100 123 61
8 25 85 124
65 24 87 66
38 32 82 47
62 2 89 93
119 17 14 29
102 92 29 67
50 12 39 45
86 68 103 47
122 105 60 37
62 12 116 41
56 14 107 28
122 82 76 16
90 9 123 99
67 33 2 108
20 76 60 101
63 101 55 48
102 70 62 98
50 129 98 53
49 63 2 94
16 124 91 49
18 81 1 41
10 114 50 84
36 31 121 63
46 118 13 15
12 33 75 104
35 49 121 11
127 124 46 42
75 26 98 124
17 18 9 131
44 131 70 58
43 72 84 99
106 126 116 98
72 123 74 56
25 83 81 52
53 97 112 19
34 90 3 8
6 76 107 42
36 99 88 41
128 24 23 3
129 33 114 42
87 10 93 70
30 120 93 44
127 88 119 43
117 131 124 42
104 123 13 9
25 83 13 73
93 106 130 36
76 61 30 53
21 2 6 88
61 63 50 49
81 95 82 38
62 46 117 49
83 28 110 24
32 32 53 91
48 41 62 82
63 32 52 22
128 113 67 93
20 18 117 11
87 66 48 1
2 107 86 33
9 117 112 39
65 76 75 78
131 18 41 84
109 7 51 80
98 100 88 65
72 66 50 102
101 64 44 61
53 17 95 41
50 63 41 25
71 22 91 63
11 105 19 131
88 42 21 62
57 76 73 79
9 1 9 94
3 5 16 45
109 52 93 36
126 124 16 85
61 45 131 121
127 32 81 109
9 114 89 40
14 105 108 94
130 6 60 67
127 131 6 43
47 73 61 45
36 75 90 20
119 53 36 93
38 100 96 105
46 116 95 72
83 124 63 92
120 89 115 35
17 85 7 51
62 67 129 68
96 31 96 61
51 44 128 128
40 102 128 40
99 127 101 80
13 35 36 12
37 123 105 19
31 40 40 25
35 91 89 77
32 58 6 48
22 122 35 28
29 47 76 96
48 87 93 11
73 103 76 57
93 51 103 107
91 82 92 18
15 100 119 69
50 92 61 58
26 104 73 34
7 76 16 42
112 45 108 45
69 67 33 74
108 89 88 21
70 15 120 76
74 121 42 71
107 38 111 118
120 47 15 5
22 129 10 96
81 7 33 71
11 126 83 114
52 20 94 90
44 83 105 83
115 10 49 22
39 65 19 7
41 131 79 10
99 20 17 120
12 103 87 81
68 105 106 116
13 125 130 72
5 61 18 123
100 41 106 41
122 123 43 121
129 121 29 1
47 71 93 31
109 65 36 76
27 40 29 74
95 7 129 109
66 14 21 77
86 23 25 12
47 71 73 16
107 78 116 103
25 28 97 45
75 72 76 85
96 81 120 19
50 33 115 87
91 44 43 103
58 34 48 33
93 112 102 50
110 15 119 116
13 52 116 22
120 70 118 71
68 70 92 114
119 36 51 91
70 55 33 25
94 94 130 42
123 18 71 130
16 113 18 127
42 88 3 122
99 75 33 40
23 14 96 107
57 71 86 46
54 83 63 76
51 123 37 80
28 76 95 54
58 21 54 120
80 79 121 33
94 99 101 12
37 80 85 10
108 3 67 13
36 2 97 39
13 75 78 67
103 29 112 65
22 21 72 128
84 126 111 120
115 110 92 85
101 79 14 18
69 5 24 30
37 45 124 109
120 82 67 98
112 95 7 33
51 107 27 96
24 70 68 17
3 54 57 109
13 34 110 68
56 44 114 65
125 36 66 125
103 69 99 52
91 103 28 14
49 120 93 16
14 95 38 47
33 37 4 90
50 68 45 75
18 94 102 2
63 29 93 112
105 84 80 119
90 110 55 101
49 119 106 39
27 49 113 68
88 50 32 3
31 23 76 84
94 56 7 128
35 83 10 19
124 22 3 121
17 8 68 49
108 46 87 118
65 124 125 66
34 3 32 80
105 8 36 46
89 121 55 26
107 70 130 40
64 14 87 58
92 68 128 43
1 44 53 85
107 28 65 9
58 119 117 54
20 64 66 83
68 45 113 75
75 97 27 103
93 56 57 89
98 6 80 8
85 118 19 80
47 18 6 107
29 129 41 21
22 84 11 125
102 65 42 64
44 120 8 83
83 65 126 62
13 24 128 106
30 7 33 64
34 14 117 102
24 77 79 69
14 80 24 121
129 38 115 69
76 100 54 114
128 118 52 79
54 89 16 74
46 25 28 118
96 131 57 35
67 21 16 88
19 62 95 60
91 6 58 84
17 79 130 30
123 103 96 44
20 94 112 38
87 107 123 110
126 74 25 2
107 124 121 127
74 107 16 114
119 40 63 18
102 47 78 40
1 49 123 56
52 32 5 86
123 31 57 121
42 41 8 23
58 98 98 2
95 126 51 100
8 1 130 49
31 32 7 88
104 58 16 57
119 49 93 8
128 77 94 90
2 83 17 119
5 41 81 1
122 68 118 116
24 62 70 48
78 108 35 28
109 93 81 107
90 90 16 115
80 88 116 42
97 86 87 104
35 62 30 32
92 59 119 72
38 36 11 23
80 124 40 27
102 95 64 128
68 102 17 9
105 35 6 121
113 53 15 91
121 63 110 48
87 96 20 25
3 12 74 50
69 106 23 67
58 75 42 103
90 19 28 94
69 104 35 33
126 86 58 22
73 69 49 67
11 29 76 90
93 35 119 99
36 81 6 74
69 91 16 29
21 97 27 62
122 69 23 51
76 27 46 66
3 83 26 96
3 33 41 25
22 33 20 55
19 63 131 7
2 106 78 130
16 73 107 129
4 107 87 48
80 41 20 91
39 100 46 79
104 62 51 1
116 99 59 96
46 14 42 16
101 96 15 84
127 60 32 45
17 72 57 109
81 18 49 130
34 75 35 39
62 127 116 15
92 129 125 86
9 47 44 116
88 125 44 22
104 9 22 5
35 58 101 124
51 129 93 90
9 51 126 104
91 81 30 69
20 37 119 126
93 77 55 61
115 6 80 30
2 99 81 111
122 21 45 67
8 67 104 78
82 64 51 112
55 72 77 85
67 49 73 24
79 2 130 17
58 131 12 34
21 100 102 91
60 118 69 49
43 69 17 16
129 33 68 3
76 131 45 121
27 64 52 122
61 100 53 92
74 4 32 43
73 13 84 9
29 126 29 25
46 58 97 50
81 23 17 98
42 97 102 97
88 94 82 22
68 108 76 74
42 80 118 112
99 102 63 58
114 61 102 11
16 75 29 42
99 36 73 55
59 4 84 29
31 9 127 46
66 89 90 91
28 95 117 62
87 22 89 1
89 27 43 90
93 13 90 120
66 12 126 84
57 98 22 122
121 14 78 112
12 12 82 24
81 83 40 117
76 120 25 108
60 85 41 74
52 109 129 71
30 95 67 102
32 103 46 127
124 83 81 92
8 41 26 109
87 71 121 77
59 57 100 100
121 66 15 120
39 77 42 113
83 82 42 18
30 120 34 77
47 93 55 35
127 62 19 4
23 79 8 14
3 79 79 77
102 97 16 17
130 124 66 126
17 69 9 49
89 88 33 42
88 81 105 128
4 76 11 55
58 87 63 28
17 41 53 63
100 108 109 128
63 47 109 9
37 32 109 83
14 42 83 129
110 62 51 102
93 35 52 12
24 49 113 40
90 82 64 22
99 29 131 36
87 100 47 109
90 71 50 19
108 22 77 125
108 120 48 87
50 41 107 15
130 46 121 91
108 89 120 50
106 119 10 65
91 51 82 24
11 79 118 97
51 111 103 81
61 91 40 37
106 129 53 19
98 98 60 27
65 19 108 39
90 52 104 39
14 104 102 63
12 108 53 29
54 37 50 100
117 11 66 62
36 74 34 31
124 123 71 2
96 123 68 46
97 1 127 94
118 111 42 9
98 21 4 111
80 20 38 81
32 43 82 20
92 10 90 60
102 76 106 82
103 30 32 71
120 99 56 111
47 115 64 114
112 48 3 52
66 82 99 73
55 81 26 116
70 39 99 57
5 71 56 103
112 74 52 97
59 78 125 36
51 15 22 30
44 40 83 91
126 130 85 64
112 107 18 56
2 118 1 105
87 50 52 57
46 117 96 49
59 59 99 123
129 86 75 62
20 49 26 124
126 44 79 47
98 44 103 99
43 57 59 3
83 64 112 131
68 49 26 38
62 101 57 17
87 30 86 68
72 84 44 108
16 58 76 66
58 127 39 44
23 7 115 39
24 5 119 37
104 45 102 63
85 128 75 46
97 93 116 53
66 72 28 124
58 117 4 93
56 97 32 93
100 106 53 68
59 5 9 18
94 93 123 47
73 57 114 42
117 76 25 77
22 108 73 72
18 15 58 2
12 124 116 6
89 100 6 95
76 42 50 7
119 59 65 81
85 119 95 50
60 123 50 109
125 14 100 14
29 57 29 101
106 69 100 59
77 79 4 50
1 51 44 60
85 32 1 13
50 35 47 89
38 8 30 39
23 5 104 73
89 105 106 59
53 15 48 69
30 81 43 28
5 109 47 71
2 56 69 9
69 42 36 35
118 104 103 21
20 118 1 103
126 41 131 12
57 40 44 63
5 51 52 33
1 121 117 39
77 60 92 43
110 39 67 15
22 7 25 20
46 124 60 41
10 70 42 2
79 48 51 27
25 128 24 88
52 83 78 45
7 37 91 94
110 84 105 92
101 25 42 38
36 15 98 111
68 122 71 108
103 85 36 65
19 62 67 42
110 93 2 85
59 2 35 61
43 64 57 77
117 78 71 1
54 20 5 62
96 128 55 17
93 8 72 26
129 57 55 11
111 23 103 71
81 31 103 128
51 67 49 105
125 90 110 116
74 81 21 63
126 65 125 67
36 41 58 35
97 75 111 32
28 37 106 17
66 53 17 43
114 61 113 113
62 28 90 85
53 5 30 50
127 115 97 37
51 11 82 52
51 29 103 66
65 33 107 77
32 2 83 79
79 122 92 33
22 123 21 94
81 61 25 56
3 74 18 24
33 94 21 65
16 96 35 60
85 71 89 131
124 39 53 25
114 42 102 120
56 86 126 87
6 8 33 110
24 22 112 82
104 87 124 39
107 121 106 85
51 114 31 73
86 127 2 2
90 90 111 38
2 103 19 42
70 85 95 3
100 8 45 102
33 101 55 72
128 102 34 65
94 5 95 42
101 22 69 20
47 106 101 101
119 61 102 126
13 116 104 23
92 79 35 66
115 127 57 124
102 5 12 110
84 71 123 24
50 14 99 126
121 104 69 47
80 114 2 114
82 31 113 36
119 88 43 121
119 116 53 52
81 119 88 87
9 107 29 66
24 74 114 11
96 4 12 36
19 86 97 131
56 110 45 121
27 129 73 44
84 124 53 57
91 98 76 103
40 130 62 17
38 67 84 112
34 114 88 125
59 100 64 63
55 9 63 126
69 61 62 75
65 90 13 88
112 107 131 81
37 36 54 114
40 12 80 63
115 62 26 24
75 63 15 92
123 75 25 91
97 44 29 62
119 4 86 122
44 91 98 71
64 20 115 36
120 24 67 59
14 11 17 50
65 33 50 63
28 29 88 67
27 112 72 78
45 1 109 105
96 54 31 89
1 80 74 92
63 38 128 12
62 47 63 80
38 16 50 101
63 74 124 2
128 23 109 45
90 23 119 107
113 43 51 13
31 99 91 36
111 26 16 58
89 8 90 130
32 5 109 127
17 107 60 75
21 25 122 108
38 26 77 92
45 107 78 64
73 123 120 25
72 119 72 17
36 60 17 58
95 107 10 114
92 24 24 64
32 70 4 20
122 54 53 109
23 2 129 48
87 59 71 18
80 75 43 22
129 125 45 49
103 118 102 37
98 103 87 55
32 97 32 131
52 13 56 104
113 122 26 49
111 113 79 98
113 29 38 98
107 78 87 69
127 80 52 93
94 23 32 50
106 10 34 42
85 13 19 66
56 43 63 61
108 126 69 52
29 66 99 41
68 34 114 116
82 37 126 69
24 128 57 130
33 111 114 10
47 43 79 129
126 78 53 112
24 48 1 73
71 126 85 117
129 103 53 100
43 114 116 124
4 102 91 73
17 108 2 8
85 34 68 113
51 51 43 23
108 30 129 7
7 2 68 84
36 54 18 108
95 11 59 22
1 77 98 37
7 104 111 123
66 40 22 110
126 112 10 48
47 85 52 5
85 91 16 112
60 96 80 14
39 85 20 73
100 80 2 56
79 39 1 123
11 129 32 130
82 4 28 82
93 108 115 101
94 5 15 72
63 82 121 110
94 117 15 22
45 80 61 65
75 120 2 54
70 123 15 113
89 91 89 58
106 30 114 32
60 1 82 77
112 42 114 62
118 24 26 9
74 23 81 60
91 69 80 21
118 40 110 28
48 66 1 95
96 73 126 55
1 113 51 88
73 61 48 124
55 64 117 113
84 127 90 65
106 64 71 49
67 102 99 3
20 114 48 69
24 5 74 95
116 41 103 49
111 86 39 90
48 104 118 25
53 10 20 40
88 41 86 19
111 76 117 81
58 32 32 60
88 19 103 87
69 55 50 90
56 21 126 121
80 74 87 48
17 87 40 65
55 112 70 66
34 41 125 89
79 67 8 18
26 80 130 69
44 48 84 4
42 45 64 103
35 57 51 93
123 93 2 41
17 53 51 32
18 109 27 31
28 82 88 97
101 69 51 50
122 111 86 29
51 34 130 9
15 84 65 16
36 116 71 46
89 56 118 109
130 31 22 88
105 51 23 78
12 16 40 9
114 74 93 127
125 65 74 61
74 57 19 46
20 69 93 37
25 96 67 98
67 20 29 59
15 30 107 74
28 18 23 48
107 14 17 88
85 113 126 98
74 73 16 16
41 46 2 17
15 37 115 4
33 41 33 66
128 79 120 89
95 111 93 71
64 87 38 2
30 113 14 119
90 4 91 117
106 26 85 71
60 120 70 130
8 111 78 36
119 57 73 128
128 8 23 47
111 42 64 106
64 87 114 53
120 12 81 89
73 17 123 127
94 13 48 15
68 127 51 1
117 123 38 58
79 109 49 65
68 7 64 41
12 35 50 123
113 34 51 120
101 4 42 82
44 117 2 37
85 95 7 108
116 107 38 126
15 116 124 19
81 76 86 24
17 99 64 52
106 89 113 24
51 63 46 106
73 106 62 103
45 126 92 107
120 66 65 89
40 80 85 110
125 47 114 11
38 98 93 42
34 49 83 27
124 92 55 19
1 72 62 29
49 29 129 53
107 80 5 57
96 51 30 62
105 116 43 52
74 91 108 40
122 32 103 71
17 25 26 102
30 127 31 6
123 111 32 65
104 27 106 108
46 32 91 17
17 33 54 64
31 129 61 21
48 89 116 64
6 87 22 100
1 89 80 109
14 38 31 13
113 34 24 33
115 41 113 36
16 41 55 2
39 110 104 45
42 46 34 20
38 15 48 88
122 120 101 95
111 52 36 108
67 99 39 36
58 16 112 73
5 9 90 43
123 19 16 30
47 37 74 70
112 41 33 88
105 118 105 77
87 13 27 12
120 55 81 78
105 40 61 19
14 19 100 102
44 81 129 126
53 102 29 43
101 77 125 118
51 103 14 74
90 3 94 47
46 61 32 62
14 39 21 52
116 83 104 117
107 102 8 64
61 47 18 11
46 48 3 108
86 38 79 121
43 96 99 80
37 33 115 41
55 48 111 4
64 7 112 129
115 33 58 68
28 14 90 6
48 62 110 35
70 8 29 68
96 82 108 96
20 5 93 123
121 40 13 128
104 54 42 53
116 8 43 128
127 21 1 100
23 12 6 52
4 60 106 25
100 64 33 90
60 71 90 60
110 2 102 85
123 59 124 84
47 23 23 95
58 14 77 101
16 108 15 99
30 115 18 45
80 64 85 103
123 50 127 17
51 27 91 73
109 124 29 97
91 70 96 34
15 112 68 39
59 10 104 10
42 44 75 68
1 42 57 73
17 42 96 116
14 34 10 89
6 36 52 118
93 115 91 71
112 46 86 79
54 65 87 77
72 95 128 110
76 68 42 116
88 80 30 72
31 32 56 47
33 93 10 130
128 66 41 83
25 72 26 45
90 130 92 61
130 107 107 54
16 52 125 34
70 50 80 84
44 80 29 17
44 71 43 103
28 85 15 106
38 99 127 97
90 73 77 82
10 114 119 6
37 34 2 131
68 84 65 87
127 119 43 100
35 51 129 58
38 50 78 88
56 55 52 116
130 1 51 124
23 56 108 37
113 123 35 21
66 3 17 93
94 104 6 67
90 41 48 75
12 111 49 81
48 117 71 56
26 16 117 121
115 86 100 84
127 46 96 100
59 22 14 130
22 21 80 129
113 76 52 5
67 63 100 89
34 112 85 58
3 123 37 36
79 43 33 46
58 127 20 38
70 81 118 1
28 115 56 129
80 98 46 2
81 119 5 71
120 54 4 130
32 130 54 83
108 48 95 65
35 46 87 79
64 67 26 109
64 44 93 54
31 111 71 123
61 44 63 11
103 116 39 94
100 31 94 92
52 23 87 21
79 95 10 99
121 98 77 87
117 42 9 122
94 120 25 88
1 24 25 107
92 2 76 71
29 57 40 107
128 26 98 76
78 1 120 39
96 32 129 112
47 92 91 35
69 84 77 29
80 17 105 24
57 99 97 67
110 39 53 127
21 95 93 105
56 10 108 112
39 104 104 59
129 6 77 47
105 109 78 2
53 126 69 18
74 63 17 34
57 29 49 45
121 92 3 83
56 99 55 71
123 71 59 66
76 76 114 104
121 85 24 118
84 54 32 108
39 84 77 70
33 74 109 62
21 120 88 90
105 71 112 90
11 7 43 64
54 84 104 10
43 55 43 114
116 116 16 98
34 51 55 70
36 65 104 35
96 124 68 62
24 64 92 127
46 50 125 21
78 30 59 45
73 46 48 44
75 44 17 101
89 104 127 75
101 94 35 108
94 47 45 23
105 113 124 37
7 41 123 73
36 5 42 106
12 15 30 94
2 125 90 124
63 48 85 54
118 23 67 97
35 63 34 16
25 82 53 19
130 70 82 37
118 93 96 5
64 37 47 36
107 79 112 128
122 49 65 28
14 27 46 90
66 16 38 106
22 72 56 20
66 80 1 121
102 109 16 29
72 76 10 33
77 125 37 47
130 54 57 38
111 33 54 90
61 68 30 35
20 123 121 129
90 129 89 49
30 72 121 64
130 26 99 26
14 31 114 47
30 49 76 49
42 55 65 51
75 126 98 89
130 44 29 8
7 94 56 29
97 124 107 42
66 29 91 124
3 118 64 39
101 116 109 27
37 104 60 32
24 43 96 103
53 127 42 119
79 100 13 5
11 105 43 90
16 64 86 113
36 9 38 2
123 47 90 65
15 13 43 62
79 89 90 26
36 97 102 49
37 125 114 93
82 127 13 101
72 112 114 46
89 72 31 34
38 102 113 72
78 102 123 64
46 33 79 65
66 47 93 90
111 95 50 86
6 113 3 128
1 102 46 64
8 128 93 75
45 22 11 66
53 64 35 87
120 3 46 112
110 66 100 34
72 90 121 40
37 92 93 41
65 81 58 29
55 122 67 53
71 59 41 66
30 37 52 18
110 75 3 38
84 105 37 116
40 102 51 69
100 104 40 99
111 79 30 28
115 87 51 131
72 34 51 16
118 42 106 49
101 103 40 105
110 18 117 108
53 48 36 95
98 130 64 115
86 77 40 15
96 70 31 68
17 116 27 25
55 38 35 88
57 100 106 127
68 101 117 37
10 3 77 60
108 128 68 29
119 75 77 18
114 38 83 45
129 96 112 130
69 111 48 9
83 113 44 68
9 67 72 30
65 64 104 38
19 67 7 8
109 119 5 84
82 103 130 81
118 77 63 121
66 78 31 107
36 13 38 75
80 128 130 75
8 32 130 81
96 100 91 102
16 31 88 35
42 71 129 56
115 83 127 109
15 106 56 53
6 7 113 38
73 96 42 93
14 85 115 111
84 128 46 106
117 69 71 46
59 6 129 45
97 53 130 107
92 78 42 85
2 85 57 84
25 23 58 33
45 72 87 87
9 33 42 65
80 8 101 108
32 60 100 20
51 43 36 56
61 77 90 113
25 32 35 61
14 30 19 39
1 123 36 41
48 25 115 129
13 94 68 96
47 98 103 17
29 111 73 26
81 123 80 39
86 13 35 42
116 103 57 3
127 93 2 7
64 84 55 101
94 113 36 109
25 94 9 64
4 1 12 47
53 102 48 127
61 30 51 62
1 90 43 12
83 11 103 89
29 131 59 15
41 19 2 78
73 14 42 28
14 99 59 40
28 81 17 91
131 69 101 22
13 76 10 69
117 93 15 20
74 62 62 123
73 128 45 66
117 46 85 45
107 101 110 91
94 101 2 25
62 82 79 86
104 87 87 71
62 58 2 112
43 10 108 9
26 49 79 57
26 90 76 21
46 83 27 44
28 127 91 128
23 26 128 44
23 13 57 78
38 59 14 56
106 86 49 35
9 12 64 94
24 24 80 71
33 105 129 96
34 22 34 26
63 67 61 21
100 130 97 79
12 62 65 126
112 19 91 86
29 7 42 104
81 94 47 44
96 62 125 71
95 94 62 29
110 78 17 48
87 17 100 95
127 6 25 70
123 96 98 126
85 87 116 91
70 15 54 16
48 61 104 71
10 46 69 79
106 65 83 62
94 126 11 58
129 71 15 120
104 111 123 96
40 63 78 57
110 98 66 23
105 82 85 125
9 7 36 37
131 131 18 38
7 9 15 81
15 35 66 119
43 97 63 37
29 51 100 60
98 126 41 103
68 89 3 72
79 120 38 86
130 85 70 3
88 88 53 40
76 31 69 75
42 26 16 15
103 77 81 99
45 2 123 6
61 12 20 15
81 109 35 48
76 97 12 6
116 90 62 7
71 12 33 106
92 12 7 92
8 97 56 28
95 99 118 91
19 125 103 91
5 33 129 13
47 59 107 2
76 17 32 46
68 103 46 15
55 111 18 52
78 69 123 69
18 124 50 51
53 49 36 121
108 129 51 44
40 127 6 34
48 72 23 58
74 75 94 107
74 109 83 46
47 50 51 17
112 24 38 73
26 25 75 90
11 13 12 62
41 128 118 1
58 76 22 71
29 100 34 51
34 50 86 48
8 47 63 21
40 116 118 74
70 22 19 119
104 101 71 53
32 22 127 115
6 54 8 76
130 71 126 77
83 65 57 75
32 105 90 2
6 37 10 53
33 102 121 5
50 110 23 30
23 128 58 10
124 23 128 42
43 92 110 59
127 114 41 6
15 32 10 52
51 36 27 2
71 35 76 128
16 128 88 55
34 96 3 104
72 109 78 19
114 120 16 40
56 19 99 82
84 70 108 37
125 95 49 10
53 98 39 98
7 122 94 102
63 32 1 85
50 2 17 85
51 98 120 20
59 101 121 12
46 129 48 123
45 61 29 12
26 31 76 87
119 96 123 79
20 98 43 89
18 40 83 103
39 86 71 80
50 4 105 111
126 26 127 117
45 91 85 61
124 63 128 60
116 100 35 131
73 88 14 27
71 32 36 110
102 92 11 53
108 1 50 31
39 129 24 16
59 98 87 50
24 112 12 1
61 126 40 107
120 81 84 91
58 86 28 25
38 108 30 128
37 81 97 48
34 42 65 112
98 115 55 70
32 2 38 98
58 28 26 18
106 121 39 4
60 109 1 111
7 95 20 61
34 40 32 56
90 121 57 83
6 81 79 14
54 109 109 34
42 105 85 33
63 108 45 50
97 67 98 115
108 33 50 118
75 117 103 87
87 69 94 51
7 2 114 45
61 61 120 53
120 51 119 124
73 3 31 44
9 27 127 128
93 61 78 128
116 60 33 14
7 28 126 30
2 67 116 92
93 107 117 79
101 22 8 121
76 49 27 100
65 38 20 87
102 111 36 92
5 24 49 131
31 46 112 86
123 47 52 56
108 36 25 38
115 3 23 89
26 82 28 90
33 25 100 44
42 30 28 27
97 8 14 67
34 104 52 43
128 84 39 89
74 67 18 39
10 120 56 99
36 114 61 87
54 99 70 26
54 78 16 6
130 99 75 57
32 53 48 60
21 50 41 15
101 72 69 119
32 66 36 10
44 64 2 38
12 9 5 28
48 70 80 121
106 5 92 10
91 88 77 71
105 57 92 61
12 73 84 86
71 33 111 117
38 61 21 108
72 80 13 22
78 51 101 31
28 122 90 86
117 13 46 29
33 43 19 125
52 43 51 33
114 57 91 88
13 72 8 74
44 124 51 77
56 89 60 33
34 128 93 98
12 122 39 73
93 52 1 38
101 88 19 104
73 20 25 51
91 66 34 26
97 62 108 12
58 47 112 104
19 128 9 75
4 23 13 117
126 105 10 16
16 131 6 91
87 44 130 123
124 91 1 95
26 129 60 82
131 41 66 128
11 107 100 35
34 93 66 130
33 87 124 95
75 81 76 118
56 73 74 16
28 50 105 71
41 100 118 85
128 18 12 41
58 9 97 79
18 23 18 83
14 102 84 59
7 96 15 31
45 69 87 53
54 76 38 44
73 52 93 90
83 79 71 45
60 17 107 56
85 11 128 35
30 116 75 1
16 129 12 46
69 60 112 20
121 42 5 104
73 51 77 81
3 126 14 4
88 63 119 10
43 93 82 49
40 37 1 93
81 65 112 67
88 88 16 88
108 13 70 60
30 11 122 89
110 45 120 1
66 113 64 126
121 8 38 17
8 27 98 109
34 72 45 27
25 5 18 99
71 95 95 112
29 100 106 75
116 81 98 88
47 52 20 17
71 7 106 55
30 113 94 131
6 97 115 51
85 31 130 37
59 25 25 106
46 34 93 127
5 91 75 11
15 78 43 107
108 77 63 17
108 35 14 40
97 1 46 94
84 4 41 96
18 105 14 53
58 67 89 18
34 28 31 81
47 28 36 47
118 28 15 112
100 91 12 11
65 58 59 32
6 97 74 90
116 43 3 58
98 14 57 77
95 40 13 83
73 35 49 76
113 123 33 116
124 10 86 131
34 2 24 25
45 82 61 10
58 109 30 59
129 61 51 21
76 50 128 24
117 130 111 101
115 44 104 71
59 78 48 9
63 6 6 7
75 84 59 57
51 94 64 103
57 109 13 102
80 63 24 64
114 59 40 25
121 25 50 125
65 53 41 53
94 18 57 117
70 89 82 17
68 37 7 90
15 15 9 16
52 32 119 22
91 34 123 91
44 40 19 112
24 42 20 95
2 68 28 81
38 61 29 130
56 128 122 26
45 44 11 91
24 79 73 94
22 125 97 32
51 29 91 124
81 53 123 91
107 38 60 113
87 51 78 81
12 58 81 17
59 21 81 97
20 110 21 97
53 9 130 53
61 67 53 105
47 127 73 115
43 23 19 49
100 107 29 20
35 119 28 12
66 127 128 59
96 32 99 39
48 83 67 107
131 30 128 72
88 57 40 66
59 6 112 46
110 81 54 81
12 86 22 60
17 11 59 84
71 1 27 55
61 89 124 47
52 76 3 61
113 22 5 74
131 17 50 33
24 122 2 34
66 34 90 90
112 84 58 28
4 102 69 20
111 2 48 49
36 31 27 33
86 122 37 17
23 7 73 107
86 55 21 34
68 6 61 92
7 95 81 52
113 68 122 105
88 55 31 92
43 6 12 114
67 114 130 82
14 89 71 125
129 92 123 92
52 13 124 51
36 91 26 9
67 103 70 33
50 12 112 129
29 42 113 77
8 50 103 124
117 20 93 32
46 121 113 80
23 14 118 69
46 55 12 118
123 82 86 52
41 55 9 82
70 68 25 12
103 14 96 11
108 124 97 19
30 29 92 47
36 6 80 74
93 22 82 44
104 67 68 69
11 67 1 33
12 80 10 43
99 10 71 68
40 111 15 106
31 103 45 88
7 32 30 109
66 20 10 96
105 14 70 68
25 18 80 71
122 72 37 55
83 74 85 103
86 14 61 88
98 49 86 64
89 118 17 64
42 37 77 14
6 51 2 12
37 3 49 126
99 8 44 2
30 49 97 10
40 130 85 5
73 53 81 50
106 69 73 74
8 35 72 68
73 122 100 90
116 92 28 101
85 79 125 123
69 19 8 82
98 51 34 6
44 34 45 110
122 90 17 86
101 121 80 72
23 9 119 96
106 52 94 131
98 106 81 36
83 75 107 25
77 11 50 111
101 56 102 114
77 49 9 63
67 78 110 109
30 2 45 46
117 56 5 78
3 65 56 69
55 122 65 76
45 111 76 17
110 100 35 105
74 8 9 44
28 60 18 101
78 113 94 73
129 49 94 3
104 104 91 66
5 21 130 13
102 14 6 80
33 16 111 27
41 15 95 69
33 83 122 74
84 42 99 5
106 59 38 27
25 74 117 54
86 73 19 53
96 130 93 74
3 36 110 128
101 102 92 99
79 120 13 121
107 17 8 65
85 97 35 5
73 39 54 80
95 74 126 47
112 74 94 69
5 54 85 33
93 5 74 41
85 8 3 3
14 101 114 25
36 12 36 115
8 65 92 97
42 129 51 8
19 78 15 27
98 13 90 101
125 102 45 61
105 50 106 34
34 61 116 87
130 29 8 76
65 35 70 113
120 20 87 47
74 4 36 110
122 39 25 29
75 64 91 122
48 50 12 32
57 44 21 61
114 80 27 9
7 99 40 61
3 30 90 80
3 21 26 92
103 120 12 119
93 106 82 90
119 20 9 123
55 31 66 93
16 80 111 66
55 92 118 21
116 26 124 49
63 56 85 97
107 109 76 13
23 113 2 17
99 56 61 87
106 8 64 6
127 27 49 103
30 116 106 113
40 112 39 113
40 115 57 102
16 41 90 105
21 87 16 108
86 24 59 9
1 4 115 115
124 84 23 100
7 107 20 118
93 10 60 120
84 60 93 62
30 114 110 109
6 32 102 114
31 106 131 118
6 86 44 58
57 35 1 84
74 83 85 4
121 21 88 96
76 93 49 27
71 90 3 120
119 49 62 32
18 84 64 88
67 122 79 13
112 126 10 125
103 81 33 112
88 28 61 56
95 64 52 10
80 81 101 91
41 41 2 99
37 126 2 106
42 20 75 50
101 111 33 80
54 71 122 110
108 74 8 6
9 15 27 77
116 63 41 6
47 61 16 29
47 98 119 34
47 106 46 28
100 75 126 113
65 25 129 57
130 12 64 53
49 85 95 13
10 103 54 61
83 131 91 115
59 102 64 2
76 72 88 127
55 63 61 24
99 125 29 67
63 47 121 110
123 6 62 90
122 31 51 70
91 108 74 14
35 69 28 77
6 99 96 37
84 130 114 49
73 52 6 50
123 115 67 2
54 38 81 74
8 92 111 21
20 113 113 112
9 71 65 125
114 96 83 9
23 11 87 80
122 89 83 45
75 14 86 124
72 109 86 48
69 53 62 119
77 68 49 43
97 27 19 22
18 65 72 54
106 125 63 37
130 95 64 16
61 26 42 116
98 36 109 97
126 32 13 15
86 12 63 100
74 39 54 68
19 90 88 104
62 26 46 15
123 26 79 18
112 127 56 36
121 93 2 19
60 104 33 101
30 4 25 12
95 107 28 118
36 15 53 34
14 68 54 24
25 102 96 53
130 27 6 25
8 31 55 105
125 59 130 8
1 15 113 48
72 41 4 38
76 43 119 113
108 1 88 123
127 5 30 6
18 83 102 103
92 94 21 114
73 57 10 68
3 39 60 125
32 58 2 20
97 63 109 10
95 131 47 21
114 117 126 120
94 52 27 74
130 117 53 18
53 25 71 25
36 18 110 63
58 48 97 117
16 82 74 86
11 84 111 75
20 90 13 38
22 131 22 50
119 14 47 26
99 37 49 118
74 27 124 130
31 50 43 107
23 90 112 103
119 80 45 87
75 30 79 131
105 27 121 40
66 115 75 86
102 68 110 68
6 73 60 128
75 20 60 23
89 64 119 101
82 54 22 18
90 125 22 116
47 116 91 117
120 24 11 109
118 67 117 58
128 72 125 119
94 77 81 54
17 60 94 29
56 103 102 101
3 76 110 46
59 111 129 121
48 118 106 117
41 74 119 127
52 96 124 90
66 37 58 63
46 118 2 58
5 96 113 127
75 23 2 121
94 42 109 48
2 120 116 75
81 104 122 62
113 11 16 83
66 48 52 108
15 3 59 77
88 44 73 28
116 13 14 76
124 98 14 93
16 97 25 116
42 34 75 89
42 122 29 64
93 43 81 105
38 100 1 34
126 85 10 44
18 23 115 72
105 17 126 82
39 99 12 35
6 75 127 88
46 80 4 113
96 105 70 38
90 107 77 77
55 15 66 68
117 130 58 49
49 54 47 22
108 14 75 3
24 58 111 95
62 47 51 26
79 101 31 64
44 120 14 97
110 55 4 58
49 19 122 111
46 28 71 75
27 89 14 38
89 51 75 64
23 2 23 106
12 120 70 128
27 49 112 55
7 103 14 110
58 17 90 28
113 15 59 78
3 67 101 47
29 61 108 13
131 57 62 75
70 76 64 51
67 71 76 44
79 50 2 90
63 5 89 128
7 51 91 24
125 130 36 84
84 91 29 80
78 12 17 100
113 123 131 129
50 33 105 120
45 26 60 91
52 95 62 104
120 30 58 84
81 86 121 17
106 6 51 96
90 64 60 90
24 15 48 16
120 46 84 57
54 103 52 53
78 25 38 115
84 72 1 45
112 105 34 126
76 3 43 66
123 78 52 9
95 118 58 82
73 92 39 1
89 116 118 125
37 103 85 77
71 24 120 41
41 60 92 88
16 30 83 118
34 106 67 22
117 8 120 53
76 67 19 99
25 126 42 95
118 20 131 92
106 86 114 118
131 55 36 127
62 107 53 72
80 61 91 37
108 3 77 112
42 21 115 124
128 129 71 56
109 52 15 37
123 42 123 53
131 65 31 12
89 21 77 53
121 79 79 13
10 24 52 95
62 97 74 53
32 117 1 130
71 87 34 88
39 62 43 98
124 126 113 59
126 99 129 66
9 77 50 63
14 61 13 128
37 18 38 50
27 113 112 110
94 73 57 65
53 11 47 28
31 34 63 94
87 81 121 49
35 53 120 13
47 118 95 122
81 11 8 15
47 24 80 79
94 17 38 106
104 124 6 131
105 78 45 130
4 20 75 99
93 63 22 30
59 24 73 31
115 10 8 55
90 52 87 17
51 63 87 103
19 90 126 125
121 98 21 86
59 114 11 115
66 57 35 15
1 128 39 84
128 66 89 34
129 108 65 81
53 21 54 6
4 111 46 36
112 74 36 67
61 88 76 119
113 23 55 96
105 63 63 68
80 47 9 130
52 67 95 117
85 5 82 82
40 91 97 46
100 61 47 48
64 92 78 102
28 126 111 117
66 128 5 57
94 103 93 56
100 36 124 76
107 39 131 90
92 36 64 89
44 6 129 59
13 84 65 65
122 44 130 54
24 58 78 44
5 73 111 28
69 104 95 123
13 77 109 110
14 61 46 64
85 32 9 90
4 33 119 56
61 61 100 69
52 86 8 10
106 23 28 113
36 69 6 73
28 39 27 107
54 109 120 15
71 20 2 114
95 94 115 130
49 129 14 81
52 12 56 58
104 6 19 114
119 5 56 34
51 112 34 120
90 21 120 10
36 79 127 10
31 57 73 71
17 125 5 82
23 57 73 17
18 40 61 38
23 4 11 124
86 55 37 75
129 83 117 54
93 24 74 28
43 47 29 8
77 120 44 84
78 104 73 46
5 35 81 9
113 110 85 34
17 7 105 51
52 53 11 46
53 50 8 104
102 50 110 43
17 4 68 20
13 11 86 49
105 57 70 126
117 8 38 11
19 55 105 102
2 56 1 63
17 53 42 36
70 12 123 22
100 98 60 107
96 40 102 126
88 79 116 97
30 34 1 29
129 44 23 4
32 64 94 97
97 29 56 2
90 116 94 103
43 111 67 111
105 38 52 48
127 25 92 78
12 105 11 13
1 126 114 112
44 24 31 55
22 109 62 118
45 32 86 94
76 55 120 77
88 16 71 84
16 64 99 113
44 116 44 68
88 82 1 32
94 120 113 98
41 91 121 130
64 27 9 130
86 116 16 87
91 71 120 97
62 72 22 57
46 67 54 44
49 52 120 98
90 102 41 112
130 76 92 98
51 80 87 57
47 107 27 37
49 35 67 55
98 57 107 47
19 49 31 5
114 11 54 104
109 108 33 88
71 95 48 101
45 17 111 104
110 35 16 65
14 52 34 26
62 91 9 10
40 51 92 25
58 34 7 63
81 120 65 117
126 14 28 50
86 67 75 114
47 78 118 26
93 109 52 71
34 116 99 26
113 96 90 75
117 84 3 28
104 95 105 3
43 115 117 98
103 103 28 72
125 64 79 1
97 99 91 50
104 43 62 4
54 90 6 95
28 57 94 35
131 81 12 40
30 67 71 97
9 44 107 46
6 85 84 70
119 111 79 3
131 29 22 59
40 62 22 17
107 77 72 131
116 5 31 11
85 104 22 31
130 13 17 129
130 89 117 31
122 6 17 16
79 66 87 80
41 114 113 63
97 26 37 34
51 111 66 25
6 128 3 52
25 108 2 70
126 120 114 131
92 70 109 33
72 2 131 12
106 60 82 14
13 112 4 109
25 130 79 49
129 25 45 28
43 27 43 38
62 42 108 131
13 3 126 102
114 25 110 44
77 121 49 69
74 20 103 53
69 30 7 23
108 78 26 36
10 65 60 5
38 1 29 88
4 7 116 34
71 84 77 119
44 63 91 83
36 58 4 44
16 19 101 43
22 109 10 1
34 116 25 63
89 73 55 4
93 32 127 43
99 39 18 104
117 42 96 52
44 128 96 131
13 112 15 67
88 73 71 108
57 88 99 33
56 112 17 125
9 83 11 17
69 53 96 19
12 36 7 34
9 77 61 6
99 94 50 21
13 40 85 112
116 53 43 81
34 130 105 21
43 45 72 18
11 88 82 49
104 4 4 2
79 19 56 110
128 81 21 124
2 31 25 13
25 115 63 102
128 28 31 28
79 22 28 6
97 108 23 60
117 64 78 109
37 36 21 96
31 36 57 60
63 51 95 125
86 73 12 93
28 84 131 53
20 114 82 5
117 46 77 68
89 88 108 9
36 27 14 48
94 27 39 43
11 89 116 53
24 94 111 20
9 3 16 113
69 115 114 49
115 62 77 13
9 111 115 39
31 60 118 106
121 5 128 94
8 102 42 73
125 60 14 106
62 111 16 58
1 77 59 87
35 41 47 117
53 30 26 61
83 117 11 51
9 104 16 72
24 33 117 105
7 93 70 111
39 117 37 16
120 121 73 1
75 95 76 112
97 56 102 16
115 54 50 115
106 58 61 13
73 17 48 127
126 6 78 104
100 19 28 39
127 120 123 94
33 43 105 86
43 2 40 100
97 83 77 24
91 121 4 95
51 114 91 115
121 23 6 69
121 117 38 52
103 53 2 43
16 117 106 109
88 69 131 49
104 10 86 84
52 110 30 15
111 19 96 24
25 59 58 131
21 99 30 86
112 100 65 92
105 86 35 63
24 40 67 20
111 2 8 93
65 82 26 61
20 119 89 54
39 102 122 86
72 84 85 7
124 61 99 46
20 80 22 126
34 48 39 103
67 60 19 75
91 86 94 25
83 61 47 85
107 58 98 20
68 124 29 52
114 88 3 59
125 102 2 106
62 55 13 6
117 77 97 33
113 113 2 4
73 53 26 16
40 16 53 102
40 123 123 66
55 46 67 25
30 26 7 29
70 33 45 4
101 102 4 47
118 33 129 109
90 123 34 63
47 40 69 79
83 121 57 62
74 19 86 78
104 13 130 21
120 63 20 64
18 109 123 99
92 52 123 6
24 98 122 86
94 59 21 45
103 106 86 127
19 123 121 20
111 3 25 52
46 52 119 127
11 5 115 63
41 121 115 44
109 10 30 113
131 107 60 9
67 32 99 84
38 2 76 92
30 33 61 130
116 108 126 100
102 73 115 32
88 23 47 61
15 14 8 97
15 47 109 5
33 119 67 94
18 61 60 42
57 106 53 96
3 13 106 53
44 41 60 101
131 21 45 10
92 76 54 25
15 14 128 99
123 13 22 93
95 81 103 72
64 44 103 70
127 110 99 62
125 14 115 9
70 127 79 45
67 77 1 19
88 67 73 43
22 17 114 51
46 28 100 115
83 84 20 21
88 58 87 9
120 81 99 92
50 51 10 63
33 30 62 48
2 14 83 87
120 102 110 92
10 105 78 91
