2738
222 424
482 1446
848 1696
2557 3110
2280 3040
960 1920
874 1748
1694 80
2084 4168
896 4480
1941 3882
1234 2972
3900 780
3050 1708
4760 2040
2281 2944
60 452
1176 336
2100 2100
495 2950
1750 2625
4581 4581
4004 4004
1039 3890
3078 2187
1661 1510
4700 940
1045 4260
840 4200
1140 1140
4464 2976
4994 1242
105 273
3510 4680
2755 3306
1714 2339
1561 1115
2840 2130
3162 3162
1172 4559
3045 2755
494 4199
4395 3516
257 550
3828 3828
3033 2022
3126 3126
2562 4973
268 106
390 2665
288 3744
114 1425
2076 692
4110 274
1608 1407
2029 2175
681 681
4466 2552
239 239
2761 3442
1400 2520
345 1035
2538 1269
962 1503
3 409
2366 2366
4500 3600
2012 1227
1119 2984
2547 849
1248 624
2902 1601
1885 3045
3000 3000
1929 1929
1524 2551
4880 488
4202 2674
1435 3895
1729 188
192 472
4851 735
3190 4180
1699 662
938 3752
4044 2022
3108 1036
387 4683
609 3654
4845 285
2870 2050
4394 2923
4334 1576
1410 2820
4653 1692
2661 1907
131 422
1328 3984
930 1302
1972 710
2780 4170
3464 3031
2834 3270
1548 1515
3280 4920
3419 526
4674 4264
74 1503
1674 3348
4830 2940
4080 4896
1593 2739
255 221
3640 2340
1764 3969
1710 1870
122 122
2676 4014
3080 3080
4535 2410
3815 981
2014 2014
4982 3551
1672 653
3960 4180
2170 310
2958 3060
2800 2431
375 19
4356 4356
769 4614
4316 3606
2915 1166
244 732
3096 4644
4052 3404
2910 2910
547 2735
1668 3336
644 3412
3190 4466
1098 3843
4925 985
1633 3746
316 344
3246 1082
1778 889
2122 2385
2406 2406
3880 2716
4590 1530
1706 3608
2973 3964
3160 632
1764 3528
3371 3171
4860 2916
2519 1832
1720 1720
2284 1064
238 121
333 2331
1039 1039
4553 989
2936 2936
4116 2352
4368 240
4214 1106
4592 2870
1848 924
2580 1720
2551 352
1828 3656
1615 3230
2352 1960
1787 1254
224 148
903 903
1002 2004
3983 2069
2952 3690
3168 330
4200 1680
3830 2599
3932 4915
2054 2686
2520 504
155 513
4236 4236
2412 2412
4152 519
260 1185
375 95
3294 3132
975 75
3400 1833
1842 921
1452 1573
4164 2082
1347 3737
4920 4100
1100 3025
4320 2880
1335 102
2670 4272
921 3684
3458 1976
1799 4068
442 227
4865 3892
1776 1332
1700 3394
2475 198
3510 1950
557 3342
691 2252
912 1368
2013 671
2556 426
201 3025
928 4176
4305 3444
4428 2214
4603 3938
430 234
2007 4014
2926 3192
1652 4470
1926 3852
1668 3753
3592 4041
3073 1605
1520 2280
1370 2055
896 2576
2989 1234
4324 1081
1910 3820
1290 4515
1055 4320
371 349
2464 1540
1368 3249
2223 1588
4704 3822
3366 3366
862 3448
2013 1945
3500 4200
1659 2765
1686 562
341 4981
2050 1025
4308 2154
2470 2964
2937 1546
248 191
4408 4872
4068 2034
3974 859
1840 920
3700 3700
4606 2632
297 947
4335 2890
4308 718
3712 1624
1827 3095
784 4704
3528 1176
4320 4320
2707 4831
498 404
1179 786
2817 2504
1530 1089
4872 1392
3750 1875
364 2912
946 873
1686 2810
3084 4883
2266 4017
1096 943
3732 3732
2766 1844
996 996
3112 1761
466 358
2211 2211
4576 1768
2118 4352
861 1722
1265 4301
1470 4998
1276 4947
3592 4490
2292 4775
1580 3160
4871 2925
2475 3465
4208 3156
4640 3712
1463 2281
124 102
3428 1714
940 2068
779 1820
4980 2490
4950 1980
3732 3732
2722 4576
1524 2540
2648 4634
4212 2592
3172 2070
4560 1824
1452 4356
1701 1701
553 3874
438 455
4466 1595
799 3196
3759 3014
3948 1974
1652 2478
2805 4488
2818 1033
3432 880
4368 672
644 2576
237 4539
4662 4662
1212 4848
3234 4543
618 308
406 282
2800 700
3498 3498
1963 4833
2295 1530
2260 1695
1806 1806
1510 4753
2275 3185
1358 679
2634 3512
1193 473
2220 3180
635 2032
4204 1051
1427 383
365 92
219 2190
868 1736
2113 1608
2828 3535
3648 1824
237 3555
3676 365
4515 4515
2226 3710
1784 3122
1521 3145
634 2219
4144 1628
4056 4056
2010 1637
353 374
771 1542
506 2530
2035 842
1258 481
4043 1555
1508 1508
1022 3356
4716 1572
360 3960
3883 4236
923 2121
829 1658
670 1340
4072 2036
3838 2357
87 143
774 2322
1965 3144
2498 186
916 3664
4230 1833
3875 4650
652 4519
4305 2460
4472 4472
2412 3015
3053 25
3005 1202
1972 4930
4928 3520
2398 449
275 328
3195 710
4986 1662
4699 3505
1606 4015
2800 3360
4560 3648
1789 1639
4590 2040
3627 4433
1268 3804
282 2626
546 3822
1863 3726
869 4345
3323 3386
360 209
1768 3536
4670 2802
4790 2487
4088 4088
3834 639
1980 1980
2299 4047
3843 2196
5000 3125
3925 3925
263 3952
3663 4477
4683 2676
4300 3225
4875 1747
488 367
1981 2264
3675 1470
4485 1431
3792 3792
2559 2559
4186 2576
3999 1421
1870 1870
1754 2631
356 712
3817 1267
570 2280
1428 4284
2292 1146
4520 2204
56 186
1065 3905
2484 4692
3537 1559
3684 3684
2856 2856
4641 663
4051 4517
2732 3415
2635 527
4548 3790
3254 303
3381 3234
4914 2106
3695 2956
1578 903
128 237
4840 3872
4180 2860
1745 765
2144 2144
3710 742
3468 867
37 2357
963 963
3490 698
2058 4263
842 4879
2960 740
2960 592
614 3070
1059 2821
457 401
590 4307
1779 4744
3073 1944
2702 1930
2667 2667
4424 4503
4301 972
814 4884
3452 2589
429 2431
126 3071
4680 3120
4963 3545
3645 3645
4688 1479
416 316
1824 4560
4500 2500
4273 4649
723 4579
2772 4224
1341 447
447 340
854 3416
843 843
826 4956
201 3131
1518 3542
1116 372
965 3860
3955 84
40 326
4374 729
2280 285
3256 2916
1514 757
2070 3450
2850 2280
3925 4556
1542 1542
2250 375
944 1888
1457 4006
2817 939
1560 4160
2568 1712
4144 219
163 316
4032 2016
3762 4389
3559 1332
2388 3980
4048 2208
4096 3072
3715 1982
2277 2277
4266 948
930 930
1432 41
4092 2728
1845 2214
1166 4081
1902 1581
412 27
2112 960
1034 3102
4217 4965
3472 1953
3632 2724
1200 1000
1707 3913
2695 3773
2356 4712
4030 4495
263 2491
2926 3268
840 4320
1296 864
1902 4102
398 422
3006 2004
647 4529
388 4442
4186 4784
1611 2685
4745 3796
1884 1985
4160 1040
3612 903
1932 2898
3587 2172
1938 4845
2094 4886
4221 2814
144 1204
290 453
3828 1595
2944 1150
4691 4181
1410 705
1554 4440
4884 4070
2556 1990
3272 2454
1808 1808
2586 1724
4993 4784
2530 2530
4305 3444
1476 1968
1717 4135
490 273
4155 1662
2552 928
2812 3370
4455 540
1336 4676
1566 1566
2862 2035
4116 1176
4050 2025
1620 2916
772 685
2076 3114
4564 1304
2145 1430
281 4030
254 115
3010 2064
2950 4130
163 1489
3420 342
1940 4850
1729 2660
330 2838
3942 3285
4500 2250
634 1268
3089 2440
3968 2976
1773 4728
2365 1892
2482 1062
88 148
463 4630
1012 1518
2704 1647
1422 2133
4305 2460
3264 3264
4360 1045
2304 768
2080 3120
4662 2590
1552 277
2928 976
2530 2300
4920 820
1162 713
217 120
2912 2366
894 4470
1310 1990
706 4942
4123 2945
2140 4280
105 1333
2784 4640
3549 1521
4925 3940
4478 1695
4784 4186
3294 1098
822 2055
4370 1505
193 177
1539 4617
3185 2940
187 2421
1724 2586
3472 3472
4900 4900
250 1456
1761 2935
3552 4440
3979 4844
1466 133
442 3978
2454 3272
4940 3705
1872 2101
44 356
2895 4825
3012 753
3678 924
1950 650
4290 715
1832 4580
2699 3810
1152 128
2010 3015
2526 2526
1422 410
1280 2560
4380 4380
2613 871
544 4525
72 41
3980 3184
3648 4608
4288 624
4719 1815
2324 830
4979 1915
1504 1783
1224 4284
2289 3052
4015 1095
2135 2675
4008 4676
3710 4452
4294 2712
2152 1739
272 111
1641 547
3016 2262
1596 4812
782 1564
2859 3812
1992 3984
741 1928
2301 3068
3968 3472
801 1602
3316 3367
2620 655
3200 4000
4002 2668
395 169
300 360
498 2739
2265 1510
1955 1362
1456 2912
3120 1320
2184 4914
4111 3150
3102 2068
4480 4480
4212 1170
1748 1150
225 450
1686 2529
3540 3894
101 814
499 174
1425 1425
2025 900
4671 1964
3753 2919
2050 4510
695 2780
4099 502
963 2889
3076 3845
849 849
4275 3326
819 4914
3081 1027
1944 1944
4007 3719
415 287
3344 3800
1944 4860
407 3692
4148 3294
4048 3036
690 2990
687 2586
4680 585
465 4650
2080 3040
4773 4412
1019 2038
2216 3324
1800 3600
3559 4983
206 386
1134 2268
4156 4156
4323 3171
3117 4156
2466 1644
2208 1472
2344 2252
585 2925
2724 1816
517 517
2994 2200
3035 3035
950 3515
1050 525
617 3845
352 35
1052 1052
905 905
2183 3688
3992 1996
2982 994
2082 4164
3714 385
4108 3081
573 3438
2856 2448
1854 2354
1035 4140
597 4776
646 3230
3966 870
140 375
1582 3955
2640 3696
1757 1361
2106 2106
1240 620
2352 1176
1458 2359
964 2410
1066 4797
472 3776
1123 295
3960 990
2670 2670
2120 2385
504 1836
396 388
4521 274
3321 4797
96 4340
4000 2400
3876 3876
4788 2052
2027 371
2608 4238
2530 4235
3130 3130
4342 3388
4680 4680
154 1232
1888 3776
1847 4413
142 296
2940 2772
4560 855
253 4118
1282 1282
4536 2520
2975 4760
4133 4695
4509 1503
3952 3458
690 4140
2478 1727
2196 3843
1870 550
2810 3490
4121 4494
244 390
1728 2160
1190 1785
822 1121
2112 2112
1719 2292
4851 4851
1353 3137
3816 1908
2079 3861
587 2348
3962 2870
4758 1586
2844 948
2254 644
2189 1823
303 180
4200 2520
2103 2103
68 863
2300 4600
1420 4970
2530 1518
1422 1543
2298 1532
2352 1176
4230 705
1954 2436
1212 1616
3240 4410
4774 2046
2844 21
404 447
800 3680
2016 336
3980 1997
1696 2120
2010 4020
1268 3804
1045 3333
4325 865
3888 1368
4512 2736
2527 3866
2472 1545
730 1460
4580 1374
3780 1746
98 260
1646 4938
3870 2070
71 4564
1024 2048
936 1872
1378 3392
1786 1365
2728 2232
4422 2814
2826 2826
4998 1684
1008 3024
2550 2775
3828 4785
221 4634
183 202
4248 2124
4160 832
4642 3934
3861 891
3055 3055
4925 2955
2817 3843
4092 1860
884 4641
3432 1320
4524 3091
3654 2610
2792 4886
2052 684
2001 1801
18 26
2532 4220
4896 960
2707 4182
4046 2312
2295 1836
3768 628
3055 1515
4135 1654
3486 3237
4184 1046
3036 3815
663 2652
2334 3890
3320 1992
1413 1316
402 266
4340 1860
4590 1080
2345 1296
3971 2166
3570 2856
1260 4788
2563 775
486 1782
1474 2948
902 4510
54 1090
3696 4368
1221 4107
3250 3750
3012 1942
182 174
2079 4851
1536 4096
883 4023
2919 417
1758 2930
1185 395
4426 4293
1519 1736
4365 3492
2163 4429
2335 3116
2884 3605
2430 2835
2124 1062
1841 1826
350 354
1944 3969
4250 850
4050 3442
1350 4725
2478 2478
1752 4380
4801 4167
1960 4900
2561 1970
1794 4485
2397 1367
3828 2871
436 1308
1620 2430
4250 3238
245 28
3776 4720
2472 4120
4520 2659
1320 2244
4800 1600
2888 1444
4642 2172
4644 3096
4422 3234
2304 4032
3550 3934
805 2415
646 1292
2948 2412
681 3995
51 323
4758 4758
780 4290
608 3876
594 594
3474 3088
4752 2160
1015 1274
1568 2352
3225 2580
3140 3925
3479 2362
2072 3108
4750 4864
610 3660
3189 877
35 474
846 1128
518 4810
735 4982
3718 2028
4335 4930
3978 2652
1773 1658
619 4333
338 2704
4004 3696
2032 3870
492 2460
1254 1650
2569 1835
1213 1947
189 339
3712 1392
1890 3780
2218 2211
4032 448
444 2220
703 2109
1335 1713
990 2970
2118 4942
3240 3240
3298 1883
2681 3447
1692 1833
1956 4890
2079 1947
373 234
1242 3450
2568 4494
1201 421
2800 3360
4879 4182
2980 1192
2353 1623
2166 722
4242 3535
3462 4616
4009 2931
4671 4671
3303 4404
1458 2430
877 2001
365 137
4448 1112
921 4605
2188 3065
794 794
1658 829
2315 4630
839 2942
2676 4460
3584 3840
1603 229
3919 1551
4305 861
3395 2716
3681 409
4422 1351
490 2
1608 804
3808 4352
1606 530
3192 546
1990 3582
777 3885
1548 1724
1986 1986
2387 1519
2076 3979
3174 1808
2253 4506
1476 2952
948 948
4223 3480
492 470
278 4448
142 426
4015 3055
4360 3815
576 3456
829 2487
2152 3291
4540 1589
3705 741
4163 3258
2196 2308
2220 4070
3636 4242
2152 4842
1457 4356
116 49
4928 2432
372 1860
1258 4403
2028 1248
4750 2850
1464 732
1927 2287
4408 4959
4965 3972
4176 4176
2701 3957
251 1506
5000 2500
4194 3495
2678 3179
154 255
4130 2950
592 1776
32 2804
1770 708
1074 537
752 1504
2213 1388
3510 3861
829 4145
739 2956
3729 3447
961 961
1416 2596
1848 1232
4492 1634
242 301
4171 3686
4365 4074
1580 2923
741 1482
2412 402
968 3388
3752 647
639 1917
1678 839
4610 4610
1255 4649
3615 2169
2264 4245
2103 701
3224 1828
310 142
1555 1866
3952 988
3870 2963
1902 3804
2145 4576
1314 3942
1778 3743
3447 4979
3484 4355
2340 4095
3727 3172
2896 4706
1374 3435
989 4945
2423 3694
73 188
1079 2158
1974 1316
1620 2067
166 2656
1368 1368
3835 767
1606 4248
4380 1314
4310 1293
1125 4875
1753 1031
3970 4764
1752 1752
4428 2952
1544 3431
11 181
2825 226
2160 2880
440 4368
2336 4672
3912 1304
1066 4264
1335 3795
4320 432
3039 3039
3504 3504
662 751
4176 3132
2790 4320
4020 1005
1909 4124
387 104
3243 4935
1929 1929
1573 4938
4695 4695
610 4575
4480 140
98 3977
4704 4704
673 2692
4350 3480
4921 2535
4300 2021
4382 1252
1328 4648
2876 4570
231 401
2445 4890
1474 402
661 3683
895 4833
4225 4225
861 1722
3324 1871
2905 2324
2871 1914
758 758
637 4328
3138 1569
1644 4932
2212 1659
130 2652
483 443
3105 4995
3456 2592
1714 3010
3276 4368
343 2058
516 2580
1475 3925
2214 4428
2673 3267
2301 2655
1238 142
1929 3858
853 2559
418 836
3905 912
380 332
808 2424
2991 4985
2157 2401
4080 4080
2226 2968
2548 2548
422 2846
2724 3632
4542 4542
2793 2842
4959 636
4298 3070
3660 2135
1939 3601
4237 484
31 386
3786 3155
4000 1800
2925 1094
1186 593
904 3616
843 562
410 3823
1743 4482
3350 3350
3576 596
722 2672
4500 3750
2694 4041
1952 4270
3389 39
287 430
4445 3175
2046 2046
2695 2151
4648 4648
1810 1810
1800 4800
762 3528
1924 481
850 2125
4002 1794
2299 1898
3069 558
4689 4168
1920 960
3121 4373
437 404
3006 4008
2392 4784
2804 4882
3204 801
2661 2661
4422 4355
3511 2849
3580 1432
1926 1284
1768 221
2891 3069
1778 2667
3473 3322
1706 853
3076 1239
157 313
1872 3744
3708 3708
715 2601
692 3460
4745 1898
2640 660
3416 4522
2178 3630
3672 2856
2057 968
3315 1004
1736 1736
4355 3484
736 1472
1494 4561
316 206
4890 1630
2970 792
3478 4433
2922 1948
215 4730
2512 2512
250 3542
2376 3384
987 3948
2052 2052
815 91
1064 2128
3476 2607
2884 2884
4015 4157
82 311
4850 1940
3186 3540
2402 2027
2709 2709
1876 4690
2156 924
1987 2960
3654 522
438 3504
2994 998
4737 3551
4921 2109
2807 4812
1672 4598
3100 4995
396 420
2742 4570
1784 892
4727 4245
4108 3081
3342 557
1960 1960
190 151
480 960
2295 2295
4862 3740
1784 1139
1370 1370
808 4040
2166 2888
2481 318
132 99
2160 2160
2697 3596
1788 1485
2620 524
3066 1752
965 4825
872 1922
3225 1935
883 2649
4790 4790
2558 773
2052 2565
3915 2871
1837 668
2122 1247
412 27
2220 1110
1566 4698
4975 3698
1574 2361
1192 894
3789 4210
3810 1940
2772 462
1876 4690
3860 1544
912 4406
3112 3112
430 2365
4800 4480
2251 1584
500 166
2904 1496
417 834
130 1244
4376 1094
4914 3510
2118 1412
445 3565
3300 1650
3252 3794
1476 1476
2340 2481
4075 1630
1806 2709
4900 980
1490 1227
66 241
836 836
4235 4312
1185 1852
1500 4000
4620 3080
1748 1748
2193 3908
3360 3696
1824 1824
1592 1592
1094 2233
4730 4730
3159 2808
645 4515
1985 606
376 240
2030 1015
2466 548
4260 1191
4368 1638
328 3936
3699 1644
1083 2324
4755 2853
2660 380
600 600
4030 4946
1734 2244
4644 3402
1535 1842
2441 1527
246 213
3230 1938
3750 2500
1785 1075
2301 4602
4046 3689
842 3368
3660 4006
3336 834
2340 780
2565 4275
4472 3767
2912 3360
2786 3980
2032 2032
3294 1370
221 382
3208 4812
522 4698
3101 583
672 2016
1221 2442
2400 3300
1382 192
4420 4420
511 4599
2870 1230
4917 3108
807 807
3997 571
4420 3400
77 466
63 368
2640 2376
2646 2205
4143 4
4257 473
4454 3144
1866 2799
741 2977
1710 3591
1625 1000
4958 4020
4730 2207
956 478
4154 4020
710 1420
1013 4896
98 230
1569 1569
1120 2240
701 4668
3486 1494
873 1746
1007 2014
2004 2588
3699 2192
3360 4368
2000 4400
2070 243
2758 1970
3626 3626
1830 2928
192 1757
218 466
2871 3509
902 1804
1499 1490
1150 782
4907 4907
1426 3565
2368 4377
1140 1710
3630 726
1368 2736
2240 886
625 4375
1059 1059
4505 901
4664 1297
12 209
4835 967
3705 2964
1862 572
2640 2640
2046 4092
4662 3330
4435 2548
2376 3366
2790 4030
3886 268
2690 1642
3815 1526
2752 3784
2252 3941
2451 3788
21 190
3390 2825
1920 4800
616 1014
1490 3725
602 2408
4592 2952
2956 380
3500 1750
2368 4144
450 450
1912 1158
4910 2455
3759 3759
992 744
3606 1845
336 176
1593 1593
1836 4590
1395 4741
1518 3795
3991 1842
4092 3410
2263 2710
2295 2295
3492 1746
3835 4602
1677 2283
4638 4638
3090 4326
2751 2751
4941 746
313 432
749 749
3894 1947
1309 4618
4879 2091
2658 2658
956 1912
2135 3500
322 4347
4202 3056
2535 2028
163 3567
1812 604
1436 1795
4950 2750
1088 1093
118 373
3555 2844
3997 1142
4669 2709
1075 2150
1728 2592
1425 950
843 1234
569 1707
820 4100
3042 2340
914 2656
2130 1278
2970 1980
3876 3876
702 2653
180 29
3392 2544
1618 2427
2489 3916
2168 1084
2022 4718
1358 4268
1850 1717
2535 1690
3080 4200
1185 2765
836 1429
4464 3504
1040 2496
1848 4620
4732 3040
239 88
3984 2656
462 462
1311 4727
4210 4210
1080 2700
3810 635
2975 2726
4365 4365
318 636
2946 2946
2325 3874
567 1134
1864 2796
3780 1134
3750 2850
320 144
4096 4096
3775 1057
4031 1298
4816 4816
3610 3610
4032 3024
681 2050
1414 2121
484 4235
662 3972
2657 2235
706 2118
1572 3537
4075 2445
1237 597
367 370
2024 1012
3153 1051
2660 1706
1722 2583
4050 4050
2040 1632
922 4878
4446 4940
2730 4550
272 816
299 161
1675 2010
1752 876
4810 962
4963 4466
220 393
1328 3320
1300 2600
426 2201
1796 898
2673 2673
2344 2930
3183 52
1293 431
4010 802
2340 1404
2521 3679
2375 3325
2096 3144
2811 937
233 4393
75 205
4812 4010
4718 4718
3486 2925
2136 4272
3933 2622
1780 2136
3017 2314
3220 644
2989 2135
2755 4959
4983 387
2772 3300
1660 1328
441 3276
4233 2085
25 163
2148 1074
768 3840
3745 4267
2706 3608
1962 1962
868 1736
769 291
2770 1108
848 212
3170 3170
4878 1958
4364 3273
1040 1040
3870 645
3484 625
17 104
4116 3087
2808 3240
201 1062
3811 2369
4424 4424
1720 1505
2240 1680
627 4598
3899 2228
2094 3490
3213 1208
3990 3990
2199 4398
2405 1443
532 3630
440 290
1082 3246
945 3465
181 2016
4465 4085
984 984
3514 4518
3114 2512
1840 115
1273 1943
1392 4176
2132 4769
2160 1170
2256 1410
3648 1216
1861 4794
309 12
4607 2981
594 1584
4185 347
381 762
3852 2889
3824 2868
1264 261
3066 2044
4734 3945
3245 3245
1348 78
350 2450
2014 3021
2574 1716
2260 2344
494 251
512 4608
4704 1568
1706 2772
4329 1887
4041 898
3249 2907
3742 4074
817 4902
1035 1035
4578 654
786 3256
3794 4878
3264 4352
3090 2060
927 1471
62 236
344 3268
3492 4074
4417 2424
2760 3795
944 4720
4334 1970
3586 190
4158 4158
4185 3348
3675 2205
1670 2392
2781 927
1200 2400
4440 2220
1231 3608
115 399
695 695
4872 3276
1940 3177
4120 824
3796 1460
1708 488
473 2296
4152 1038
4833 4104
2110 4220
1552 958
782 2346
2979 662
684 684
3722 164
302 493
4364 1091
3470 3123
12 1708
2146 2146
4020 1340
3678 4291
3986 652
1432 4296
3857 2204
1743 2324
3435 3277
2295 1836
757 4542
3486 4067
2133 3539
128 253
4410 4410
1880 2256
2412 959
1248 4368
2408 344
3674 2004
1082 1767
1952 3904
1318 4613
4732 1352
4769 1694
1108 2770
2709 1806
532 4788
3098 2593
497 46
915 2379
2415 210
3721 3197
4216 2108
3450 4600
2975 2550
1958 199
4200 2100
2595 2595
480 2320
654 3878
4812 4812
2796 4194
2904 2904
1327 2321
103 42
118 1180
4848 3030
2586 3874
2697 2697
2271 757
2175 4089
916 2308
2992 4488
2485 1491
992 2976
1130 588
4240 2544
1525 1830
2368 3552
3359 4137
248 338
3410 2728
1031 1031
3498 187
1806 4515
610 4636
2002 2002
1344 1602
2420 3630
922 2305
3222 1611
559 4208
2547 4245
4829 3073
3688 3688
248 1170
359 214
1978 1978
483 2898
468 1211
2796 4194
2051 3516
3484 4355
69 676
4602 4602
821 3284
4458 3715
666 4112
2580 4085
1896 4424
4720 4720
2487 4835
117 82
888 3552
930 2790
2148 4091
4926 3284
1827 4263
1230 4428
3033 3407
4437 3944
1962 654
988 3952
4299 4092
4184 2092
2676 3568
2176 4352
1008 3481
324 285
1473 3928
2067 2067
2695 4242
1323 2205
2890 3400
590 4720
4081 2050
4623 3216
495 3564
1544 3088
1604 2167
1005 4020
930 1860
3108 4662
232 4233
366 385
1890 2835
1358 2037
4469 3931
938 3752
4068 678
1976 2964
216 1869
2612 1959
3888 4617
3036 4048
1488 3907
2348 1174
2754 204
2880 4320
3470 2359
12 44
4060 1015
882 3402
4852 4658
3439 2715
2035 3256
1194 1194
760 561
2740 2192
4734 4208
798 2793
3818 338
2142 4131
1108 4432
628 2826
1137 543
179 305
3899 2785
248 2728
2242 3854
4722 4722
861 861
2965 1186
2419 1888
429 2145
964 3856
1593 4779
4636 1406
2984 2984
3420 2565
1072 4824
341 177
164 129
3564 2376
2961 1128
1998 4349
868 3472
3582 4776
4520 3616
399 4451
840 420
728 3640
2532 1688
651 4707
1170 3150
4640 870
4510 2706
4986 1271
293 220
4260 852
4979 4596
3920 81
4645 3716
4000 1800
1110 740
3348 4472
4242 4242
4626 1028
1602 4272
1848 3621
3018 4024
4480 2176
4170 3336
3210 1284
282 324
652 3260
308 2772
1203 1546
1599 2132
3850 3630
849 849
2612 1554
2098 4196
613 4904
2932 4398
3816 1453
4807 418
4508 2240
4044 1011
362 1747
351 499
2245 2245
1242 621
2038 2781
3724 3724
3287 1557
1392 928
4935 2029
4056 4056
4572 508
2394 114
1504 3630
3388 1694
1206 2010
4730 473
4100 3328
307 75
1698 849
4215 3372
2336 3197
4336 2710
4425 2655
1629 1629
2518 3181
1320 2200
236 4956
4210 842
3003 2309
902 1353
2433 4866
553 4424
2825 3195
399 382
2036 4072
1953 3906
1879 534
1540 4620
4224 4224
4695 3756
370 338
4140 3680
3968 1984
1743 1743
3933 4225
576 864
4068 3616
4410 3150
1996 1268
118 200
2704 1872
2204 2204
1505 3870
2376 2376
1032 3612
2816 3520
188 1933
3760 2820
648 3240
3652 4482
4208 318
3388 4928
959 1918
588 1764
3303 3464
369 412
1692 3102
1227 818
2213 3940
4064 1016
4635 4120
4590 4590
4598 2800
974 3409
828 621
1183 4394
4486 746
4172 596
568 4260
4555 3644
3375 4537
330 437
1968 3936
1983 3305
777 4805
4444 3232
1720 4300
4644 3096
1995 441
4290 1950
1064 3724
3335 2001
3576 2153
4257 1419
3009 2006
3365 2692
4276 2679
141 81
3692 1562
1702 3404
3308 1488
3556 2667
1012 3036
1380 2070
3444 196
4938 1646
3618 3015
1570 4867
4540 3351
4956 1652
4041 4490
1464 2196
744 97
441 149
1432 716
1401 1401
2878 3932
3820 3056
1002 3006
1824 1824
2429 2631
3248 4176
4272 1780
4820 1928
3443 4636
2007 2007
4595 919
2032 4064
600 4003
180 450
3032 1516
1844 922
731 3266
4292 740
1782 4455
2018 1009
3163 2347
3696 3696
1288 1288
3455 4146
2172 3122
4134 3180
4571 3265
4872 2436
2435 1657
266 364
3124 4686
1652 4956
1296 3262
966 4830
826 2832
4980 2988
2223 2468
4128 2064
1970 1970
3260 3260
1853 2274
3696 1848
4775 4775
3516 586
2909 1917
411 168
3184 796
1920 4800
3090 2840
4824 4824
1063 1063
860 344
400 4101
2325 2325
4440 2775
4825 965
4034 1921
3528 2156
933 3732
360 4140
4055 2445
141 259
858 1430
4686 3905
4378 703
4529 2588
938 4221
4935 987
2722 431
903 2709
4194 932
1596 1596
2763 140
314 3768
460 4600
4295 2577
4539 301
488 147
4270 2989
3312 690
416 585
4470 1788
1845 2460
3015 3618
3925 2224
4554 1012
3675 2415
1995 3325
1131 2981
2550 2550
4305 3075
351 1404
762 3147
352 114
4631 4631
3508 3508
2785 4236
2733 3644
3612 4515
1026 2166
4470 4985
2827 2827
1578 3945
3405 4086
2671 4983
1464 3660
2496 832
1028 514
3140 646
434 204
4818 4818
1720 4730
4051 1547
396 396
4615 142
3416 2989
807 4911
582 2328
4992 3840
1594 4782
3538 2240
3504 2628
629 1887
3318 711
1298 2315
412 426
4676 4676
2736 2736
1748 2733
2640 4620
4648 1328
2235 2682
3508 2807
3996 2516
280 1960
3270 3510
4810 1311
361 1805
768 480
4024 3018
4520 349
357 449
506 3289
809 3236
85 1835
2740 4384
884 3536
3720 2976
3994 3339
3872 2904
3488 4360
1611 1611
55 1339
1672 2926
2142 4998
979 3916
4802 758
284 267
2904 968
2364 2955
3924 360
4710 1413
2100 1050
1914 1914
4538 1891
764 2674
3836 959
3440 4085
1561 58
2780 1668
3122 4237
1894 3788
602 826
75 197
2007 2676
1560 2730
1212 915
1904 4080
1835 3670
3535 4040
608 1001
332 1992
4120 1030
2405 481
4964 487
4170 3336
3680 4140
1968 1968
1716 3652
94 121
680 1360
1152 2592
2950 2080
3428 4285
2910 1455
3835 3540
3996 1640
1042 4168
3952 988
892 2676
1314 2752
1455 1455
3640 1456
4746 2712
556 2250
179 484
4960 496
4708 856
946 4969
2567 4530
530 1219
2768 4844
2353 4444
2832 1416
2618 2618
1404 3510
234 523
2002 2002
3078 3078
4435 4435
422 3147
196 389
1446 4338
2370 3160
2685 3254
1980 4950
3455 3455
2793 3192
1992 2214
912 2128
879 2344
155 2263
4264 737
239 4063
4710 1570
3770 1508
2073 1700
276 289
1292 2888
1624 1624
1302 4294
920 1380
1555 2799
2649 1766
1916 701
2502 2502
4407 3729
896 4480
2459 4693
3189 3189
1656 2760
4968 3864
927 445
157 247
3836 4795
4485 4186
4493 1575
4024 2515
1939 831
3846 3205
3593 2317
4509 4008
3784 3784
3200 2560
2212 872
1641 2735
3215 1929
4676 1002
3545 1540
42 425
4788 798
908 454
4761 4748
1572 3930
2078 3117
4400 2200
3718 1817
2397 4230
2418 1209
3577 511
1816 2604
4110 1644
3420 2660
4103 1865
1690 1226
265 10
4656 2716
1827 1827
1629 3710
3344 2204
1020 2040
1573 1936
8 3149
2250 1350
1384 2076
2804 4206
886 4656
1584 1584
2724 227
361 4693
3409 4893
248 449
1788 1788
1562 4686
828 4252
1498 4280
3975 4982
4850 970
3697 2665
1092 2184
3927 1122
4368 728
1252 3734
2390 2151
876 4380
4278 3224
3683 4990
93 100
3555 4977
795 795
1771 3636
1648 4120
1785 3315
4301 3162
1655 1173
4368 1456
1532 1532
1736 1736
907 1756
782 3128
2484 4968
3996 999
346 2274
282 455
2480 1120
2828 1616
1202 2999
1626 1084
208 2080
756 540
3096 4328
1378 2067
4500 4750
2028 1352
1937 3950
4437 1479
2109 3515
3078 4104
2689 1660
219 135
3925 2512
2052 3078
1758 1373
1028 1028
2780 1112
255 255
567 1274
982 1964
1074 716
967 1934
4680 4099
1198 3594
4907 2103
1540 2156
522 1055
24 397
4000 2400
4060 3640
1554 91
4975 2985
291 3783
3536 4080
833 4040
3095 3714
650 650
3096 3096
604 192
3576 4023
2052 2052
3384 4230
1341 1099
237 148
1908 1272
885 3186
3583 2333
3264 3264
4415 883
671 4026
2404 3947
3042 1521
4487 2564
904 791
1040 3356
3572 4324
504 2016
1850 185
2250 931
311 432
4927 4548
2088 4176
903 4360
2250 3750
639 2556
1388 4164
68 4086
2808 1872
4760 4420
828 2622
3020 240
3048 4826
4060 4988
4802 2744
4489 1480
67 222
4446 3762
1678 4195
4312 4811
755 1359
2724 2724
786 786
886 483
2688 4032
4800 3040
4209 1098
2698 670
1473 3928
1354 2708
2391 1594
4887 4761
454 411
3144 2358
4188 2094
2290 2356
1228 1842
4667 3949
3136 784
1299 3489
454 454
1855 2650
140 1890
840 2544
4908 3272
2912 2184
881 1762
4500 645
114 216
3810 1524
3064 3830
745 2629
347 4511
2152 2959
2680 1340
3498 4720
3660 3843
2538 564
443 3101
2174 1468
2176 3808
1242 3312
3510 1350
3780 3464
396 167
3552 4440
2502 1251
3239 4205
176 4576
4454 2358
3135 1881
3769 237
725 2900
2804 4907
1593 3009
1857 4209
4260 710
1270 3810
3850 1540
1220 4776
298 347
4278 3565
1926 4173
3888 3765
1252 2817
4304 1076
2745 549
1178 850
4570 3199
4036 1009
4521 822
3384 1503
2086 1788
3688 4610
4704 672
1094 3280
380 281
3916 2937
776 2328
871 237
1520 4180
2523 4205
3024 4464
1271 853
1378 4134
2898 3864
1004 3012
2260 52
2928 4758
3292 2469
651 4340
1971 2728
280 394
3400 3825
3738 2136
3721 1258
3000 4000
4760 3740
831 3324
1914 325
1468 4404
1878 1878
3325 1330
2525 4580
1020 4590
396 3168
3300 1800
4353 158
449 280
3324 2770
587 1174
4805 3107
4464 279
281 2529
4275 3420
363 1096
2618 952
942 4710
1525 4880
1724 1625
2565 513
816 4080
1935 2250
3631 3891
142 376
1460 730
1156 4046
4046 2498
2365 1892
1916 1916
3924 2180
3204 1898
3600 1600
4446 3078
2847 949
1493 3280
4680 936
2776 2082
3192 532
2787 193
52 206
2967 4945
