3676
480 277
4028 1272
3861 702
1940 926
952 544
4545 2727
3892 4726
4648 3698
4768 2086
3302 254
1050 2625
2911 409
2235 4470
930 2325
4978 786
1969 2986
310 397
400 640
1740 580
3006 4607
2313 3855
559 1118
1440 1440
809 555
3020 2265
748 935
1860 3720
361 4359
2816 704
4758 2928
936 936
517 3133
170 330
3276 2457
4776 4179
1408 1092
648 1944
2625 875
1628 4070
4057 2895
1202 4808
4141 1010
2350 4042
4368 2712
2247 3531
4784 1664
1202 3606
792 2653
364 331
3204 801
2904 3872
795 588
2970 1980
3824 4780
798 1596
329 1908
1032 1032
3848 2886
1930 4825
812 411
2733 2733
730 2190
1001 2002
1610 1454
494 73
466 1398
2328 2328
1497 3807
3934 2248
4984 3738
3315 3978
2265 4080
813 1626
1556 1556
1658 2487
2507 4461
4770 795
4173 4173
4116 3773
2344 2179
246 173
3510 4680
3792 4266
3968 39
2225 4450
1956 4564
3144 4192
1371 242
2392 3744
1512 3780
3036 4048
1259 1791
1976 608
3535 2828
4236 706
2749 2387
44 121
3592 3592
2908 4362
297 4960
1182 2955
562 1686
4052 1013
2390 3275
3850 1100
1048 4716
1046 3661
4072 4384
3368 3368
3444 4305
4060 4060
2320 3066
66 259
1228 3377
2002 2926
1965 2134
244 488
1380 2070
4375 3125
1497 3369
2745 2745
330 4620
228 2280
404 1397
4530 453
4085 380
1880 2820
690 527
305 33
3616 4520
1560 4080
4132 4534
1221 4070
933 1866
1812 3322
505 2959
2270 1362
1059 4236
3976 1988
1086 1232
799 3995
4170 3336
849 3396
3269 1258
6 229
3660 915
1210 3630
1204 2037
1326 442
870 2610
1880 3008
4554 451
4084 2042
3969 378
3072 1024
1111 4426
1534 3068
454 2270
4636 1520
4102 4059
17 206
492 1722
2877 3699
4538 1967
3324 1662
1854 3708
2547 3396
2377 1753
3186 708
4524 3770
803 4964
3754 2969
1328 4648
3591 3306
3095 619
4849 964
378 82
2505 3006
3048 2032
799 764
3480 1160
3021 1368
1239 885
3543 1135
2912 2496
1995 2415
4885 2931
635 2925
2220 666
982 1473
3720 3720
4915 4246
298 40
1126 1689
3984 3320
3918 861
3948 987
1435 1148
4088 4380
948 2289
3072 3072
1376 2752
1806 2709
1337 4133
1013 4052
1698 2264
3375 4050
2680 3782
214 283
4092 1023
3080 1760
4058 4408
2353 4887
1032 1032
2928 1464
77 4638
4683 2230
3276 819
963 2889
1605 143
3695 3695
4532 824
2013 2684
686 542
387 112
916 3206
2100 4200
790 4892
3933 1311
4920 2460
441 1323
34 2221
2394 3192
4032 2688
1230 4305
1592 1495
4905 4905
3220 3220
1564 1564
1209 537
178 253
259 259
4600 1840
4956 583
4624 3179
4350 870
2880 3240
339 4522
1164 3492
2646 882
2681 383
4254 3335
3030 2020
3508 877
3636 2727
3992 4775
357 138
878 3512
4988 2236
2490 1635
4312 2695
933 2799
1461 1461
1530 2757
4635 2575
356 712
1176 4704
794 4133
1088 544
1596 532
3204 2136
2547 2838
177 455
1260 420
868 2604
1520 3041
3720 4340
3460 4152
4310 862
4172 1120
2154 2872
4328 2164
3390 3955
21 1252
1043 3129
1040 2600
1815 3993
371 67
397 439
2472 4120
4200 840
448 4384
3780 4200
4411 3208
2352 2352
65 831
1578 526
932 1864
2610 1440
4235 1908
891 891
2778 1852
4380 4088
1006 3285
19 12
1569 4707
4746 4746
2673 1044
684 2736
1940 1746
3660 610
4807 1167
2376 4752
963 4815
4316 2988
4862 3887
4862 2992
2882 4978
232 348
4749 82
103 496
1380 920
1870 4675
1599 4760
844 2532
3905 1562
3858 1929
3368 2597
3983 2276
2874 958
2012 4024
2595 4258
4810 3900
4008 4008
4695 2504
1900 280
91 312
584 2920
2355 3925
1333 808
3228 538
2628 2190
4374 729
1477 4015
3220 1932
1080 4320
2876 719
1145 1233
3219 3219
3540 2655
900 2775
1714 963
49 219
2052 3591
2322 999
1059 4198
1568 2352
1802 2332
1347 1796
3470 342
4581 2545
4472 2752
1962 3597
4181 1311
2772 4312
1034 4136
2526 1684
4503 3135
424 159
2892 3615
1332 1554
2745 1036
333 2664
1086 3982
4945 3956
4131 1943
4180 2376
4524 3588
3339 3233
3085 867
2754 4590
4124 3093
2700 2025
629 2706
483 122
1496 3808
2680 670
610 4090
720 4320
1894 3788
1854 4532
2526 145
3560 1780
4100 1640
4008 2004
1632 3821
948 3476
4571 1306
4698 144
1493 1035
58 206
3704 3704
4644 774
750 2000
4068 2034
4160 3120
1626 2710
1866 1681
2880 4320
1902 2536
3906 2604
2614 3884
608 1824
3444 4879
2400 960
3383 556
401 103
2890 4046
3630 1210
1597 3838
1416 4248
4500 4500
929 929
4546 696
4840 2420
2745 4575
1686 843
4254 4618
929 1858
2885 1731
2968 742
4762 2264
132 133
4536 378
2450 2940
2122 2067
4807 2185
3835 3068
1864 4194
443 1216
3750 3750
1602 4806
928 4176
2614 1232
958 1916
3336 4448
2708 2708
3260 2177
6 19
2316 1544
3681 4090
4472 589
660 1650
4580 4580
2408 301
1729 1468
4632 4246
3438 4966
3680 4600
4044 1114
2364 3152
4644 3096
2848 4272
1718 4911
291 277
828 3933
277 3047
3299 4791
3870 3440
2106 1170
2092 4184
527 2005
2568 2140
790 4740
4581 3563
657 3253
2772 3234
2421 3228
3708 1854
3514 4944
273 133
3227 461
1654 4135
3669 1988
1948 3896
319 638
3510 1872
4541 2101
875 1750
3540 1770
4480 1536
3177 2377
1740 2320
4150 3320
4795 959
4631 3881
54 31
352 704
3472 3521
4080 4476
2520 2520
2548 3822
1180 2655
294 3253
3683 1778
572 2288
2096 2096
4028 2905
848 3392
1840 2760
2451 4085
2908 2592
221 245
4206 4907
2765 790
486 2493
1996 1996
908 908
2730 910
2552 1556
1232 2926
700 2100
2598 2598
2179 4665
2952 1476
2988 3486
2631 4385
456 3106
357 285
3508 877
1562 3124
1032 570
3340 1670
4076 2038
4590 153
759 102
1958 3916
4992 3120
797 4782
1926 978
3640 1456
805 2576
2464 616
1246 2157
229 361
1558 1558
3178 908
530 2880
2331 3885
754 1508
224 4032
2384 4955
285 2850
2366 4732
3522 587
3238 2696
2331 3219
4920 4428
3439 1991
3233 700
443 216
4554 1518
1382 2073
1775 2641
752 3384
2787 929
2672 668
231 4595
583 2332
690 4830
3871 2765
3487 2013
1394 4182
3276 1134
1510 3624
1098 378
407 411
973 973
2625 2625
1163 4580
4350 3480
2826 3768
4097 1205
3097 3541
3584 2304
4773 3096
3470 347
1119 3589
4410 882
3660 4758
4734 3945
3649 3658
499 429
2505 1670
4991 4991
3415 1821
4277 611
2200 550
4464 744
629 733
4116 3528
4064 1016
2124 1416
2969 1107
3495 1398
4430 886
4312 1694
2579 3429
249 273
3872 3872
1014 4056
2101 2382
4750 4750
1625 3575
3980 2388
2066 497
1524 1524
2752 4816
4690 1407
2360 1091
3864 4416
2060 3090
1360 2720
2314 1984
232 64
4228 3020
2901 967
3539 3853
438 1314
2613 4623
3117 4156
2230 892
2286 4572
4979 4213
4585 1310
828 207
1596 3458
2673 4752
2505 835
1400 3984
286 93
2400 960
885 885
3642 456
1356 1808
2900 1885
1248 1248
3371 2540
4885 1954
1068 3204
4939 1347
2372 1502
3752 4690
2526 421
2514 1676
1884 80
111 411
2116 529
1526 763
3834 2421
2214 4428
3740 1320
4060 2436
1109 4725
3912 1956
3640 4368
2275 3640
4719 3396
4458 3715
4108 4740
2405 3848
4563 174
403 100
1004 2008
4084 2042
3244 2557
4968 4968
1176 2548
2508 2508
2726 87
4434 4434
986 2958
3465 198
3886 3462
1014 4563
784 1666
2886 3848
4134 1911
10 195
2865 3438
4920 984
698 1181
4570 2742
16 1712
878 2634
4694 4078
984 1722
2793 1862
4752 4356
372 1166
1920 2976
4830 4830
3390 678
1402 4835
329 214
1872 2808
3916 1424
1818 4475
5000 2000
383 1532
750 4625
3387 3606
2321 3798
2720 1955
4650 3720
1982 3993
3729 1582
3944 3944
285 3420
1920 1689
452 244
1654 2481
2880 2160
611 944
799 3196
1446 2410
1003 1003
4851 655
2748 4122
4450 2225
3275 4585
1851 168
2979 993
3456 3456
1800 1800
2654 1753
173 10
2810 3934
2925 1755
1976 3714
2160 4320
4785 3828
2616 872
825 4042
4504 2815
4032 1260
4425 3245
1845 3597
2895 1158
1408 2464
2391 3985
557 2042
213 374
1278 1704
2208 368
1055 1064
3332 1360
1065 4047
1456 2080
3846 2482
4400 3850
4014 2007
3670 3303
4443 2893
4077 4530
4844 2422
1780 1424
3923 224
162 23
2876 719
1500 4000
2344 1060
2229 2972
1844 3688
2292 4584
4506 4296
3066 4526
2259 2259
1696 1060
713 637
1758 879
2133 2844
1622 2433
927 3741
410 15
2788 1394
2808 2106
2238 3609
807 2152
4855 2913
666 3330
4208 4550
2372 1779
3912 4564
1164 4074
4308 3418
3280 1312
907 4535
838 1676
4792 645
325 300
2136 4628
2562 854
3165 1084
4896 3264
1944 4860
4856 607
2358 2419
2278 4958
4961 902
937 937
1690 4250
553 1659
1038 4152
2040 2550
1907 3409
50 270
898 2694
2553 3404
527 1076
3180 2120
1008 504
4620 2520
154 2808
2856 476
596 3278
3141 4537
2904 4555
4344 2715
3112 3112
4308 718
3784 1909
404 300
3105 4968
721 2163
1554 971
1470 1960
1306 3265
3430 4165
187 2511
1216 4864
4644 1935
1547 3927
4813 4590
4595 1838
1312 2296
3932 983
2903 418
2 5
2133 4977
4746 2373
1580 4623
3936 984
1472 2704
1995 1197
4283 3603
4245 3396
651 651
2604 1764
1003 2635
2439 3523
3475 1251
2050 4920
872 3939
459 215
980 686
1762 3524
2175 1136
3552 2664
3064 1532
1992 4980
2684 2663
4480 4256
2575 4635
4760 3332
1530 4004
3591 1539
2776 3817
510 1530
1393 4414
435 291
2736 4560
3829 4923
1965 1778
1436 4308
1435 4592
1886 4715
145 1200
1714 2571
3928 1964
972 972
3177 1970
617 2468
2751 3668
1939 3878
66 1047
387 328
3615 4338
1930 965
1892 1055
1815 4840
1959 3918
4120 1030
3296 1720
2772 4158
3588 2990
3972 3972
2170 3420
2945 2945
824 3296
3880 1940
2178 4224
210 483
1176 1456
2616 1308
3232 3476
4645 3716
2672 1336
1385 1939
3059 1296
4950 550
526 3945
1962 1962
2312 2874
2994 2994
2072 2072
658 1316
2697 2857
33 204
2072 4662
885 1593
3977 908
1054 2108
4530 1510
3114 1038
2996 2958
881 1762
2265 755
592 1776
2755 461
4334 2561
2354 4280
2745 3477
1707 569
489 148
4602 4602
3220 3220
1143 1599
3890 778
3095 1238
1192 4768
1023 4040
1764 3528
3762 1026
3162 1581
822 1569
2405 1924
2392 1196
2680 670
4918 2838
229 285
1344 1568
2912 2912
2117 313
3604 4505
749 2461
3030 4646
4508 294
1264 4661
4614 2307
4104 3024
4024 1802
429 3432
3335 1334
2054 2054
255 21
364 294
1646 4115
450 900
292 3481
714 2856
291 1649
1632 3264
1488 1542
2525 4040
2169 1687
2956 1478
268 757
1302 3472
2583 2009
3610 1444
3963 209
372 91
4860 972
1700 1360
3293 3054
3856 2892
4850 3395
2700 1035
2814 2533
372 2232
4320 2688
2408 4214
1690 1905
2838 473
1746 1746
3030 2020
2018 1659
5 70
3324 2493
2400 4000
1537 2420
854 3416
712 2848
2002 1092
675 2747
2961 3290
2349 1566
1844 1844
4355 1844
2284 3426
2270 908
717 956
3470 3485
273 111
2520 1440
1528 3056
136 1232
4550 3250
2496 192
1344 2688
1112 2161
2652 884
4923 1094
4515 1260
1012 2241
2296 2870
1820 4760
4734 3156
1969 4224
364 28
1702 1702
2118 2824
2762 3327
3570 714
2800 2000
4495 1798
2969 3073
1974 4606
1800 4275
1364 4092
943 1283
1694 1540
924 2464
3278 4172
1704 1409
87 490
3940 2955
831 831
1370 1756
3248 2320
290 1305
1746 2037
1339 2134
2896 724
2665 2132
4265 2559
2254 2620
1938 969
3252 4878
792 1584
1690 3069
146 144
3232 4848
3324 4986
735 4877
1710 570
3255 2170
4343 3131
3783 2134
3410 3720
1616 4040
3580 716
721 497
4100 3772
4314 2876
1992 4980
831 1341
320 429
2496 3328
1764 2352
2030 1277
646 4522
2144 1072
817 4085
3072 2091
495 495
3372 2810
2445 2445
1384 4885
3110 4976
781 2343
2496 1248
1053 1496
137 43
3195 3195
997 3988
821 4437
1003 2006
3516 1758
3885 4070
3861 1856
4020 1005
420 3920
4979 1532
65 2644
2484 2484
3300 3300
3269 4203
546 1819
5 309
953 2859
4342 3674
999 4804
4732 2028
1834 4585
3575 4225
4210 3589
3616 2712
3051 4068
3111 3111
4729 4971
2975 1275
3600 4320
510 1530
467 1672
291 294
846 2820
2345 2345
1717 1067
2010 3819
1494 3984
792 3432
2885 723
4370 3910
3970 3176
2196 1464
532 2387
4170 695
810 3780
928 928
4659 3841
226 224
506 1518
4386 4386
305 1790
4246 3860
3924 3488
3525 2820
1716 708
2133 2844
2700 3240
4620 1848
1393 277
677 2031
3224 4650
3020 1812
3423 2132
403 320
476 2380
1656 2484
1952 1790
1528 2292
4690 1876
4338 964
2765 824
1784 1784
2556 2556
4172 1788
826 2293
1989 4641
4752 2970
528 3168
2425 3189
151 445
513 4104
2760 2760
2563 4931
1552 776
4212 4914
4540 4540
285 172
3676 919
1544 4632
1689 1689
3316 2287
3472 868
4802 4802
3675 2352
1994 1421
396 85
4740 1896
3660 2928
3617 2420
618 4944
4095 819
876 4380
2046 3368
3252 813
421 4210
3948 196
2804 497
4725 3150
3498 1272
1828 2742
3119 57
396 37
4236 1059
2210 2210
2184 534
1566 4698
2560 3200
3420 2565
2834 1805
1990 4975
2140 4280
1568 4704
2240 4061
753 3765
3312 414
4810 1924
2003 3642
395 58
4522 4522
2256 3102
1332 538
3115 4361
3690 3075
960 960
382 2177
4065 4065
1918 4795
3710 2862
3765 1030
4376 1094
2874 4311
753 753
3415 4728
37 19
1982 4955
698 3839
4479 1784
4176 2088
1262 2524
4995 4995
515 4358
3336 1946
4998 4998
3088 3088
4698 927
2562 1708
2349 3915
2478 4130
1743 3588
136 278
4332 2166
4680 270
3957 4519
2051 2344
2098 4196
3016 1508
579 2527
4284 3213
4974 829
731 3655
4550 3678
942 3768
4204 4204
1000 3600
1716 4753
38 366
1455 3395
1180 2950
2751 4313
2572 1286
1920 3072
71 3479
249 2782
1574 787
1340 3015
1950 4550
4732 2389
3213 1836
4820 1446
3680 4800
2670 2403
56 234
1788 3725
2346 1020
2692 4571
4752 4158
3300 1320
4176 4176
922 4229
708 2832
3375 2700
1484 2438
4454 2350
3848 1924
2331 4662
2382 3970
1103 4971
493 64
2772 924
3808 4760
4127 4753
3072 4096
3724 665
896 4480
1758 4685
2335 3269
4132 3099
1684 4210
2714 3493
4913 2601
1984 992
4228 3171
3103 552
118 213
4475 4475
1072 1608
1448 403
4965 2979
3930 3930
645 1075
1607 3005
1854 4326
670 3350
2184 1820
1474 2504
3652 3652
420 2940
4265 1706
2304 2521
8 442
735 735
242 1210
894 786
2200 275
4110 4932
981 1962
1574 3546
4858 694
993 1986
714 2142
573 3658
3080 3360
4128 2064
2190 4380
2269 659
407 34
4333 4952
1443 1924
4130 704
868 868
1792 1344
695 1390
2829 1286
1844 922
3080 4312
4536 162
1050 788
2904 2904
4692 2346
1164 2910
4599 3271
57 149
748 2992
4224 3840
2031 4826
2868 1434
924 1386
3888 1944
2773 3398
420 1785
4917 1341
1852 2315
119 1854
2253 3755
2136 2670
3990 1596
3497 1991
450 206
759 4554
882 4410
1500 3575
749 1498
2109 4921
4125 4000
2273 261
2282 326
4300 602
4374 729
1293 4139
881 2643
1000 4000
2745 3660
4180 4404
367 328
4472 2704
1302 2170
4479 4903
4345 4345
2505 835
871 3484
513 4512
4773 4902
2692 2019
2172 2172
4681 3266
2048 3072
1676 4190
1452 3630
2210 2531
8 377
1728 2880
2442 4477
4394 971
346 4498
3690 4100
2136 3738
4010 2071
4548 4548
1632 4896
3537 1179
4005 2765
2766 3688
2463 4926
3230 1292
1276 2626
127 491
1221 4917
4115 823
3738 1691
3592 4490
4088 3066
1911 2548
3993 3193
1063 3189
2241 4482
2472 1854
1450 4180
2695 3773
658 2632
3774 3774
2595 1332
216 396
4068 678
1041 694
1056 2266
3280 3280
4082 1884
3575 2310
4964 1733
1070 2140
2839 3006
464 1856
4318 3525
3657 4770
3732 4354
2880 1440
4053 1924
415 26
2985 4776
3822 4602
3419 4977
376 2256
1026 513
4935 1365
806 930
1158 2702
614 4298
532 798
745 1314
2732 3415
3075 4100
1926 2889
2988 1353
454 423
2292 2674
963 642
2419 628
273 546
4650 4650
1866 622
2446 560
3960 4400
1722 3444
3498 954
2971 1523
1246 2492
1046 3138
668 1336
4340 3831
78 343
4915 983
3612 3010
3355 4936
1888 2832
932 2563
608 3952
4482 4668
342 4104
1128 1692
1020 2040
2972 4462
4711 3365
418 3344
2232 744
2157 3438
197 68
4784 3640
2364 591
597 2866
2952 246
3318 474
1964 4910
2944 1637
3556 1778
767 767
1722 3444
2738 370
4240 3710
716 2864
1548 2322
4261 1891
100 92
2964 2223
1556 4668
1964 4551
1832 2748
3976 568
1550 1550
4494 240
1476 4264
2700 3000
1542 4112
1730 1090
4076 1019
4899 2769
4356 4356
2662 1189
253 100
3244 4055
3704 926
3508 4174
1785 1530
4823 4459
4872 4872
3985 908
4005 1424
4935 4653
2048 2048
1939 2226
3519 1173
2262 2262
4939 3143
4460 1490
372 189
930 4185
1782 1020
4694 2113
1659 4266
933 3421
2156 4508
3825 2951
3198 1066
2807 2005
173 4844
3743 501
3128 4692
2172 3620
1900 475
4666 4249
475 225
4060 116
1826 1826
2258 4615
4579 3615
4304 3766
1055 3165
305 1029
1010 3030
1600 1400
3772 2829
2163 2456
3861 4719
946 946
2180 4360
2002 1393
284 236
4205 1682
2216 2216
410 3890
3945 3682
1374 1832
2730 3900
214 124
2840 1136
4988 3268
300 1680
2558 3349
3534 4650
4100 3075
495 330
1797 1740
320 300
720 240
2622 1748
355 2615
3240 540
4826 2032
1650 2475
82 2636
3048 508
1788 2682
2472 3708
3165 1788
4928 704
900 1800
4386 1530
1690 2438
64 130
1014 2028
4176 4872
2998 3130
930 1395
3868 2901
3890 1945
3349 4504
2095 1257
816 2448
862 2586
980 4390
1864 932
4777 562
2517 2517
1371 2282
180 300
2106 3510
2724 4540
3866 4527
2870 861
400 1200
4953 1905
789 1950
600 3000
2483 1528
1623 1082
251 1890
4575 4575
3640 3360
4326 3090
4668 1962
69 469
3824 2868
2933 838
2905 2809
1880 4700
1368 3078
598 2691
189 4589
2436 1218
2765 1106
3633 3114
4874 140
2088 3741
612 3264
2991 2991
3980 822
47 98
3036 2024
1528 2483
4117 1074
632 1896
4972 4664
1972 493
3778 1515
1526 1526
3108 1776
3528 2646
1673 2164
2575 515
647 647
2595 865
2433 2801
408 75
4096 768
2088 3132
3743 2042
845 4225
3123 1041
1851 3702
672 1854
832 4576
4855 3884
3260 2608
4851 2093
2006 2006
994 4970
1196 276
1878 3613
15 186
2006 2006
1752 4380
779 3665
1791 4179
835 2505
4488 1496
4864 2910
4005 2670
3290 3948
2529 843
3059 4374
3997 1713
4355 3484
2821 1209
2273 1591
66 219
1757 1506
1866 4665
2343 356
4671 519
4209 2379
3570 1785
2792 4142
4878 4878
1566 2349
460 3680
4080 665
4326 1442
461 3688
880 4400
2346 4786
148 71
1176 3136
2850 2850
867 4783
2517 839
2316 1544
3556 889
2862 1250
4884 924
876 3504
1719 573
137 3908
3376 2532
3120 3900
2420 660
2954 1212
481 370
3355 610
1915 1149
2019 1870
2682 4917
2700 2700
2130 3195
3577 1448
1852 4630
3436 3436
4795 2877
433 950
3128 4301
2786 796
4048 4048
4841 2729
365 183
4518 3012
3505 1402
4279 1333
1884 2512
1474 2144
4884 888
2809 2839
1015 1015
434 868
4950 1980
3561 2041
3445 1378
804 2814
2145 1430
4282 4322
337 308
4508 3220
3594 2396
2976 4763
2940 3570
1470 735
4970 2698
3351 3367
2472 3296
3138 2092
801 267
2829 3302
4875 975
3962 4528
4950 4400
4352 1863
496 82
4428 4428
4096 4096
4153 3183
2910 970
2260 2260
3960 2574
1280 4253
1792 1280
3780 945
2945 2356
2644 4888
698 3839
3988 2991
1017 4068
63 4070
292 394
3454 4396
897 2093
63 205
3537 3537
3456 4320
677 3385
1594 4877
1776 4736
3808 4284
2880 2640
2827 4147
1150 1610
768 1536
2015 2340
3522 2928
112 104
837 837
1944 2916
4373 72
1365 1560
4082 3768
4956 1416
3909 1455
3052 4360
4505 901
3808 952
643 1984
4760 3808
4805 1085
3928 1964
2461 4389
123 190
4417 1893
2268 2322
4659 2390
2510 3012
230 1380
4148 3111
3207 4288
2469 823
3610 3610
4410 1260
2322 190
4568 4568
1260 1008
940 1880
2662 1938
389 380
1572 1965
650 1300
1343 2507
1892 2838
2570 3341
4632 2316
4325 978
2020 1010
462 2310
4130 2360
627 3731
1640 2870
1356 4294
4048 2208
2824 4800
322 314
768 3840
440 1320
364 2668
823 4115
1645 4606
1816 4540
3689 2691
3073 3951
998 1996
1004 3514
2943 1956
2876 2157
3724 2793
3102 4136
1369 1978
367 254
3900 1950
1362 2043
4679 907
4370 230
3604 3816
2322 774
3265 3103
1770 1770
2952 3936
4752 4356
4127 2287
632 1264
3488 4360
1035 4140
363 2834
22 358
1080 990
4512 4136
3652 332
3342 2785
1827 1305
3006 1002
4249 1075
3150 4410
2142 714
4476 4103
4085 4137
1518 2530
521 2084
1005 4020
1413 3629
43 183
3450 1500
3025 4675
4914 3604
982 2946
877 1754
1428 2261
3862 4966
3773 4851
4025 4025
4344 3258
894 2264
4176 3132
488 3172
2610 3480
361 4984
253 493
789 3945
3384 2538
2553 97
2448 3060
4445 1905
3087 3430
1346 2747
1050 2625
703 2812
4746 2486
1337 3848
3990 798
2720 4760
408 1224
1834 3561
215 468
2922 3896
3262 3728
4579 3674
4984 4984
4935 2115
1404 1404
4722 853
2043 4086
945 945
2133 2133
885 3748
4256 3458
3016 3016
1530 3060
3297 3770
20 105
392 1568
663 1326
3363 3558
2440 671
1922 1922
2280 2850
2320 4361
988 2470
3703 2898
2873 1326
1599 2475
4617 2052
3768 1884
2596 649
3060 1172
357 473
1830 4270
1666 833
1986 482
3825 425
4728 4531
2920 2628
553 2065
3060 3672
3488 1090
2954 4220
286 2688
950 950
866 4330
4511 2082
2824 2977
316 313
2400 4320
694 4858
3534 4130
1770 4248
897 1794
4907 4907
4977 2745
3367 3367
3174 4761
2968 3180
4960 703
2808 2808
1068 3738
4392 3111
1078 2196
471 471
954 3816
4098 2049
604 3855
4704 2352
599 599
2288 1144
4799 764
4950 2750
4425 885
570 3420
3585 794
4784 1840
4560 4712
3069 3348
386 1960
15 482
3592 2694
1044 1566
4497 1243
2937 3916
364 4004
1680 2520
3252 4673
2607 474
2424 3636
3456 1728
3661 3315
1528 764
2688 4992
4776 597
1766 232
292 160
4411 4411
760 3040
2196 4095
3120 3120
876 2628
2300 3680
1198 1431
994 3408
4115 4115
4564 1304
3058 4376
670 4020
2040 4080
3392 530
161 2151
169 46
298 4768
2841 4735
3193 4190
4230 470
2946 3928
4700 4935
4130 1775
167 2171
3180 3180
230 3910
881 1809
959 959
1120 2240
1498 1498
4281 2878
277 414
262 1703
3072 3072
4009 3863
462 4928
2108 4216
3066 4088
1035 1937
4389 3003
945 945
1856 928
3307 865
2625 2625
4708 1712
4332 4693
489 1733
467 97
1820 910
4730 1892
2304 2724
2772 1386
4427 1165
702 4914
3931 2719
494 494
2520 1008
2590 2960
2513 901
1845 1845
1574 1574
1039 1039
1736 1286
324 141
1031 3093
1658 2487
2568 235
1512 672
2856 714
2760 2040
1925 4640
4940 1196
4602 2124
1134 567
4268 4769
3124 781
3896 2922
2742 4570
1899 1549
366 257
624 4992
1856 928
3794 184
4824 4824
1890 4410
1846 3692
2627 3808
712 712
4539 3204
3924 2943
2296 3566
2421 807
4330 3464
2580 2064
1003 886
485 122
3795 4554
3760 376
4810 1370
1708 4270
2624 1968
1716 4004
1886 1206
1712 1712
4718 3370
2712 2712
4337 658
4640 1856
1990 3980
3604 2703
2010 1596
72 489
3177 4236
345 4140
2682 4168
768 3840
1437 4311
3464 4330
2053 3857
4998 2142
2475 3150
3085 2468
3161 4522
461 3688
4960 1984
2051 293
1037 4247
25 428
626 3130
2736 76
1969 2048
2952 2214
4132 2066
2536 1902
2021 951
917 2751
294 2646
1910 955
3115 2137
4048 4554
2836 4963
4212 3276
3482 2857
199 408
996 4980
3116 3116
4416 3761
2895 579
751 1502
720 960
3654 3599
376 470
3808 3808
2290 2748
1612 4678
3612 3612
3402 2349
888 2664
1385 687
160 88
2592 3564
4690 938
864 2717
1048 4978
4575 2850
1022 1533
2098 4153
783 3132
2883 2883
2340 3276
4346 1566
1914 1914
3706 436
4515 2709
1920 1965
415 83
1808 4068
2049 683
471 1111
2125 850
2742 1828
1968 3936
2613 1490
1620 2700
1448 4344
3810 1524
3085 2590
1440 4640
918 4590
1470 3528
2588 1111
198 357
683 4781
3100 1550
4714 4422
3354 258
3075 2050
3564 3564
404 1844
4963 3545
637 4459
3595 2876
3985 4663
4130 2478
2856 1428
909 1818
406 2100
157 179
2295 3825
2728 1705
2468 356
4755 4755
3785 2271
2696 4718
1402 2208
4926 1642
3895 1558
4188 4188
2945 4209
933 1866
2580 1290
1720 1720
4075 4560
199 456
4800 1600
1021 3063
4020 4969
696 696
2792 4188
1968 820
1425 4684
3144 1048
788 3152
632 2528
1307 182
742 742
3822 1764
2790 4030
453 3508
331 336
1180 2832
3570 1020
4201 1624
4708 4066
4367 1985
1648 4532
4789 889
3280 2624
440 2200
2750 1750
3059 903
1120 3360
3540 3540
2324 2324
1166 3777
189 338
4680 2880
4896 1088
3205 854
3941 4504
3920 3136
2226 2226
868 2868
1914 1914
3705 3705
1356 1356
2980 2561
2895 579
1116 4278
3075 2050
3280 349
462 339
1738 2607
3339 2862
1316 4178
512 4096
2014 3021
2535 4225
4345 2788
1668 834
1896 1896
2076 4152
630 1574
4380 4380
1626 3252
4760 3570
709 1835
70 359
2864 1432
4760 4760
693 4211
4576 1664
2245 3592
1452 1210
3188 4237
1336 2672
2814 3255
4632 4246
1867 1394
4610 922
4074 2037
1536 3840
3327 4673
378 501
2796 3728
880 4400
969 4278
2805 1683
2838 946
4176 1856
456 241
2070 552
4256 1995
4914 4368
3356 995
3157 902
2338 3674
4012 4012
899 2647
380 173
1940 485
4816 4214
4196 1568
3480 4060
2808 4680
151 1661
1826 742
3219 1110
946 129
3020 3020
2160 888
2088 2784
1022 1022
1349 3550
162 749
82 189
1371 3656
1134 3780
4991 2910
4095 4550
1658 3316
4836 1209
1769 4303
1404 2808
2704 4732
4064 3048
4375 1182
771 3084
282 564
3132 4176
4176 1872
430 130
4011 2292
3916 979
3981 4100
1990 1990
3069 2790
4464 279
4491 621
3665 733
4333 4333
883 4415
4225 1012
1982 991
572 1430
399 3325
4623 543
32 270
4344 4344
4865 4865
538 3420
3200 4800
3660 610
4606 3290
960 2040
4998 4704
4536 1296
4518 3012
4454 2120
3652 1826
2665 4797
3135 2299
4924 500
487 313
4650 2325
3249 2166
162 1343
3112 4668
1830 610
2588 647
4215 2326
384 768
875 875
3129 3129
2025 4224
495 2970
2592 4320
3416 2135
1502 1970
362 49
2036 3054
1630 2445
1781 1425
2144 4958
651 3038
1222 611
245 507
960 960
1030 2060
2673 1782
3731 4456
3348 3348
953 2859
1176 1960
4681 3184
240 108
675 4275
2485 1775
282 1817
1946 1946
4092 2728
1872 1008
2441 1578
715 4147
678 4068
1698 4811
1923 4732
978 4890
1872 1872
2826 2826
3899 4632
349 74
2507 2725
2094 1047
1083 1951
83 2075
1782 3564
1764 2940
1592 1882
3916 2848
3484 4824
762 2286
2594 3419
4475 4475
1522 761
2736 1368
2232 1965
21 439
3600 1575
2277 759
449 1978
774 2322
2994 2994
2254 3542
2113 451
2020 2020
1344 3360
3584 4480
115 2
3596 4495
2097 699
3488 4360
1740 1199
429 77
4688 4688
2460 1640
2126 2445
4818 4380
3841 1771
2048 2048
1116 4084
1054 3162
3288 2192
1734 3468
4740 4364
1602 3204
1405 843
2476 4333
3431 1756
353 302
4235 847
3225 3870
3983 4810
2674 382
3199 1828
3179 4114
3087 1815
650 1300
2180 3052
348 4524
4918 3508
933 622
4416 3680
3894 4543
1100 3694
409 499
2559 2559
2649 3532
1576 1483
3436 4295
1058 4232
1752 4672
3785 2957
475 2850
1316 3948
4746 791
1358 4636
2343 3905
4545 303
4972 678
2665 1737
167 449
1904 1088
4425 2655
4140 4387
2548 2744
4828 2840
3058 4726
1153 547
753 4518
4319 3702
4194 4893
3292 4148
3780 630
1406 2109
905 4525
1375 3456
409 301
2013 4697
3300 4400
2632 4611
3666 3948
2872 3590
4488 1870
2926 4892
647 2588
3710 1060
1608 4824
3228 98
1770 1180
1018 4072
1661 2718
4039 3982
248 51
2172 3620
2859 953
34 2173
1525 3050
4135 2481
2171 1169
4759 3593
4576 3146
1874 3748
3634 316
1035 4548
623 3115
2716 2716
3530 1412
254 2713
153 125
3408 568
3810 1905
4559 2770
3020 2265
4950 2200
3300 2200
16 2501
4040 4848
1584 3762
1680 1050
2738 2542
1296 2754
4950 2970
292 2336
878 1182
42 123
1764 4410
4155 3324
1092 4794
2120 3392
5000 3000
3648 1368
636 4124
2268 2592
3057 4076
2580 3225
1758 1438
3850 3960
4915 1966
1127 1610
3982 2336
164 327
1292 3944
2520 1008
1628 1871
1766 3532
3174 1058
4900 2940
3804 687
1950 3510
2625 2275
2051 4981
709 866
1068 4094
4437 4930
147 4704
4490 3173
180 380
3905 4686
2766 4610
4686 2882
2926 3344
3141 4537
4926 821
736 346
1565 3130
808 1212
2805 4818
4062 2645
4708 2247
3824 3824
1966 4915
1421 4069
142 94
2436 3045
2100 2100
1189 4603
3366 4284
4661 3658
2094 698
1955 639
4104 2736
4428 3690
4640 2320
749 1010
1396 1396
4525 3620
2847 949
689 4117
467 415
3094 4420
834 834
1301 641
41 287
2880 960
4564 1956
1213 4667
3848 4144
2635 1581
2565 1995
2392 1028
3668 1572
997 4985
4266 4266
3085 285
402 11
2430 3780
4188 2094
1367 3040
2313 771
801 801
852 852
4847 3558
4152 2768
4855 971
1203 4010
1405 461
1384 4152
1450 4350
2530 2783
1731 3996
273 459
2794 254
2385 4770
2865 4295
3388 1050
4350 4350
3486 4980
3550 3232
4635 1854
714 3570
1284 3852
4024 3295
1984 4464
3346 478
2574 1782
1500 2323
11 374
2604 4340
4437 1972
3896 1886
1168 3504
2608 1304
783 3132
3569 1104
2856 952
4290 1560
2983 2512
3455 3395
3087 3087
1818 606
4018 4592
2145 4995
185 263
583 2332
4215 2248
4752 511
4039 2308
3900 3120
4438 2536
271 1007
4968 1242
4675 1275
3663 4329
868 4473
229 2061
2264 4245
680 4760
3523 3600
295 446
2680 2010
2216 2770
83 547
3072 2048
712 4628
2338 3674
694 2686
1026 1539
1144 2860
1876 3484
4746 936
3828 2871
4768 596
1826 3652
1747 2169
322 82
1658 4145
525 4725
1564 811
1785 4760
2370 395
2608 3749
2001 3477
624 2080
4800 2400
2176 1088
1772 4989
3100 3875
3610 2527
3980 4975
4909 3270
105 358
1001 4004
2874 4790
3996 3266
1829 354
430 860
1822 4555
4690 3270
1518 1518
410 4510
1940 3880
4862 4105
2088 3480
2628 657
4554 3036
1919 1721
247 239
2337 3895
976 976
3888 2071
1047 3490
1714 1714
2520 2520
1653 1940
2527 2888
2405 1850
760 152
416 4976
540 4320
2628 1971
3240 4320
3211 3136
324 26
2052 3420
691 3455
2381 3183
2136 2848
540 540
4228 3171
1107 2896
3190 3190
1755 351
702 3510
1642 2518
2781 2781
2121 707
943 943
4127 2720
150 242
490 3430
3728 932
416 1636
4830 4025
2412 2412
1983 3305
2492 3815
900 750
4432 3878
4312 4312
2451 518
3632 4540
2750 3875
2121 1414
4287 3613
248 410
4303 993
1238 619
2633 1866
1958 3916
3036 1012
2248 1124
1769 2755
4086 3405
2856 2688
2852 1426
3355 2568
3702 2468
2595 4671
950 1995
2411 955
500 395
1010 2020
3835 1534
48 1344
3315 4641
4040 4040
3016 3016
2540 3954
3472 3038
2308 1731
3212 1606
2224 835
1962 2943
3575 2860
2576 3680
4845 4190
85 334
2240 3520
1520 2698
111 1881
4132 3099
2997 999
3624 2718
1964 2841
3332 196
1002 2004
3275 2620
4640 3860
4382 3756
1312 1312
4896 2448
4703 551
69 147
4752 4224
3132 1827
502 2100
1218 2338
1713 2284
3580 3580
3702 1791
1544 772
4872 3248
857 4285
1050 764
4767 3405
438 4380
533 1599
2121 2053
265 33
832 4992
2697 1798
418 3866
198 3465
1060 2756
3982 2534
719 4423
3996 1332
4512 2632
4495 2697
2405 3527
3822 2646
2540 1016
2910 1164
2030 818
433 64
1404 4212
1536 4608
1353 541
3179 1309
4620 2772
4180 1980
1981 2342
2827 4112
3893 2519
2070 4830
2296 2886
3035 4249
1617 2646
3915 1575
3173 936
290 187
3080 1232
3570 840
3094 1816
3835 1534
3036 1265
600 840
4500 2281
3378 2815
4832 2416
3544 2658
4629 1844
4883 3341
4032 1008
3540 3540
543 2514
390 480
860 1720
3480 4640
884 1838
3848 1776
466 2097
4665 3732
3346 4931
4560 2736
1062 4779
794 1985
2984 4823
2304 4608
3375 1350
3126 2084
3490 1078
357 66
2060 3605
4620 3960
1565 1900
748 748
1980 3960
3420 2160
2552 1709
4362 4362
3688 922
2928 976
1659 1972
3342 1671
4842 4035
730 4745
4182 1532
243 129
2848 4450
2420 4114
646 1596
3168 1408
3052 3815
866 866
4279 958
3828 3828
3480 4680
1016 3048
1748 1139
857 1714
3682 1052
4942 3530
2033 3969
73 292
1067 4268
559 2236
4347 840
1300 325
3633 519
4968 828
561 2926
1568 1960
976 4880
4355 3484
3018 3869
3180 4452
586 1758
842 3368
2479 2863
149 6
1875 4125
975 4875
77 3771
2097 2796
2232 4464
2720 3808
3272 3398
987 1974
603 2412
3776 1888
1147 825
3496 3036
1648 4944
4164 3123
3739 4012
130 475
3934 2810
624 4758
3423 4063
2230 1338
3000 1500
3942 876
1646 1203
4797 2583
1863 3519
936 3744
1916 4925
1929 3858
924 2904
191 2483
128 1936
148 89
4608 2304
2682 2682
3267 3265
1224 4284
2076 3114
2736 3192
3473 3311
4605 2763
1884 2826
4415 1766
1322 2646
3024 3024
3111 4148
288 1296
3750 693
372 7
832 4992
1048 2096
700 1384
1702 4255
2405 481
4102 3809
1734 4440
4620 2156
3437 3928
744 1488
1729 304
387 774
4149 2766
3728 2796
1061 3432
237 360
2412 4422
3876 1292
767 1554
4268 3880
3605 1442
3652 2739
2716 1653
4290 3003
2008 1004
1635 654
4147 1481
3780 4536
1520 1140
564 1128
4409 2229
279 47
3312 1656
2990 1794
4871 4868
1892 946
4650 465
3450 575
2339 1780
4429 1854
1515 1212
768 3840
1104 2423
1060 1908
462 4620
3885 2220
80 3325
249 417
2160 1440
667 1334
2015 2403
1377 2754
747 2739
1269 1692
1617 2656
526 4734
2250 2925
4370 3496
2636 3560
4148 2806
4626 1542
565 1130
3826 1063
397 359
1608 4020
4040 1010
3890 1013
2920 4380
2400 2400
2871 4785
2793 708
1452 2178
3741 3311
4829 3951
2403 3274
1332 4440
2139 1426
4620 660
40 3446
317 346
4590 3060
3624 4530
2781 1201
4500 1800
2928 732
1212 3030
3284 1538
3816 424
906 2718
3700 740
1547 2026
4318 1270
1578 2630
1652 2478
717 3167
35 178
2382 794
812 4060
1897 2002
2735 547
900 450
3100 620
2626 2376
2096 4061
4832 3624
2144 3752
2982 3033
2577 3436
1040 520
2744 2352
417 762
160 313
2890 3468
3018 3521
984 3627
3438 2292
2152 538
1715 4116
1994 1279
4986 3878
2127 3545
4608 4096
3129 2966
2188 2735
567 4347
1952 1952
136 1165
311 337
4043 4043
2772 3696
1691 1983
2717 1463
4470 1788
2460 2460
4020 196
1608 3216
2457 819
4195 3356
120 2935
981 4905
4928 3808
3540 1416
516 4043
148 117
2385 1908
3692 1988
2692 1199
1064 4256
1728 1728
4740 4740
4868 4364
4923 4376
1936 2904
4785 1914
837 3331
1992 3486
4180 4180
1694 1694
2373 729
198 146
3444 861
478 478
795 4849
1770 4956
4112 4112
3588 2760
13 4392
2120 3180
1797 1198
1556 3890
774 4632
644 1288
2516 2516
4290 2340
2353 2966
61 93
1246 712
4470 894
4781 1026
2510 4518
3252 3252
3231 2154
2271 2705
3321 984
649 1947
1156 2312
3802 1433
3828 3828
3540 4425
4132 2066
3673 4377
49 252
3990 3990
543 1629
4967 1058
3828 3828
3075 1025
947 947
614 2547
4656 1164
4897 2158
1900 1520
1965 2211
1512 756
1603 1145
1824 1824
1547 653
267 159
2735 1641
2160 2520
3912 2323
3900 3250
1659 3871
4284 630
2659 482
989 2967
2718 906
4984 4984
2020 3663
1929 3215
3960 4312
3399 4017
3179 952
430 362
941 1882
1896 3792
3009 3905
850 3400
3124 1562
4544 3195
3494 4813
728 2548
2890 4335
4460 1784
4063 970
3800 2350
3510 702
3842 1356
4571 119
398 332
3267 3564
4472 4214
555 3242
4758 4026
672 1848
4743 1054
1451 1948
1370 4110
1010 4040
3780 756
1288 893
2730 1638
4116 4116
960 3120
1999 2071
420 271
213 4899
3852 3852
837 3957
3416 1708
147 882
4692 3312
2128 531
1844 922
3477 1830
3128 3680
4463 2873
3276 3510
2184 1008
4020 1876
1320 183
123 438
3048 4064
1075 2150
3863 4244
4752 880
921 1842
1684 1684
181 733
1566 3132
3720 870
4655 931
1618 525
3692 4615
1584 3168
3176 2779
3876 602
325 141
886 2658
4325 2595
538 1954
1420 3550
1989 3978
4424 1896
4744 1800
1435 1085
2814 4690
3126 3126
3384 1717
1364 1116
1708 244
1526 1962
3478 2485
450 142
3456 2880
2156 2618
2643 3370
2748 3664
4305 1353
3759 3222
4524 3679
1854 3090
2052 1368
648 2268
1011 2461
2828 1414
2332 848
294 4410
3186 116
428 461
2460 4920
715 1430
1845 3364
4992 1872
4389 1596
4360 3488
610 2065
3064 766
1271 3286
707 4242
2579 2398
4103 2238
3480 3480
1042 4168
2117 513
262 35
978 3423
794 3970
1722 3002
3876 2261
2367 3945
3776 2124
2266 2509
3786 4417
4505 2915
3456 2880
4378 2839
1965 4585
3773 4802
3540 295
4400 1571
438 266
4858 2429
3496 1748
1650 2747
3654 3654
903 1204
2931 1954
4981 2161
1287 693
4620 1848
3720 2170
4776 4447
2688 1024
1734 867
3476 1738
634 3102
88 311
2865 1719
1264 1896
552 1164
919 919
918 918
1636 4908
457 126
3656 4570
1760 1760
2891 4543
1290 571
2580 4515
4230 4230
1755 1755
4693 1155
258 284
1302 3906
3726 3105
2317 1567
3774 1110
430 1290
1122 4158
2070 2494
958 958
3736 934
2754 2754
3112 2701
641 641
4872 4176
1112 4448
2980 4174
186 293
4524 4524
3200 3840
4953 4729
1924 888
3912 978
3738 1246
1276 3857
474 2844
1988 3266
468 2340
1005 4284
2244 4488
3264 2040
2840 1420
3854 1597
116 363
4040 4040
3515 4218
1712 3766
2096 1048
1863 414
1278 1491
3280 138
2320 1392
3748 3748
1920 4160
2569 4573
4025 4025
3655 3010
4158 770
2904 1289
202 271
2067 1378
3553 1938
1267 1041
2512 4396
2636 1977
1372 4116
3353 2976
3825 3400
989 4945
1972 3451
856 1850
3888 3888
634 2536
4810 3367
496 2071
92 264
4788 570
615 4920
2958 4427
404 404
2772 4620
3332 476
2363 4358
792 1980
4095 4368
1770 3540
4113 186
4008 1336
4094 3382
1881 2926
2335 1571
154 337
911 3644
4291 2452
3542 2931
1896 3634
2565 4617
3720 2790
4971 2738
868 2604
2513 359
3078 684
2527 904
4185 4185
4147 572
4184 1046
2559 2914
107 320
1752 3504
1315 3156
2184 1927
1602 1246
575 4600
4161 1752
1001 1907
4280 3424
474 948
3612 3612
2119 2135
1842 4605
4240 530
1595 2871
2537 2910
422 358
2070 552
417 1668
2657 2026
3840 3840
3185 4550
2967 1978
1934 1163
4830 1449
711 4977
3328 4472
1139 3518
1830 1830
3376 844
2970 4455
4854 3927
222 171
2224 1112
4144 2072
934 1670
2925 3150
2196 4392
1856 464
3457 1706
4816 1680
986 2465
4770 4240
942 3745
2850 1140
4110 1644
3497 1614
3850 1253
242 182
2316 2316
4092 1023
255 2092
2196 1830
2800 4200
1130 1808
4226 2622
3108 3108
2409 3285
3075 1025
1753 489
3575 715
2610 290
2268 1512
4680 2866
128 12
4147 4147
2992 2618
89 3475
1545 4326
3728 2796
4920 3075
1694 1486
843 1686
1445 1445
2820 470
4099 3312
3096 4128
1960 3920
411 822
3812 994
337 80
472 4720
1228 2456
1738 3326
897 3588
2820 3760
2700 2025
1115 3725
3960 3630
713 713
804 2412
285 3217
