2361
380 180
4018 1722
4312 3136
1037 1316
2352 4872
4500 4500
3006 4008
2288 2665
3845 4614
917 4585
1521 4485
4825 688
838 1257
516 2838
4392 4392
3534 2581
269 216
1672 1672
745 2980
56 3494
986 3944
4445 4445
2900 2900
3869 1664
280 3220
1344 3360
874 874
235 930
4340 2170
4884 814
2860 1716
1424 4233
435 275
2670 2670
955 4775
3308 1631
1092 3744
987 987
1740 870
2262 2425
3003 1617
1728 2592
1806 4902
2904 2022
4484 2360
4072 3054
2652 2652
297 1695
220 184
4704 3528
4104 4104
4258 531
1356 2260
3024 3024
2135 2989
3076 4746
659 659
3756 1878
2268 4536
238 2288
1450 3625
3509 1276
1009 2018
626 2547
468 256
4688 2344
756 2268
2886 2631
3510 4212
920 2760
1000 4000
326 2487
3618 3015
720 3240
981 3924
4556 1894
1009 3027
3845 4614
1716 2574
3323 4638
297 342
2910 4462
3760 4700
1857 4081
4774 341
929 4645
3296 3193
3100 3941
4795 2740
978 2282
3795 2277
3277 1018
4312 1568
4459 343
3647 3126
542 19
122 482
3542 4554
560 2485
920 290
3782 4392
1952 3904
3654 609
2546 2455
4692 4692
1998 555
1799 1028
4438 1811
4336 1084
2296 1968
1046 2615
3861 3398
454 431
2444 2726
2214 3690
4378 3354
3021 1007
2544 1272
3122 2230
1465 1823
2646 2940
366 4758
3108 1554
2375 2854
740 1295
4472 4816
1540 3388
805 2730
91 117
4705 3764
4695 3756
3036 541
2700 600
4590 1020
840 3010
3099 3461
2936 2202
3404 3772
4104 684
690 4878
1666 833
1048 2096
2750 3190
530 3899
111 460
3042 4394
2114 453
2550 333
4730 2838
4128 2752
3630 1980
2270 3094
1272 2332
722 1444
1140 1824
795 372
3805 3805
768 1536
1820 1820
4960 2775
288 294
1034 94
4851 2079
3106 1406
4823 2756
131 393
1084 4336
4441 140
1440 3240
3164 2373
973 3892
4801 3502
4635 927
2910 3880
3165 4220
3767 1027
279 397
4624 2992
1788 4172
894 3048
3548 1774
1540 220
2700 1050
3376 3257
877 877
3252 4878
2764 2764
222 624
3500 3500
4669 161
2769 4615
3867 1074
43 381
1500 750
1705 1364
502 139
3952 988
3220 1932
3196 1088
3930 2761
2840 1704
2944 2208
456 2394
3811 3457
3624 4530
835 1670
3354 2322
222 2649
126 38
1386 495
1024 3072
348 1950
4194 4893
4780 1434
3200 1920
782 2070
404 4646
4776 1592
2552 4466
2629 3093
1893 3155
825 4950
651 1302
4291 1555
251 459
4620 2772
1896 4424
2939 3139
1007 3021
1578 4997
4410 3822
4646 2446
4923 1094
2092 3138
4608 4464
500 2223
2090 1710
4830 3864
2784 348
3348 2000
117 91
614 1842
4122 4122
1120 425
4378 398
3768 2826
756 4500
544 3013
978 978
1950 4875
3018 1006
3925 403
1832 1145
4344 4887
515 515
525 4202
373 318
3894 3245
932 4660
2870 4051
1964 2946
4696 1761
4040 2020
4027 1533
3530 2118
2820 2350
3955 4746
452 2921
4908 4908
3575 4290
933 933
1378 1397
246 342
843 843
4344 3258
4593 3593
1848 2772
1281 3843
3700 4440
3494 4637
591 2561
1719 4393
2670 3738
953 1852
2888 4332
2048 1024
4438 3170
4049 1047
69 74
4915 2949
3744 2496
4998 2370
4480 2688
458 3206
2706 4686
3780 1147
3924 4360
4627 661
3689 1581
3795 2477
3872 1936
1156 2312
2154 718
4025 2282
235 150
1324 662
4316 1826
1206 1340
3628 4535
2793 4655
4122 2290
3027 3956
4182 2788
2286 762
2012 3521
4589 2466
687 3435
2740 822
4460 1338
1823 988
235 34
1146 1146
3480 2900
1867 4032
1875 3500
4088 2044
890 3560
1672 2495
2704 1352
1935 4257
3512 2634
1021 4732
3636 3636
4806 3204
255 3315
1962 3544
282 319
4685 937
2088 4176
3836 3839
3660 610
640 480
4676 334
306 2139
3006 2004
1700 4148
2264 4528
4249 788
1980 3960
1732 1732
2860 4290
370 4025
250 394
2835 2835
4437 4930
3949 3980
901 2703
4263 4872
210 3780
3888 1530
581 2905
1078 2310
1851 2468
2483 414
3080 924
3111 2013
1316 2632
3077 1187
486 87
2483 2674
2514 1676
2544 3005
2475 3300
3393 1131
891 3564
3504 1034
3178 3178
1140 380
487 2922
3800 3883
2220 3330
1464 4392
1890 1890
795 1520
12 411
4776 597
2548 1456
3871 2916
2800 4480
3117 1039
3360 1920
4041 1545
3845 1538
840 1344
965 2895
891 318
3189 3189
4606 2632
4752 2376
649 396
196 427
3745 4280
1635 545
567 551
2772 2772
4035 4842
1007 4028
4626 3650
3276 936
3600 2880
3696 4224
241 1343
4824 1809
1176 1960
2247 1926
2975 1281
108 476
3256 4588
355 2485
292 4210
1822 3644
3970 794
4735 947
1884 831
750 4500
1816 4994
2893 1052
1305 218
780 2340
547 2188
784 3332
3684 1970
343 242
1700 1700
2589 4315
4820 3861
843 1967
2808 2592
4935 2585
2048 4098
3912 3260
770 4950
1830 732
4798 14
4000 1000
4165 3332
200 3200
3436 776
205 106
2088 3480
1948 1461
2513 2172
478 478
4770 3710
2598 4330
122 4087
1395 279
4260 568
2580 3870
1517 2261
2838 3784
3990 3724
4080 1440
3395 1801
109 334
2247 2996
4245 3679
3034 251
2182 2182
1556 1556
3590 3590
619 379
2275 4900
3728 3728
1848 2288
2531 3879
2755 4959
4674 369
4190 838
3088 2893
164 106
2895 579
4365 1746
435 1436
2930 586
2811 2811
4500 2000
1860 4066
1006 4024
2022 1011
3620 2896
455 1263
1650 1650
4785 330
1940 4656
4820 4904
398 334
3375 2625
4518 1255
1147 1470
1920 1152
4420 2720
3760 940
4779 3734
3140 3925
4779 2124
2568 3210
3586 643
4895 4895
4960 1984
901 901
3018 779
44 294
1672 836
961 4805
1842 2041
1641 1094
888 3552
4650 2790
4114 4302
984 492
609 4263
1124 3372
881 1284
970 1940
1138 3983
1054 2108
1121 2124
241 47
472 236
3129 1043
1553 1144
4315 3452
1041 1041
1000 3000
3164 2942
1393 995
2556 852
3412 3412
565 4477
1971 3942
781 4686
3264 576
213 2421
84 101
4560 1520
633 633
102 1652
4320 3840
2814 1407
709 4963
1810 655
761 2283
4835 967
4392 396
2420 1532
3960 4752
3960 990
3591 1596
3865 4370
90 25
2282 652
4319 617
3683 2194
2834 3052
2192 3836
3444 4920
4594 1209
4845 2907
1872 1872
930 1860
1060 3051
3600 4800
1490 2235
2004 3340
2027 773
465 15
1650 4950
1268 3804
2657 2287
2596 1298
4125 3300
3850 2310
2612 2961
2460 4100
3815 2180
2856 4760
1638 99
4579 1446
2268 3024
3858 643
106 765
214 496
753 2761
1848 3696
2354 1761
3060 2550
1401 3269
615 2460
4994 2268
611 2444
1384 1384
4440 4440
2848 2517
1794 2691
2286 1524
2772 4620
1551 3597
113 37
609 1218
3718 1352
4830 1274
1574 3148
4942 2824
3261 2174
1900 677
4960 1860
576 2880
4420 2652
906 3593
624 1872
4403 1887
3726 1242
3082 3971
134 170
2316 2316
2805 2805
2045 3971
4420 2080
424 3816
1035 3795
780 1336
4608 2304
1956 489
654 4578
614 3572
1948 2922
71 2130
3164 3955
1893 1491
416 113
4184 4707
4186 2990
2257 3831
2775 3145
2900 2320
2082 694
664 4355
3964 1982
1632 816
627 3591
914 2419
4800 3360
1017 1017
1655 2648
2231 166
342 360
2720 4420
1596 665
4322 1634
4706 1448
210 4410
1780 4450
2614 62
4216 3162
4584 2865
1098 1098
2873 1822
4584 1146
2790 930
3021 4028
270 4952
169 398
1050 3150
4048 4048
4872 4209
2704 3952
1468 2202
801 4806
3218 2993
3120 4160
4860 324
1275 255
4801 4507
1924 2405
3685 2948
2490 4150
955 1898
395 74
4200 4200
2560 2880
3191 3649
975 4875
2118 1059
4316 2158
171 3994
2052 4788
1656 3864
4942 706
4626 472
986 3451
4248 2655
2592 4320
2591 4601
359 310
1803 4207
318 2544
2264 15
2520 4032
1100 500
3740 4420
448 4538
2080 1040
809 809
3939 1212
2715 2325
985 394
647 3882
1002 334
1332 4617
364 147
2214 4428
1497 2495
2728 1527
2480 3720
2769 3692
4792 1797
1093 2902
994 1988
1389 4630
1124 2248
529 4740
3264 544
1007 2014
3004 3004
346 225
236 499
3720 1860
3416 1708
43 614
152 3040
3352 4190
651 4557
1475 3618
2968 4452
3685 2948
2076 1038
4665 2771
2702 1158
3175 381
204 3468
2395 838
249 192
2812 3959
4060 4060
793 1802
3164 2373
2391 3188
2220 888
2183 4037
3470 4164
1812 1208
3248 3712
785 2620
3985 1594
2256 4982
2051 2637
3863 4093
434 62
4806 534
1708 1708
4873 4103
3428 1714
2320 3248
2685 3580
1685 1441
1048 2096
3210 3852
1732 1732
2616 3610
952 2924
3444 2583
2982 4970
1732 3593
458 62
1120 1120
3162 2108
4694 4981
4104 2160
3122 4460
1768 3978
3709 2587
1560 2340
3468 2244
1608 2412
4527 1479
2954 3798
3856 964
1788 4917
4188 2345
385 329
2997 1998
2403 3204
1660 3237
2577 859
3672 1836
948 948
4567 2573
4626 2313
4686 4686
3123 1041
4353 342
1611 4117
1716 1716
1836 612
2198 1007
218 322
2700 2700
4880 3904
4474 2171
4419 982
560 1512
4600 3680
928 466
3070 4298
4475 895
2196 3294
1771 2795
2664 1776
1530 3825
4840 3872
243 1147
384 336
990 990
3336 2502
24 2667
759 3036
4096 512
2502 4587
3506 4611
4332 722
1792 4704
448 1568
1127 2338
384 2432
832 3328
2742 2742
4388 3214
166 198
2355 471
1264 1264
2821 2357
508 1524
2022 674
1047 4188
2708 3968
3384 1692
1944 4212
4185 930
3154 1843
1210 3630
2915 1060
3160 1185
1204 3647
52 198
4995 4995
4900 350
1739 2757
224 3360
1230 4305
1724 2586
1077 448
2940 700
2232 744
4160 2288
789 2148
3542 4669
614 3684
2806 4880
1211 2711
20 458
4542 1514
4272 534
3442 1914
4137 1773
4040 3030
3968 2976
677 3454
2721 1814
1827 3654
1662 3324
4779 2315
1620 2835
3876 3876
4404 4404
475 2018
286 117
2892 1928
2755 4959
386 750
2648 331
4194 4893
918 1938
4662 1917
4056 1352
560 1456
2070 3105
1574 2240
1584 3696
2305 2305
1062 4779
1380 3939
103 252
968 968
2970 3069
984 582
3196 3384
1672 2470
4824 4824
531 2947
1830 2196
2157 4314
2643 881
2666 2760
288 3168
674 4718
4068 3390
4155 1961
359 8
4020 2010
4212 2808
1429 3386
4896 3264
1656 3864
3672 2040
1028 2377
4488 2346
3244 2433
2670 4450
2521 3090
1956 489
1868 1868
2230 4460
2445 3098
25 203
1456 4004
1024 3072
2847 2006
2692 4711
4264 2624
3328 3744
1169 3322
1010 1010
4404 2936
4464 2728
4386 4765
2400 1440
3424 1712
2892 723
2420 3324
21 180
1632 408
2584 1292
1181 1739
3087 4116
1967 843
3117 4156
4213 3011
2685 3580
2184 1820
588 3381
3357 2602
415 4980
1518 4048
2075 3403
884 1289
195 372
4984 2848
3376 1688
166 914
4185 837
2748 916
2088 4698
4829 808
279 279
624 3744
4976 2488
2302 1514
1938 2907
4088 1596
2541 847
376 726
444 286
776 3880
4739 1354
634 3632
1344 4928
3717 1197
4160 1040
972 4399
1506 4518
1242 4968
615 1230
17 3426
1320 1320
2220 4440
1132 283
1507 4156
300 322
751 751
3960 1320
4986 1211
2820 3290
3900 1950
4640 1740
4027 218
2376 792
4966 1528
3393 1508
1426 4359
3852 856
1928 1928
3250 1950
2900 3128
434 451
3920 1680
1260 1560
1658 1884
4851 3762
4221 1809
2442 1776
3229 3063
1748 2185
3716 929
1202 601
1320 251
4695 3756
1974 3948
4321 2831
4218 1732
29 104
2790 930
4598 3872
4594 1342
4188 3141
526 4208
1575 2450
658 4333
2856 714
1674 2790
1804 2706
1493 4857
1262 1893
297 4158
2394 1710
4094 2646
75 180
1647 4941
4851 2079
1335 1797
1731 4616
2691 4446
3588 3588
2308 4549
1518 1012
2448 4080
2821 3094
2412 3960
2856 4998
1778 3556
3524 2643
370 2649
131 349
2835 2268
4650 3720
3937 3609
367 1468
3692 3692
1012 3036
188 215
3870 774
902 1804
3560 2670
1194 4555
1017 2034
1260 3420
2280 2660
178 1113
372 271
3840 3840
2442 407
2048 2741
3710 4505
3200 200
3051 2712
371 2279
1384 3806
1554 3885
4228 3020
4440 4474
2817 939
1450 1450
4959 2958
711 1595
173 464
3640 2340
4320 4680
4069 317
916 4580
1714 4285
4520 1582
3152 1630
1405 281
883 4415
4968 621
1912 1504
3714 619
3366 1870
4890 1956
2530 4150
178 422
1998 3663
724 3620
4244 461
4025 4025
3736 1868
3410 4960
2955 4116
806 3224
3429 889
1505 2150
2058 4174
2604 3255
1341 894
1848 1540
456 1309
45 217
249 3237
1008 840
494 3524
4056 3042
1044 3654
298 2086
587 951
4300 3440
1464 3172
3436 3436
3911 1839
3374 2892
1452 4840
3875 775
917 1158
226 490
4860 2916
3393 4901
994 2272
906 302
3240 2268
3680 3680
2317 1125
2060 4326
4764 4764
2496 2912
3384 1123
2560 4608
3135 3135
1734 867
169 1770
153 42
1476 2460
3368 842
72 2339
3750 5000
3450 1104
281 1124
4599 4905
2175 4350
1924 1924
3983 2845
1796 4439
4263 812
3000 4400
4820 3374
4719 2247
499 279
1364 4774
2744 2352
4244 2941
3816 1908
1653 3857
325 4875
2169 759
4470 745
912 1596
590 1180
3939 3287
3040 4256
841 2523
1060 1060
2368 1428
363 469
4674 4182
1796 3592
1596 1779
3445 3180
1245 2490
2202 4404
1242 2521
3970 3970
944 4720
4928 616
1111 3604
3904 976
694 4164
1334 2668
3706 1401
96 82
2178 2178
1352 1352
3998 4945
1968 2706
1466 2199
1896 1422
3608 3576
2688 1792
3330 555
3815 4905
4090 187
3605 1442
1130 2825
1039 1039
3168 266
333 157
4218 4551
647 2588
3972 4884
2655 531
2994 3992
2444 611
1378 3944
4560 2040
1568 2352
1962 3597
1731 531
2370 4740
1386 630
2068 4653
2500 4941
231 443
3653 2248
2730 1950
242 2667
4784 2944
3864 3174
291 2231
2637 2959
4065 4065
1076 4842
1644 2192
3409 3813
4074 1455
3228 4842
1040 4160
4403 9
25 212
2430 3645
637 637
4087 515
4302 1434
3558 1186
3684 4605
1592 1404
1190 4998
2030 1015
1581 3689
4837 4058
4356 1188
2601 4335
4122 2061
201 3315
324 197
636 4452
1212 4545
2974 3169
3552 3552
718 1436
2454 1636
2585 1152
2145 3003
2400 2400
1807 3475
4586 2470
2128 3192
1642 4105
4824 536
2252 2957
477 337
2286 3048
1053 4212
3021 573
3315 2730
4040 4040
2349 3132
1467 2620
2619 3492
2110 2954
3575 2860
2697 4866
1080 1440
2821 2387
4550 4290
290 210
262 407
2412 3216
3822 2301
1024 58
2268 4536
1284 428
1670 2505
720 4719
4712 4712
4228 3171
4284 1904
3259 1437
1521 3549
4320 3600
3770 4524
3236 3857
349 13
2409 3212
4536 2592
99 2635
3545 4254
3924 2616
909 4545
1615 79
1802 1802
2775 2220
312 2184
3922 3593
4640 3016
976 1952
1960 3430
4695 1653
356 5
2799 4665
4744 2965
2353 1213
1748 2622
4110 3425
4860 1620
3270 1508
740 2590
1918 959
3140 2355
2920 979
3627 3627
3404 4255
3540 2832
3179 1564
397 283
3220 1932
1530 4680
3976 2199
3180 3180
1860 2790
3175 2540
3494 3863
4260 4828
1492 2984
3969 3087
2905 4722
1466 2199
2484 4140
1314 1971
4273 1219
36 43
522 522
4140 1656
4376 3937
3652 913
2745 1830
340 1020
2270 3743
3263 753
4395 4395
4380 876
1882 3903
4305 861
3164 2373
2032 4064
3393 2774
188 155
3732 1866
4815 2889
4001 2047
365 511
4319 1851
4896 1904
3981 3521
3820 4966
1101 2202
4806 3738
2976 4047
3990 4845
2860 2090
1430 3575
683 3950
425 404
2036 3563
1814 2721
2897 2062
1312 2624
4000 2400
583 1749
2797 125
3060 2550
910 4550
4208 2630
1016 788
1980 495
1812 2718
4284 612
4941 1971
170 351
760 760
1868 934
1763 1490
921 1842
1486 2972
3731 2002
1275 4983
840 840
4515 4515
4488 1496
3944 2090
3348 1488
3751 4092
341 2387
3130 183
484 205
1655 4634
3544 3101
62 3291
3132 4176
4135 827
4710 2826
4466 939
2780 695
4590 675
3619 1034
2373 2481
652 4564
4158 4158
4255 851
63 687
158 81
3936 3280
2500 2500
3751 2376
3240 4968
484 4719
3484 3484
4902 2096
2716 1552
1191 4764
1664 4992
1951 1807
3235 3235
3328 416
4788 3990
1931 274
107 19
3905 1562
3770 2262
3764 1136
4446 2964
2164 2164
1830 1830
2641 2178
909 909
967 967
846 846
2491 2465
2373 791
4070 2368
2970 2700
810 3250
404 367
3710 1484
2994 998
2355 2317
2670 1335
693 2079
1838 4595
526 1375
4743 1054
2480 3255
3970 794
4734 4677
3174 2645
2148 4296
4410 4830
2116 3477
45 435
2892 723
1908 2226
1593 807
4536 3240
2100 2800
474 3792
1960 1875
952 4998
4128 4644
2328 2716
3351 1275
2255 2706
984 3936
3852 1926
1756 2564
141 413
3476 869
2044 511
3799 4856
1119 1865
3708 2781
714 4284
542 4020
3117 3117
420 2940
4344 4887
1627 94
984 3444
4848 2020
1962 654
4462 3766
5 445
883 3532
3126 1042
141 270
3592 898
1352 676
1576 4728
1482 636
2780 3336
3495 1398
3980 995
4166 3516
1912 1912
3400 4760
4035 3228
2081 4708
59 104
3164 3164
3470 1388
3557 3729
3033 3370
1728 2592
2391 1594
520 3871
1328 4980
2304 4608
4080 3060
4266 2788
4807 2090
4602 767
2652 1326
4218 2526
59 19
2601 3468
3248 464
1783 1127
964 1928
2646 1764
1820 4550
299 11
3055 4465
3774 1887
4697 2013
4102 1259
1866 4976
1848 3773
2696 2696
4612 2133
239 323
4572 2032
3620 2534
789 3633
2575 3605
454 3859
734 1101
4993 2515
2874 2874
4992 2496
4155 831
2434 2582
691 691
2463 4105
1308 1308
3585 4127
420 363
3600 4500
1438 2876
106 1314
3932 983
2350 3760
2280 3288
691 4714
711 711
3735 747
4285 1714
2608 1076
2868 4302
3056 1528
625 4375
2400 1410
228 126
2505 4175
4960 2232
1080 4205
4248 3304
3190 4930
2116 3174
2829 2954
4820 1446
1182 4728
4640 928
1421 747
868 2604
2154 1077
4890 489
3489 2725
209 422
2484 3780
2976 2976
560 882
621 3105
2330 4194
3000 2250
2495 2954
4806 4806
1796 1796
2420 1210
4045 632
1980 1764
1842 3377
977 1954
1023 290
207 473
3668 524
4848 303
732 1221
642 1926
4914 3510
2412 1340
4877 388
2151 4302
3685 3685
2097 4194
2064 3253
3536 884
1645 3619
1364 4588
2469 4651
457 171
4123 868
286 1716
2686 4383
2095 3352
3528 1764
3772 4756
2620 92
1660 4980
844 2532
3523 3252
3838 3244
1510 2416
2709 3483
479 3353
777 3879
452 282
3660 4758
4670 2802
1351 4489
2684 244
4233 2905
375 2125
638 4213
2322 3870
474 2844
1630 1630
4292 3041
4460 2676
2508 228
3930 786
3868 1372
411 40
1840 2760
2454 3272
4248 1300
2844 3318
1220 1830
3059 3933
14 3973
2250 450
4176 1044
3600 4800
1689 889
521 1042
1848 2464
2935 587
2751 1547
362 347
1256 2512
995 398
2360 3692
2895 579
1878 1878
652 1304
2204 3687
2595 2595
4284 2448
1516 3411
4181 4901
3748 3748
2172 2172
3020 4530
3965 2828
198 403
3196 3196
245 1225
767 4113
4011 2292
432 4968
2004 1336
3208 2705
2952 1476
3744 1872
3492 1746
3064 4963
4500 1500
3104 4656
3330 3330
2937 739
30 46
2610 1740
816 4896
3642 38
4807 1045
2493 831
3940 1970
143 1917
3211 1976
903 4128
3015 3819
433 98
2358 1572
4200 4200
4620 4620
2937 311
70 480
1691 1780
2988 4980
2648 891
3135 3135
1696 1272
977 1954
397 2516
3069 2046
4800 1824
589 1767
597 4293
4545 2727
3312 4968
3888 3888
3821 4023
444 114
3231 3590
840 4480
2490 2100
2318 3538
3816 2968
920 184
3781 625
4797 3690
4800 480
376 4888
3595 2179
2533 149
3890 1167
3244 811
4610 3346
496 477
728 3640
960 1920
559 1634
2709 1806
1212 4848
4124 1031
3999 548
4869 1082
2580 1075
2620 524
4276 852
1925 1155
276 4899
3900 900
2617 449
155 269
1077 3590
4128 2752
4908 970
4732 364
3444 4305
500 2125
1360 423
1420 1420
4695 4695
1491 497
4905 3694
4040 3232
471 1884
4438 1585
628 2145
45 10
4746 2373
2828 1414
4364 626
4200 925
3120 3900
2764 1382
4205 3913
786 786
4212 4536
4136 2585
463 3138
3894 1416
670 3350
839 4195
131 1854
215 119
647 3882
2764 691
4809 2546
2976 1984
3952 2964
2723 1556
1186 2275
1704 2556
2688 4480
2079 3465
3794 1603
3020 3775
3230 4370
2715 4525
1337 184
268 307
4000 2125
4515 2451
1093 181
918 3672
924 4368
2199 733
707 3416
4774 434
4809 4122
2604 1736
1472 2669
3996 1998
4032 4284
3024 1008
2719 1603
183 146
2065 413
3040 2432
1804 478
4800 4800
1614 807
448 448
1646 3176
4635 927
3143 4939
1855 371
949 385
1092 1092
1106 2765
2400 3720
2777 445
249 443
2250 4500
2079 1386
1452 976
2340 1950
3162 1302
2805 935
4141 3094
4925 1970
4972 4972
926 1852
4570 4257
4356 2904
549 2745
760 2660
625 2218
204 274
1374 2061
2372 2965
3958 804
898 898
3990 1330
2860 715
601 4145
1904 3332
3555 2133
2772 616
3614 640
286 1716
4716 3537
262 524
3666 1196
21 47
3222 1969
2530 4830
266 3564
2514 3352
4116 1715
4994 4540
1196 682
525 350
3904 2440
3990 798
3146 1411
984 984
486 2835
3700 740
1492 2316
496 156
3552 1776
931 3724
3718 737
4032 1008
3717 1239
4360 4360
2466 4540
4110 411
1473 491
3940 3940
3995 2340
1419 1892
4810 2960
2036 1018
1956 852
342 326
838 838
4602 4248
173 279
256 768
3128 952
2934 489
4645 4709
1974 1974
2796 4893
2868 4302
4061 4326
1998 2997
458 1832
3000 5000
10 2623
79 138
3177 3177
972 3402
1973 4417
2872 1795
3808 4760
3550 2485
2053 3461
1288 552
484 3872
2982 1988
2958 4750
4899 2967
3819 2948
2685 895
4145 3402
365 250
4920 3075
3180 1060
2447 3276
4015 4015
4194 4893
4886 4886
94 3150
3380 4056
364 1456
3708 1854
2241 730
2240 840
4864 4484
3051 2034
4109 4251
192 221
3528 4410
3474 2895
1818 3973
2048 2048
1091 4364
4901 3016
1638 3065
4726 278
1947 1298
4680 520
2219 1193
2830 2264
1150 230
2811 2811
1451 4483
263 91
3790 4927
3535 2020
1687 2208
2208 828
2660 4256
3824 956
4210 1736
4576 3328
4650 2325
2328 4074
1977 4179
4664 176
4444 606
4728 1773
1510 2297
78 30
3880 4656
4544 3976
33 1133
2928 1342
4932 4110
3564 198
2524 1612
2631 877
2775 3450
3244 4866
4357 738
4886 4886
1788 4321
4335 3468
3735 135
402 451
3376 2532
3395 3395
4404 237
2500 3125
3576 3576
1404 4680
2104 2862
2178 3267
4872 4060
1220 4270
1059 623
2736 2736
4710 3925
2277 3289
2580 4669
377 341
2776 2776
4600 2760
897 2631
578 1156
2880 180
3498 4081
2765 2132
4455 2673
1040 1040
3091 4215
1517 3144
2262 4524
3152 3546
1725 2300
2585 523
72 474
1791 4776
4064 2032
911 91
1032 4128
2436 2436
2300 4600
407 2633
4950 2750
3952 3952
3545 3545
1173 1227
1552 1164
2190 2920
2043 2724
2776 4805
231 72
679 679
1734 867
4694 3040
3510 1404
4272 356
652 652
3833 246
1154 577
4335 3570
2330 3262
723 2606
3234 4851
4539 2937
3685 737
1599 2920
189 247
4992 4992
940 1880
2800 2245
1732 3464
3024 2016
1728 4320
2045 2616
4062 3385
4960 4340
204 2652
4408 2880
4645 1858
3212 4015
1946 1112
2751 4177
278 479
1030 3605
4184 1046
1621 4266
1564 3128
1776 3552
2583 4059
665 3016
2168 1355
813 4878
953 2859
2016 4934
917 1834
4851 1386
560 2800
283 3450
480 478
2151 2868
744 1488
2100 3114
2984 2984
2288 1456
4056 4992
3152 2065
2552 2204
2880 4320
772 3088
1099 4737
1866 4976
3500 3500
3740 2992
3439 484
292 191
512 4864
914 4570
2919 1582
4035 4035
4350 1305
4312 1760
4562 2448
1632 544
3521 2515
2156 1078
2955 4800
1518 3795
4745 1825
4608 3584
3059 3506
430 392
2048 1536
3748 2811
1085 2301
2016 1008
4896 4080
3525 2397
2516 655
4875 2625
4588 3100
2604 2604
2163 192
685 1370
2996 4280
4025 4025
2406 1435
493 240
529 2645
702 4212
1632 971
3130 1252
1270 762
1092 546
1229 428
4960 3100
4081 3498
4216 2108
3474 3827
4355 4020
3108 4218
1940 3880
732 2655
383 401
1143 1143
4060 580
2060 525
1082 4328
3044 3805
4665 1866
2391 4020
4020 4422
4520 2712
952 2380
1674 4209
2140 3745
4676 4676
4314 3595
3767 1101
153 427
2172 3620
1440 1920
3112 3726
775 1550
728 1456
2625 3675
593 3723
2100 4725
3990 931
2735 4376
3028 1162
3105 2070
3948 4606
1536 1024
3199 1082
225 56
440 660
1435 2296
2947 3088
2390 3824
821 4105
1932 966
2666 1679
943 4715
1328 3984
2036 1018
3382 958
3964 991
4554 3542
3618 4824
927 1332
102 137
2965 1186
4736 3552
449 2460
3435 2977
2580 774
1004 1004
2275 996
4160 1664
4000 5000
2072 4662
2221 3921
1890 3990
3211 1235
2484 4140
2994 2864
279 340
3992 3992
2648 1324
526 493
4708 4280
3388 4312
3562 2740
97 721
2466 2603
388 3880
4860 2916
3172 2308
1890 1890
2616 2180
4599 2044
2552 2706
427 14
3078 3078
2292 3820
3339 173
1158 2316
2840 2130
1340 3350
1837 1900
4704 2646
4785 2871
986 1972
954 3065
4675 3825
1053 3159
4185 1674
1315 892
213 233
756 4158
1422 4266
2395 2961
4613 1318
2110 3165
2928 366
2349 1427
1004 3012
2562 2562
1240 2480
4821 3724
4977 2844
4235 4114
4960 2728
3891 646
228 116
3081 3081
2002 4004
1005 3154
4823 3445
744 4216
4459 3822
4901 2533
974 3896
756 4914
1070 3210
4742 490
1794 4485
680 2040
1150 2300
928 3110
193 454
4606 4606
1716 1092
1031 811
3344 4180
4598 2090
4610 922
2840 1172
2790 4495
2765 3555
3232 3232
2839 1438
1620 3402
1164 4074
4920 2952
1723 2408
56 186
3872 3872
1988 1988
1717 338
2420 3630
3245 4543
3528 2646
2119 2380
4609 2933
