2854
361 28
430 3440
1850 4440
2222 1401
4944 2472
850 850
4536 3024
424 2640
2853 4755
4851 441
980 4620
2369 2894
4354 4976
921 307
1527 2036
1587 4161
337 48
1834 1048
4590 2295
3334 1609
702 2106
4266 4266
941 4705
2939 3131
3490 2792
3400 4760
4216 3162
3649 4737
2352 4704
3339 2226
659 3295
2408 362
377 413
1770 590
4670 934
1482 2205
2960 740
4070 4810
4010 2406
1227 4745
2640 3520
2064 4128
392 4508
311 4642
2384 3874
3357 746
570 1500
4956 491
456 132
951 3804
2874 958
3361 3504
2856 2856
2271 757
4676 1336
3259 990
4683 2676
1592 796
2706 3608
1959 2940
1146 382
3252 3252
4600 575
1064 2572
221 409
3416 4880
4199 969
4399 4568
2604 868
300 1400
1309 1122
3009 4970
392 392
2190 876
3480 3480
1784 1759
3816 3816
708 1593
3084 771
487 2121
279 262
1974 1974
4476 746
4857 4338
1659 1659
2312 4046
3648 3952
2786 2613
4752 3828
206 3914
3700 1850
2961 907
3168 528
4040 4848
2904 2088
1466 3975
118 74
2673 3564
1260 1890
2481 140
3976 497
2370 1422
3375 3375
1318 1604
613 2452
4715 943
1131 4147
558 4443
309 4944
2104 526
410 3485
94 2943
336 11
4180 190
4448 556
2020 657
1230 4674
4710 4239
2420 4235
1748 3655
4760 1785
3136 3136
2940 980
4732 3584
876 2628
2880 960
929 929
4829 624
417 118
2649 2649
580 1160
2323 1860
3103 642
759 759
2660 2660
4884 2584
4248 3717
3236 4854
1776 3108
1896 2166
993 2979
3300 1100
4991 4347
1929 1295
60 52
494 2964
2970 3915
832 3633
1984 3968
3996 1480
1596 3192
485 916
791 1582
4308 3590
290 580
4926 242
4740 2844
616 1848
3339 954
1869 4827
480 407
4266 2133
2232 1116
4128 1960
775 2325
4416 2112
1820 2730
1251 1537
916 3664
1851 3085
2695 4900
1626 2348
4626 3855
2868 956
1947 3186
3871 326
194 372
3180 4770
1664 4992
2904 2516
3024 4032
590 4130
4728 1576
4712 2377
3905 4686
1384 4152
3510 1755
2624 1348
2520 1080
3560 4450
4320 4480
4866 3795
182 255
2100 1750
1230 1353
221 3425
3096 1032
1497 4491
851 3404
3528 2016
1084 3252
3015 1005
3944 3944
841 3321
3465 4158
4921 1036
3184 1592
879 4602
483 460
911 4555
1768 1547
4549 4408
4272 3560
3140 1099
1896 2844
1532 1677
1306 1959
3980 796
2145 3575
3876 3474
433 1299
4862 2873
1302 3038
4815 1849
150 455
903 1806
2832 4248
590 3885
2220 444
947 947
759 3036
3320 1663
1638 3276
4521 2466
3160 2370
4130 4928
4680 3960
3368 1684
2382 3176
1155 371
463 6
1510 755
2148 4296
1401 147
3072 2048
4072 1018
4965 2979
3565 2245
3680 1380
564 4230
1092 1092
3096 1009
1802 4505
1190 2380
1964 2455
4045 4111
34 501
2562 1708
4690 3430
2582 3258
1226 2452
1524 2286
2443 1047
3262 2830
2721 4535
4700 4700
872 872
1157 310
2200 4180
3696 3927
1650 1650
4581 537
382 227
3176 4764
2230 1561
1287 4885
729 1458
3150 3780
1642 4926
4865 1078
586 586
2652 2652
2274 2274
1010 3757
3918 1306
1820 364
3069 4092
1560 4046
496 372
3856 1928
1284 3424
453 2432
4137 1182
4671 173
2394 798
378 3314
3240 4320
3808 4760
2010 3819
1101 2314
910 4550
2040 3060
2970 2376
150 509
474 313
3092 4638
4370 2622
615 4943
1408 3712
4340 3472
2016 1008
275 4169
1900 3800
4760 4165
2616 1308
4181 3111
3864 4416
2752 2752
1809 603
2648 2245
4 136
1052 2104
1826 913
2229 4994
4905 2725
4555 2733
3216 1608
308 3520
837 4185
2196 3660
2849 4070
867 2560
2016 4704
4095 2457
3760 4512
1468 4282
85 16
1872 624
3680 1280
1952 4252
3912 1304
669 3345
140 3920
996 2508
786 393
1545 2781
1212 4848
821 2838
3225 645
2205 3465
962 2886
4485 1058
369 206
3800 1900
2706 2706
4612 2990
1755 585
4407 4407
572 2860
3697 2108
3556 1778
4585 917
4340 1860
1644 4342
1950 4875
3725 2980
4248 2360
1355 389
95 87
3400 3400
785 3925
4685 4374
3792 2054
1424 2848
2100 3120
3008 2783
1728 4032
868 4340
3536 3094
2111 3157
2160 4320
4268 1067
2457 2916
2556 4694
189 257
1374 3435
3528 3969
3552 4415
4185 3348
943 3772
3870 3096
244 3607
870 522
2415 3220
884 3536
262 1703
2760 2208
3240 1944
3780 1680
1935 1458
394 390
1796 4939
3465 4158
3756 1418
4680 2496
1030 3090
4230 2820
1406 2260
4554 3861
4088 2044
721 721
3932 4862
2408 2408
3942 2190
2772 3465
2342 4828
450 133
3615 3615
1395 930
2095 1719
2175 725
2712 4068
4605 3991
1176 4656
3374 3856
896 3712
887 1774
394 47
4970 3976
1010 3030
3792 4740
1232 4170
56 382
3913 3913
646 3876
3884 4286
4744 1779
1137 2653
4015 1606
2643 987
1704 568
2832 1888
1887 999
2047 1806
2320 640
3439 2715
2436 3654
3467 4843
407 94
539 1617
3250 650
3246 120
3870 3870
4921 2812
206 1442
716 2738
4280 4280
2364 3152
4806 1068
4030 4830
1800 2160
1894 947
1360 4760
3751 1275
436 37
4980 2988
4137 2955
2055 3186
686 1715
2895 965
1815 605
4784 1229
2850 2280
417 2919
4704 588
3412 202
2030 2436
797 3985
2724 3405
1745 2189
475 473
2775 925
3804 3804
604 77
2856 3927
4155 3324
1240 1488
1168 223
4716 1965
1820 2730
939 1878
1609 393
2091 2788
3384 2256
3924 872
2743 70
356 126
3680 4416
4808 4207
3360 85
2771 2445
1492 746
4584 4584
1611 1672
3641 993
641 4487
4114 374
594 4480
4773 3741
2142 2142
1233 3699
2507 31
16 463
1110 555
3577 3577
39 2540
1170 4680
4488 4964
3708 618
2086 1508
4598 2420
2844 1264
2979 993
1764 4477
1896 2528
2885 4616
3696 1386
486 3551
70 203
1934 1934
2412 2010
1446 2810
842 2526
830 830
4032 3584
3003 1562
3032 3790
1344 672
1772 3101
4643 1913
3296 1648
4080 3400
3810 3175
3911 1954
75 79
4210 2526
4557 2205
4462 2687
131 3537
444 2886
3147 2098
4412 4469
2836 3545
913 4565
1542 2570
117 4262
3462 1731
538 2152
2490 2490
3285 4240
442 41
927 3708
3078 513
3656 2227
3060 4080
4725 4725
4686 3124
2439 4826
1992 4980
1959 3918
734 4404
4107 293
3096 1548
2926 4256
2516 592
4184 714
222 390
836 836
1348 2359
4152 2260
4102 1758
835 1670
3825 2295
3872 4906
1095 4380
1218 1914
4480 3136
431 4535
965 965
4716 786
3895 779
4581 63
267 5
351 3510
3606 1803
4722 821
2176 1632
3738 4984
1818 909
2248 2715
2947 3368
3534 1178
4464 4608
4831 2224
1575 4050
3820 3820
2706 4059
1037 4093
54 80
709 4254
1676 838
2188 3987
1116 3348
3445 4770
3042 3549
1676 3763
1930 2895
4941 2196
4160 4160
3601 4915
2202 2936
4408 2204
4615 2769
1812 2970
145 21
3111 3111
892 4460
416 3356
701 2804
698 2094
1674 3162
3173 4682
3216 1608
4928 4928
2232 1488
2784 2620
2002 3465
2056 2313
4560 4275
416 3582
322 60
1792 896
2921 2286
3081 4990
2880 2016
198 297
2735 4923
283 2944
1698 3396
2860 2431
4529 3882
4323 2268
4176 2088
1272 2544
4440 4329
40 4136
138 161
2490 3486
334 1670
3778 4545
272 2176
1162 1162
4060 4060
1023 1827
1968 2460
3850 4004
3776 2832
4454 487
1060 636
4284 714
3584 1792
4002 4923
332 459
4452 2968
4959 3393
2097 885
1032 4472
2907 2736
1924 2886
492 1045
2424 4848
1110 2220
2670 890
2895 865
893 3572
4188 698
1947 3245
1035 4131
16 275
1812 3624
3252 2439
4792 3689
360 3330
3468 3468
2185 4370
4654 1183
2200 3200
3122 3122
3073 4390
2161 143
2670 1335
4570 3199
2793 1862
911 3379
439 445
2619 1455
1884 2512
857 315
3810 1270
3546 1182
944 944
2086 3988
3588 3588
1048 4716
1594 4782
623 1342
1380 4830
2718 1812
1252 3130
4311 1338
238 227
3576 4172
510 2125
1216 4888
1220 3416
2600 3120
994 2982
2243 1809
4928 616
1435 2009
1896 3476
3806 3395
4842 4842
3102 4512
1608 2412
1405 2333
341 153
3568 3122
154 3850
2531 1539
4206 2103
4092 2508
3074 4823
2684 2707
2910 4850
2744 4802
2597 1113
3002 535
1244 4976
4140 4830
1035 621
498 1500
380 24
1832 4122
1714 1714
181 4110
190 380
2361 787
4085 3225
4126 3618
4806 1602
1674 4185
2197 2535
3710 612
3388 4356
3084 771
1016 3048
1386 3589
223 366
4854 3236
1413 785
2015 4856
2274 4548
4986 1662
3066 3066
3634 3040
2964 4446
4872 2436
3519 1173
4781 2037
3300 2420
1343 2844
2050 1230
3549 2266
89 183
1494 2241
3150 3255
1137 4672
951 3487
1554 4662
3955 4520
50 2233
3774 3774
804 4824
2920 3650
2637 1748
2163 1442
1689 4504
170 4590
990 241
429 162
1035 207
4527 3018
3422 667
4466 1914
318 2014
4760 2040
2063 3810
1449 4830
4466 2030
4880 2440
2119 3549
2592 2592
3129 2682
1221 2849
905 1092
443 177
1674 837
3780 720
1981 819
968 484
2600 650
1041 347
1246 2511
476 1190
1967 3372
2116 1058
3984 86
3927 2244
1166 3498
2634 4390
2142 371
7 47
3654 1044
2074 4148
208 3678
1578 2367
489 978
2704 2704
693 1034
2465 3190
4368 1456
3516 586
3204 237
4320 2304
3990 1596
2448 2448
2154 3664
302 463
1053 2106
2828 707
1711 757
3556 4826
520 2600
4440 888
1175 1683
4176 3393
1448 4344
4405 881
3279 4935
4326 721
2912 3328
947 2841
1874 2007
340 35
4904 4291
796 2388
4712 2585
4068 1695
1204 602
3150 2400
2919 386
3094 2142
3450 2700
1598 3196
301 4121
645 2580
3630 4620
2607 4345
1456 286
298 220
1428 2856
2156 1232
2525 4477
2363 1668
3825 2295
1917 3621
1044 4225
4980 4980
1965 4716
4900 980
637 3188
3582 398
4165 833
2915 1961
4472 3672
241 137
2988 3735
3900 1300
4214 2179
2337 779
3440 2150
3345 223
3522 3541
2169 2651
2484 4140
2526 3368
127 3061
4728 4728
4220 2532
3072 2048
2387 4936
205 400
784 1568
3552 444
1929 4492
2835 2835
2550 3825
2032 4064
2177 1208
3192 3572
2970 1782
1007 4028
2861 891
4992 3120
4194 1398
3216 4020
3098 4247
418 476
2432 912
2784 3712
573 1948
4750 1900
2142 4914
2505 835
4294 3383
3024 1701
2768 4844
3454 785
1691 3
4104 912
3110 3421
4035 807
3526 3504
153 243
2848 2848
1788 4470
2869 1347
4752 2970
1767 1023
961 1922
888 3268
2280 4104
3213 3672
2673 99
2535 535
990 990
3628 1814
1328 2656
4661 2124
35 222
1640 2050
649 1298
3661 3457
4200 2800
4011 764
1218 2842
29 4327
681 4767
810 405
1911 1274
3493 1048
1176 2352
2272 2840
2790 465
398 1922
44 444
858 572
4554 4140
128 1496
3039 1013
1134 1386
3408 852
4532 3890
1470 3675
892 4460
2748 3206
778 3238
1592 3184
3096 1548
135 4365
2347 2272
46 182
2350 4700
4235 4235
1555 3368
2079 2772
1836 612
2977 1832
2740 1395
2468 2468
187 187
882 882
3600 1834
3926 1208
1042 2084
3828 957
1197 3996
497 90
2615 4184
1075 3010
1536 1708
2895 1158
2472 2472
569 2276
2711 2323
1766 1766
1782 3564
1040 416
3963 45
474 3792
4970 355
518 1554
1354 2346
15 10
4335 4335
3250 4680
463 4548
1704 2556
4869 2705
2764 4146
3745 1179
2067 4134
4122 2061
1014 2028
3944 4749
3258 1448
2044 1022
2877 2055
4577 2140
74 335
4960 1984
3084 3084
97 3607
3015 1206
4232 1587
4430 2658
3989 3091
894 3576
3060 4896
4870 2922
4102 4967
3976 994
4515 4730
1806 4515
461 4328
400 140
3730 3730
352 4224
2533 1955
2313 2313
1980 4356
2800 1925
861 3328
2600 3900
956 3346
892 669
1930 2511
2370 474
1872 4464
4595 2757
4730 1553
126 352
1558 2337
4370 1380
39 4806
4212 4212
484 484
2124 3186
3793 2746
4135 1654
4420 4760
744 2046
2396 1402
2405 3848
1968 2542
2784 2784
2210 961
167 330
2160 3600
846 423
4343 3063
4580 1603
3660 732
4576 4928
4100 1583
2800 800
4020 3015
1898 3796
1665 1265
1120 3640
4816 3956
4719 3267
2003 677
186 52
1950 350
2500 1250
3336 4083
2075 1660
2480 2480
2440 244
3856 3514
4530 2265
3690 615
3834 4473
1549 3236
4482 747
3252 4336
2810 3934
46 4161
457 72
2235 745
1521 2535
3673 1130
3486 1743
3324 3324
1976 988
3346 3257
1808 3616
4532 4120
826 2242
3449 1424
620 930
1100 3740
604 604
455 249
199 329
2988 2988
3488 436
348 4303
1308 2616
3785 3028
2388 796
1021 2787
3900 2028
4476 2984
3393 3915
3663 2156
4130 3304
1472 4048
2919 973
2237 4237
472 406
597 1791
3800 1900
3623 1078
3636 1818
1620 3240
3380 2028
4191 1652
3514 3012
3860 3860
2175 725
2937 634
2944 2944
2811 2811
852 4899
3375 4161
186 67
4072 2036
3444 1722
1649 2748
3840 1728
3690 2460
749 2996
4156 1580
3444 574
3006 2505
4195 3356
3775 707
4046 4335
767 2301
1254 228
406 3976
96 170
1568 343
1356 1808
2644 3051
2730 4550
3996 3996
3835 2301
2005 744
4112 2056
993 3972
4638 3092
2171 1396
2760 4830
870 4640
2934 3423
1362 1666
415 55
2740 3836
3366 2244
841 350
4347 483
1365 1820
856 2568
2626 1283
2204 3306
1042 2084
2278 2546
2375 4397
1024 1792
3171 2869
4915 3932
3630 1149
17 118
3549 364
2705 1082
2867 4962
3712 1392
885 3540
4144 3552
2649 91
3075 615
897 4485
4914 819
4727 28
4380 3504
1782 4455
2020 4747
4806 2618
423 487
3572 2679
2496 2496
1526 539
4929 1908
2624 2296
4172 298
419 1367
2952 369
746 3730
2940 3920
536 4611
4410 882
3210 642
4850 485
2650 1270
409 105
2190 4380
3548 1774
1003 1851
2321 2532
2096 3144
4576 4290
1072 3798
2678 309
4179 597
357 4522
1521 4507
927 2781
2976 992
823 4938
94 744
264 259
2088 3132
4280 4280
3657 3760
4368 4928
4008 2672
4823 2067
1261 4068
1598 2397
1256 1884
2882 262
3585 3963
3200 1280
116 2958
3825 3825
1762 1213
392 470
1430 2717
4455 1782
1238 234
472 3304
3300 3168
1856 3712
1203 1917
4240 1696
2679 4465
1852 2778
2743 1726
1275 2550
4771 1468
2756 2756
2100 3323
146 144
1010 4040
1254 114
2703 4990
2770 554
4510 902
3776 4248
413 2022
1004 4016
967 3868
2354 2889
4176 2970
336 4032
1218 1218
4506 3755
2283 2841
120 267
3132 783
4746 3402
138 4488
4234 1679
674 4718
3675 4410
1589 2481
2199 733
3464 1732
3587 422
4974 1685
3934 562
3348 372
1928 1928
3351 1655
471 166
2925 3510
249 4980
1604 3509
4245 849
2022 2022
675 4950
2240 322
4683 669
4165 1666
2472 4944
1407 2001
1356 3390
3810 635
3240 3888
4294 2883
346 473
1305 3915
1546 2319
563 735
1652 3304
3822 1638
776 4656
899 80
1746 873
2448 1224
1674 1674
279 411
2664 666
651 651
3165 4431
200 4157
130 480
396 660
1452 1452
2419 4137
1094 547
2877 3288
1416 3894
588 4130
4284 1764
3388 847
2914 4042
4977 1855
3360 3360
2018 4036
2850 950
4199 3650
316 315
3355 4785
3068 3068
2543 4317
3344 1672
4555 911
1922 3844
2669 2815
2052 4788
1260 2520
2157 2157
4813 560
516 516
107 1177
2280 2280
313 3011
324 227
4404 1835
2967 3956
4246 4098
3645 1701
3492 2328
2670 4450
3103 480
4956 2596
3870 2880
1554 1554
2263 1829
1925 770
475 4275
2778 926
439 4132
453 368
418 2090
4788 342
275 1053
336 2688
1902 634
2208 736
92 775
756 2268
2664 3256
3894 1298
1697 4964
335 3350
1946 2919
1330 2660
1734 1812
462 439
1710 3990
2611 373
1018 4113
3764 4705
3560 3560
894 2533
2695 2006
1983 3305
1544 1158
1264 4424
2846 335
678 2034
4536 4536
4102 4688
2837 3486
242 219
2943 981
3860 4632
413 2459
1773 2955
3122 3568
2544 2544
1307 2430
483 3864
4959 2871
4466 3248
4258 2717
3948 1974
999 999
2769 2769
4608 1306
84 445
3635 727
803 1606
230 3480
1584 528
2724 2270
2128 798
3979 235
1116 3348
2036 4581
2774 4453
530 2530
939 3130
3718 286
780 3315
945 2878
423 173
3250 975
1825 4380
2515 2287
4966 4202
1926 2568
3256 1628
4922 928
3510 1170
2303 658
742 742
94 1714
3057 2038
2343 1562
784 1568
2422 2177
426 313
4662 1998
2115 2820
1092 1160
3400 3400
2091 697
1382 2764
1729 488
4464 496
3193 3090
4422 3685
848 4322
4626 2313
2856 2856
2448 2652
3763 4024
274 198
2685 1074
2770 2216
3956 92
896 4480
1580 4108
1114 4456
2368 3286
3724 4788
4932 2192
1092 1092
2717 4737
1698 566
2398 3379
1188 4158
1014 2702
344 124
3123 1041
4375 5000
1032 1378
4239 471
3965 793
4720 1416
345 563
2646 3150
3906 3906
916 1374
1680 1862
3760 752
2040 1632
341 2046
4483 1294
494 368
2469 4938
4914 702
4724 3730
3744 1716
4403 3145
3636 808
1664 93
180 1620
4732 3042
4055 4866
3344 503
2284 3426
4494 3210
2666 2108
1205 664
372 444
1844 922
3992 3992
3505 814
4284 3213
4074 3492
1392 3712
2969 2036
1058 1587
2252 563
1918 1918
1785 1317
3620 3982
3772 4715
1974 3948
4249 1443
207 417
2535 2535
1140 1140
2101 4088
2480 4650
884 4420
2544 2332
1055 2115
851 1702
763 4578
2049 4781
1741 3110
2592 4860
3724 1064
4776 4378
2234 205
289 456
3564 2178
361 4693
941 408
2877 822
3248 3451
66 1320
2114 3768
4632 772
1948 974
2709 3096
2185 4651
2380 476
4689 2605
3748 2811
1975 3354
168 18
4224 3564
3479 3976
172 750
747 747
4400 2360
3904 1952
2004 2294
4473 3408
3864 4416
1626 4065
4421 1748
1590 3180
81 2511
3212 1606
1609 1321
491 377
3720 560
4275 1425
1961 2029
4680 2860
1280 1920
1428 2142
3114 107
4572 3810
4610 2766
2332 3604
3228 2447
3078 1539
4998 2856
4590 918
3581 610
193 156
3228 1076
96 552
1241 1427
2478 826
2145 429
2488 4354
1088 4198
1791 4776
1839 2452
2062 4124
1760 697
4720 1888
4224 4928
2980 2980
478 3107
212 66
2938 3164
4452 1908
2833 1520
849 4811
2060 4120
3030 1818
1818 1689
4824 2412
4770 1113
4895 979
4779 1127
3512 1756
4112 3084
1211 519
2789 101
26 298
2778 926
4685 1874
4274 1906
3972 1324
3411 379
893 3572
4735 1556
1778 3810
3276 468
522 4698
4569 2306
1794 4140
1764 4032
2975 3213
3911 2585
325 215
2961 846
4080 3230
524 2234
805 3680
1224 2448
1003 2006
2747 1670
599 2995
1928 2892
3648 4560
4512 3263
1322 3305
4781 1366
4405 2643
2367 4194
488 268
4029 3871
527 1054
2969 787
3477 2928
3816 1908
3176 4764
3135 1370
599 599
4930 1530
2184 2184
1774 3140
200 3600
3045 3045
834 1251
4662 653
269 352
2391 3985
1450 1450
3578 4914
2200 352
2985 2985
675 4050
3588 1636
2004 1670
2268 2268
4560 3648
489 206
3752 3216
3528 4536
2832 3776
3951 4856
391 239
814 4070
2250 750
2244 3855
1928 4820
3498 583
2040 1224
928 2565
3400 2890
918 918
4830 4305
650 1891
1152 4032
564 1692
3066 3504
3087 1280
54 192
3015 1809
3144 3930
1377 2513
794 794
4249 4249
1945 3112
2894 389
3090 4326
1686 843
256 4096
2739 3338
4059 2277
4314 2157
4590 1836
2733 2804
277 397
2336 4088
1696 4240
2173 1852
1256 4082
2925 1105
4764 3176
108 1761
4752 4455
4320 3360
4500 4500
973 3516
1245 4980
2265 4530
4012 3009
3494 4678
459 323
515 515
2943 3924
4174 2065
3048 3429
4428 2583
3374 2892
2290 2795
330 660
4494 1926
1424 712
4760 3781
2919 4865
984 1968
897 1794
4532 4973
101 402
922 1844
2660 1064
4675 1122
2336 1752
1544 3860
3260 1304
3192 557
1640 820
3920 2800
3732 2799
435 2664
1880 4230
4048 3036
914 1828
2468 3171
269 229
3702 3085
1920 4020
3929 311
2576 3864
3105 2070
4780 660
683 725
4092 2046
3708 4120
806 806
1347 264
2388 796
1790 716
3996 444
4750 1766
74 163
2394 1470
4750 3800
2431 1701
4176 4872
2616 4578
4848 672
4858 2775
795 2385
2480 4960
673 1346
1084 3098
4512 3760
1576 3152
4977 1659
2555 2093
492 96
3760 2256
4935 3948
1107 3143
2900 3480
4155 4986
3708 1854
1775 2578
4935 987
1810 4525
1340 3350
3306 3199
2418 806
4788 3420
4050 4860
3591 245
361 358
2028 676
4928 448
611 901
3500 2100
3770 3625
792 2376
733 609
1008 336
3276 4914
951 4755
1452 3307
2058 882
2128 2128
3100 775
2118 1313
180 461
4872 4176
2512 3104
4067 488
3670 2569
3024 1008
4775 3820
2395 2603
790 869
3688 2766
4800 960
3684 3062
2934 1956
3824 2868
1989 3757
2505 610
84 379
3564 1188
1790 2685
3903 2930
1265 4807
2304 288
1508 3016
899 4468
4440 1776
2670 4895
4570 457
2259 812
1524 4572
1638 2106
2802 934
2806 82
271 198
3825 850
3208 401
1286 4456
396 2244
2725 1635
2490 1494
600 3996
496 3596
1326 4836
1063 4252
3125 1746
2432 2432
2692 1346
4380 4800
3912 1241
445 54
3696 4488
3718 2002
253 2709
4640 2900
848 848
1017 3051
738 4116
4030 4030
1742 2613
4020 3015
1694 2876
2130 1491
1648 4120
1052 2367
2378 4800
246 411
903 4515
2054 3081
295 3001
3458 2002
4496 3934
1122 3366
1247 4876
802 3208
1092 2730
3050 1830
1471 979
811 3244
2733 911
3336 1668
1038 2947
258 353
1376 2752
4267 4016
3079 3771
3072 1024
1086 3258
3536 3128
4985 724
1620 810
3210 2568
2082 3123
3607 579
974 1948
4410 2205
4572 1524
1406 1254
417 285
922 1844
2947 2947
4455 3523
3088 2702
4580 916
3996 1998
3996 1270
4914 3744
976 1464
1293 4310
914 2081
3015 2010
2012 1006
4870 3896
3672 2514
7 443
935 2805
3675 2205
1759 1826
2996 4708
2337 3116
1767 3534
459 2972
1912 1912
1848 2464
1124 1405
58 4766
855 3420
4142 1090
4179 1791
3735 303
291 286
4696 2348
915 915
1805 4292
2330 466
3363 885
4100 3280
3633 4791
894 3725
1408 4224
1688 4220
487 92
2385 954
3400 4000
1892 3784
1137 317
310 101
3164 791
2140 4280
4399 1010
4710 2355
692 4844
2376 3861
4332 1448
2952 2952
2364 4728
1812 4530
2905 4501
2145 2860
118 1888
4056 2028
3941 3722
397 459
2275 3640
2744 2058
4617 791
2100 1680
1022 2044
3615 723
3329 3249
4425 3540
2324 3652
3234 1617
1209 3073
3753 2919
1461 4383
4986 3878
1678 827
401 317
2205 2205
2380 476
441 2236
4960 4960
1978 1978
2480 3100
1259 2003
1318 3295
3575 4290
852 3408
1849 2681
1161 2322
1911 3185
3890 3112
3561 1780
336 111
2044 1825
3884 2913
37 4329
1705 4433
972 4860
3900 4225
2864 4103
1692 1269
534 2492
4795 1918
1604 1459
828 1104
1598 3995
812 1540
547 1411
157 40
44 1892
1792 320
2656 87
237 4977
3000 2500
1986 3972
4624 1933
622 1866
4662 2664
3714 2476
1925 1698
2058 4802
3504 2628
4296 3580
1824 517
325 165
4901 845
2988 1494
1181 1818
720 4320
3476 1738
3124 3124
4648 2754
4824 2814
2672 3006
1425 3990
218 2038
4770 3975
4725 525
3480 2900
1158 3780
293 393
1330 2660
3237 3237
2151 2715
4900 2800
4424 2765
4170 3475
48 185
2096 1048
2208 2070
3146 2288
715 2168
3161 1853
3768 314
574 3444
1407 2973
485 67
4914 546
3924 4905
3784 1713
673 2019
3080 2640
4185 1674
1375 2900
4756 1107
3360 2520
4452 2968
3059 4210
3157 3608
2168 2710
981 4251
883 4024
277 159
3064 383
3752 1876
3346 581
4048 3542
1920 3648
441 4557
4350 2618
4805 2883
3600 900
3685 3685
2110 313
4968 1840
2136 712
2052 684
489 1793
243 16
1912 4780
3345 446
4734 4417
200 2400
2304 576
685 4110
174 4260
4257 1548
1900 1900
3472 868
4923 3694
3852 1926
2508 4389
4380 2628
3183 2303
333 498
1862 3724
3870 774
3980 4572
942 2826
1908 954
3500 1400
3659 190
1182 2955
2014 4028
3212 292
1899 938
4470 3725
2160 2880
1400 3220
3399 4241
486 432
1872 2340
4650 2325
2867 3916
1470 2520
644 644
3653 3372
4348 3281
1308 436
2840 2556
2504 2817
2442 1362
4235 2849
2002 3575
2847 1898
4255 1402
269 169
4765 953
4624 1904
4960 35
3148 2361
925 3700
4986 3878
2609 2812
4498 2768
4330 3464
4530 4983
942 1682
2187 729
4906 4460
3584 3584
1055 2428
70 422
1794 299
2319 773
4684 2877
1568 1568
4858 4858
3948 1316
2812 354
632 4424
4056 1690
3978 2808
2343 50
3945 4471
944 2950
4207 601
883 868
458 227
4912 4912
4910 4910
4131 4865
520 4160
2667 2667
1798 1798
2947 1731
3024 2592
4660 1864
4685 4685
4503 3596
1652 3717
2448 3060
3820 1910
1255 1014
300 375
1306 653
4680 1404
4745 2274
4305 615
2292 4966
3860 4825
2347 2533
3300 1980
2991 3988
3162 527
2702 2177
314 1570
1782 594
4432 277
4454 768
289 67
1590 1590
4096 3584
3057 3262
4690 4221
3780 3969
4123 3534
568 2571
1770 4130
2283 3805
2247 3424
728 3387
4410 3150
1584 1008
1472 4416
3402 3497
83 176
836 4180
4732 3380
2691 1682
4750 2250
1632 1360
4865 695
1454 383
1548 1548
1120 1120
3665 2199
2355 1402
3534 2945
4430 4430
210 3675
2137 1479
258 169
828 4968
540 972
902 631
2664 3330
3960 3168
3720 1488
441 3672
2178 1452
1012 3036
670 4690
170 683
3294 1464
3570 3570
2256 1692
4340 4354
22 17
3000 1500
1668 4587
839 1492
1596 3990
1428 3808
3969 3402
4738 2236
3610 3230
4480 3584
1448 3982
4022 4549
2926 209
2913 971
2624 4428
2928 2785
184 210
1356 1356
3895 205
2983 428
4446 494
521 2084
930 2790
2464 4524
2916 1458
4040 4040
2304 4896
3784 2157
1420 852
2012 2012
540 180
498 4222
132 204
4554 828
1754 2631
1266 696
4670 467
2800 4480
2784 1856
4757 1800
4810 740
1335 2225
3280 1968
4081 3872
703 703
1764 4851
2289 4578
1444 2071
276 335
603 3216
2380 35
2361 1992
3770 3480
3503 4181
602 2408
315 1725
2056 1542
3681 2454
4250 3825
4699 1068
4400 3520
3168 3744
3624 302
4645 4301
448 152
3750 2250
2724 2724
2495 4522
4310 4310
4170 3336
3857 1653
3909 701
1905 2667
1590 1908
805 1610
783 3332
4685 1874
4180 1672
3648 608
3690 4431
84 173
2066 4132
4160 4056
4370 4553
4176 261
4064 4064
2757 4595
249 4568
1858 4645
3952 2964
2445 2445
4408 3414
2084 4168
3736 1868
4620 462
199 4405
197 343
676 2366
4752 528
3167 3148
3600 600
3562 4795
2946 2946
4639 3070
4340 1820
2705 3246
4608 4992
2439 4754
3945 3945
3806 1211
945 1890
1427 2623
489 379
1156 2312
2044 3066
1286 3505
3465 2772
4842 3228
3100 4960
932 1524
3108 4662
2705 2705
3392 3392
3758 1413
875 875
491 4419
1495 460
2030 1387
216 33
1326 4056
3836 3836
2648 2492
4530 604
349 1396
4686 1562
1346 4196
383 1532
2538 1026
4482 4482
2168 4757
4825 1930
4392 4392
1066 1066
260 3877
223 414
4144 2368
3265 1306
2580 20
3620 2715
2667 889
4030 4030
2247 1345
2070 2070
696 348
3753 2085
1635 4599
3328 832
3477 1281
4305 4305
2768 2342
104 210
4080 680
4440 3700
4880 2934
941 3764
2211 2948
878 2634
475 2679
1410 470
236 2832
3240 4050
487 2091
3976 1988
1239 3717
1038 1384
2808 3359
340 73
2768 4844
1800 2700
1961 371
918 612
989 3956
4448 2780
1928 1739
2268 1260
1204 4472
3420 855
4384 59
3332 1764
700 3500
4698 348
1863 3181
461 90
562 3934
4411 3208
4435 547
2930 4102
2568 1926
869 869
1651 3112
2340 2340
3785 757
1149 4213
2942 1342
2130 3408
301 4816
4800 2100
2693 4871
154 52
1424 2136
4750 1900
324 4961
3236 1618
4599 2628
4275 1900
368 2282
2840 3550
4864 2432
3195 3266
4491 1838
3266 4970
539 1617
3927 3927
3103 2674
5 319
4110 2055
3420 3420
4210 259
3936 4264
2598 3464
1862 950
3560 1924
1012 3036
3138 2092
3411 758
3630 976
597 2388
4530 755
1716 572
1340 2978
373 57
1504 2350
1662 831
1075 1372
2026 3039
4608 4032
4200 4200
1026 348
1908 3180
4248 4248
912 1824
4429 3613
606 2424
4878 1626
3332 1088
3989 3455
490 31
4350 4350
2820 2820
1677 3735
4175 2505
276 1932
3042 1690
3513 3612
2991 4985
3330 555
380 2470
3856 39
3870 2322
989 2967
1715 3087
1548 961
104 63
3048 3302
934 1868
605 1262
2640 2442
2226 1484
4180 2926
4282 4110
1768 2210
3900 4225
1665 2775
1245 1995
2180 1090
3807 2115
1264 3792
3673 2495
52 335
1941 3235
4884 3696
4724 3202
509 1527
4693 2717
687 1832
1189 3723
4998 3528
3756 4382
3475 3475
4623 4181
4440 2220
2959 1614
1629 3258
4360 47
191 475
1168 2336
4043 2488
2177 2733
4705 941
1365 2730
1434 478
1544 2014
2241 2988
3136 3136
2020 4040
1180 2326
2048 3072
574 1722
4347 3213
790 2993
323 291
3455 4837
3519 4761
2298 505
4570 3656
4743 1581
2268 756
3606 1991
4575 3477
3895 3075
3592 898
618 2028
4968 3726
2862 3180
3024 4032
4270 1908
73 221
478 2868
1308 436
3758 144
1092 1092
4515 3311
3024 2160
2892 397
1038 4152
1438 1438
2661 1774
1153 2533
3768 3140
351 702
1425 950
2713 4633
40 275
2427 2427
1596 2394
1531 3785
3365 2019
4840 1936
4590 2754
2617 4756
2202 4404
2778 1852
4704 2688
2040 1559
2605 3647
724 362
4716 4978
915 3890
355 417
1784 1784
3755 2253
3604 859
4752 4158
1059 2118
2412 4824
1860 3172
2893 1578
2698 142
977 1954
1759 3805
1318 2636
1758 879
4974 1658
1047 3111
325 126
2696 2696
3472 3968
1990 2321
4840 1936
912 912
2686 4740
1824 3982
2241 747
3782 4697
4590 3672
1419 2901
1397 4953
2925 1950
426 426
2357 2270
350 138
3870 3354
2656 2988
3586 2589
547 2188
3248 4060
1800 520
2235 3037
2712 4068
1382 4146
4264 4264
2533 3988
1828 4570
3546 4728
4752 4752
4811 1941
460 333
2180 1635
2625 4375
3917 1119
440 220
4704 896
832 1664
2490 1933
3780 4410
1854 2781
3887 4485
162 2258
682 2728
2795 3354
4256 4864
3120 2474
424 46
2135 1708
4620 3234
4520 4480
1716 4004
4605 1228
4164 2082
1114 3131
4709 277
4585 3668
1648 4738
1550 2653
612 1224
1786 2679
1875 3000
2264 4659
139 451
4490 449
2091 3485
2524 975
2883 1922
3816 3816
2352 4116
610 2838
3720 620
1044 1392
2870 4100
4097 4574
3558 4151
2592 4320
3088 772
4765 2073
405 202
4992 1248
4588 1116
2056 2577
1437 4311
3120 3744
1168 1752
4077 4124
884 2652
1510 4530
2724 2270
2073 3558
4200 2100
722 2888
3117 3117
3371 1006
482 467
1593 4071
911 911
3784 2810
2472 1236
4860 3888
3220 1380
3840 1569
3240 2700
4350 3625
2890 2312
2875 4547
4998 952
1036 3108
517 2068
3935 3722
156 127
4970 710
3510 1170
3808 3258
4224 2112
4820 3856
2864 3043
2407 127
3568 446
1358 2716
3610 4332
107 1303
2610 1682
3264 4590
1392 1566
2716 801
122 125
4615 3692
4669 2254
3609 3539
2228 2228
2676 3568
2748 2290
76 4069
2733 4555
3179 1122
1100 3960
154 897
2298 3064
3596 2697
4448 3336
1664 817
191 152
4040 1010
4788 2964
3626 3476
1872 624
1052 2104
