4216
223 445
2856 3808
1770 885
2624 3425
564 3384
2373 339
4572 1397
2721 3879
4270 3416
2742 1828
4592 1904
2902 2091
1040 1040
2418 1612
2225 534
3770 246
80 430
941 2823
1340 2010
2991 2880
450 4800
3105 4830
813 2439
1320 2241
2976 3720
4712 992
2094 4886
3183 4841
4653 4653
4955 991
4158 4851
1949 4731
242 419
325 3900
3537 2751
783 3353
4760 4760
2088 2088
2752 4128
2854 1083
3395 2716
3140 3140
3792 1896
1979 1514
238 1666
1837 2839
2898 4830
4701 1722
241 112
1726 1726
2901 3868
2734 3237
4266 3318
354 2124
2480 3720
3668 4490
3003 4004
3395 3395
2568 4280
419 872
2340 4095
4788 2926
1428 3570
3311 98
343 424
2288 1872
2856 2856
4616 230
2390 2390
3190 2552
4985 4985
241 1315
3625 725
2670 2670
2379 183
1635 740
875 875
3160 1580
3255 2415
3769 3672
210 213
962 2886
1238 1238
1404 2450
934 3736
674 3370
1825 1460
3929 4996
4920 4428
1950 1950
4059 4961
1277 3235
702 4914
1804 2706
1500 600
4774 4630
107 205
448 2240
4465 3995
990 3756
3402 4860
4624 4624
522 1566
4923 1098
4480 4992
898 2694
4806 2403
4123 3549
4456 2785
814 2442
480 4320
4103 789
481 184
1943 335
3846 1282
3263 861
1416 2124
4408 1856
3225 215
1053 2176
2664 1998
1602 2670
2807 2807
2667 4950
4680 2808
861 287
4036 3027
510 2511
119 385
1668 4170
3350 4690
4366 4688
3894 1416
4355 3484
4347 1610
4512 1870
1764 1764
3332 4802
1504 3760
3206 2952
1756 878
92 1035
2292 764
160 1150
214 242
1428 4760
3472 4340
4713 3655
1372 4116
4168 1042
4950 2475
3228 2612
2379 3172
1013 4052
4205 1682
283 3248
2856 2856
4038 673
4004 2772
1774 1586
325 221
4050 450
3762 2926
2993 3738
2481 4135
2988 2241
534 534
1132 1891
4992 4992
2172 1448
4575 4575
904 2005
2850 2280
2272 2840
1616 4040
2079 2585
154 252
1048 4192
1548 1548
555 623
294 2352
1618 2427
4000 4500
1749 2652
3740 748
3732 3732
906 4077
3166 3614
2448 3060
977 1954
4018 2296
4273 1506
49 28
2277 1518
2708 2708
3867 3794
2088 1044
4376 1094
148 3700
1244 1286
2810 562
1898 1898
422 3165
4387 2811
1114 1671
510 3570
4056 1014
4024 2350
220 2
254 127
4120 3090
4137 680
3612 903
1126 1126
2950 3540
4194 242
4290 4290
4836 2232
611 2444
3876 125
1572 4716
3116 380
3084 1542
2806 1994
94 81
4092 4092
566 2264
1730 311
4135 1654
4635 4635
3368 842
2176 2700
3900 4550
1041 3123
3430 4214
4864 3673
174 1740
3080 2310
2604 1302
2055 2217
222 119
4342 4175
1952 4880
198 1159
3396 566
4970 994
1162 1328
4310 3032
4446 1872
2220 4440
2860 1430
4290 180
3848 1924
2598 4330
3376 844
588 3946
274 479
2136 1602
2896 4344
2226 4750
4554 552
3916 3916
356 4094
1960 2187
2132 1066
4950 2640
3224 3224
2456 145
4161 4380
2892 4820
4010 4812
4996 3451
478 52
200 1500
1842 4912
4530 3441
304 3344
4970 4970
3654 261
884 732
2937 979
3255 4340
3248 464
1451 4224
3201 1746
986 3944
341 2046
3387 3071
353 488
996 4980
2144 2144
3137 1912
1094 1641
529 4232
952 3332
3181 4512
219 1752
4485 3450
3410 4774
2907 2198
1083 3249
2937 4272
3648 2052
3110 2777
458 62
3410 3100
1256 314
777 4204
1898 1752
1959 1306
3164 1921
4229 4644
597 3582
2855 3426
159 1590
3132 2065
965 2895
2672 3340
420 210
4783 1471
175 26
4845 4845
2382 4764
4087 3190
3715 1486
1460 4380
802 2406
3602 2490
732 2928
3660 4575
927 927
4417 3231
1464 2562
1028 1028
1592 3184
2078 3555
245 417
2067 4929
3514 2761
2350 4220
4096 3072
4362 2181
4165 1666
2499 916
292 803
2460 1476
2742 4570
3354 660
1848 1232
1340 2010
1938 1292
2710 324
388 414
898 4490
1908 1272
4097 1216
4598 1881
4740 3950
4424 1659
690 1143
4277 611
994 3976
2763 2763
2768 1451
4108 2054
1830 4575
4686 2310
4862 2289
24 121
1994 4985
1371 2285
4937 4255
2121 3535
4296 3759
1533 3066
1533 77
2028 4563
924 3234
2429 1041
3759 4618
603 4422
3290 4700
1568 1568
2325 1856
312 386
717 3585
4784 1664
1735 2211
1560 3120
948 1896
2400 3200
3620 1924
3152 3940
3100 2790
4367 4764
2942 4446
3344 4560
1872 936
1215 3159
4922 4219
176 171
3456 4224
3047 2216
1341 2228
3048 508
3400 3400
1935 1290
2058 1024
1410 3525
4730 1290
1340 2010
627 2417
1398 1398
1869 1246
2355 785
4461 193
50 321
3036 4048
1078 3773
1266 3763
3816 2862
4944 2266
732 2562
2460 1642
987 1974
4184 1046
1062 4248
1647 2380
3966 3966
1260 1890
2970 1650
2390 3503
272 452
3723 4380
3899 3342
3069 3049
4110 3425
2114 4077
169 1859
2865 3699
1170 4602
496 496
4428 4920
4344 4135
4319 4936
2301 1534
3645 405
4564 2934
21 173
2825 2825
4634 3972
2242 1649
3141 2094
2175 3625
3932 983
3844 3631
2800 1400
840 3780
2100 3500
2705 1174
1320 1320
2889 1926
845 4225
1135 2984
93 255
542 2168
1970 1970
4848 2276
1492 746
3264 544
1784 2676
113 3634
1310 524
3099 2066
378 3528
1826 407
4640 3248
4380 3504
1956 3423
1418 2322
285 232
4522 4998
1220 1708
3143 2269
2799 2799
3010 3612
3280 2624
1572 2874
467 3269
1990 2985
2596 1947
871 4578
484 2904
3744 3120
731 731
1543 100
160 397
3024 2016
2004 1503
874 1340
2450 3450
1632 2448
3768 3768
3973 825
1256 1256
2307 4614
2013 4026
3685 1583
1620 4500
1484 1484
1944 4536
1657 2768
47 278
4155 4155
1832 4351
7 4759
993 3972
4191 1524
893 4465
1534 1642
3556 3048
2852 2139
3600 3600
3363 1870
4977 2765
508 3429
1252 4382
1924 1637
345 57
1930 965
2904 4356
2461 2528
2232 558
2831 1043
2534 3258
10 3503
620 620
4518 4267
1638 1638
3718 2016
2022 1011
4500 3500
3408 1704
3298 3784
204 306
4710 3768
4344 543
2624 1209
860 3870
1391 3959
4609 1676
4949 112
1856 3480
2020 3030
4655 3990
1647 3015
2740 2740
1946 1946
1592 1592
1432 1372
175 178
4902 3268
3108 3885
705 2639
3355 2684
1815 968
4005 2670
516 1431
2164 1082
4718 3370
2958 4930
4375 1569
2310 1050
3013 2358
3040 1520
4803 1679
26 303
2352 2352
1314 657
478 2833
3807 3102
853 1706
559 2795
3135 2907
4120 4120
816 4896
2065 2950
4702 703
2769 923
3184 4776
4830 1932
3119 171
67 150
1215 1701
3864 2898
4992 288
3168 3168
1534 3835
3000 750
1941 4715
150 2100
2471 4589
462 924
2373 3813
3420 3135
633 1477
1578 2104
4013 1772
179 278
1868 3269
4334 2758
2799 3789
2855 571
3832 3353
616 3850
2361 2812
2265 3322
2300 3680
2820 1410
2294 3341
3883 1765
3924 2943
1443 4884
2484 3321
164 155
4655 4655
3415 683
3389 1045
588 2352
3388 847
3051 3051
3744 4120
847 4235
608 608
525 1575
1365 4795
331 2979
870 1305
4509 1002
1286 4001
114 437
4662 1554
3592 4041
261 1231
1539 3591
3200 1920
4095 4095
1290 730
754 1508
4912 1228
1204 1720
1650 4040
2811 3748
4368 2184
2682 447
1781 2066
121 26
1252 626
1414 1414
4838 2955
3850 2200
1996 1996
4361 623
862 2537
1421 3654
4140 1035
2900 1740
4279 1589
2550 4590
987 4935
1916 3353
1642 2633
76 119
1914 1914
1446 2892
4396 1411
3535 505
2115 1692
695 2780
4203 632
1905 762
4422 2613
4000 1000
582 1806
2968 2968
4230 2961
1830 1098
1497 2063
493 294
3432 3718
3115 4984
3927 3620
443 4873
4485 897
2940 2940
1199 350
1884 3925
848 2544
1030 1030
3858 4149
1512 1512
3105 4485
3465 2475
3208 537
92 237
4403 3145
4900 1960
1269 3349
3123 1041
4763 4763
106 2332
2325 1685
970 1940
1406 2812
2379 2623
4314 4977
3914 2678
1075 2150
701 2103
2655 1538
325 306
2788 3026
4350 150
4154 296
554 3324
984 3936
1552 3880
2660 3853
1174 2935
2630 1578
3528 2205
4016 3500
4028 3021
2860 4290
668 2672
3250 1137
194 94
4824 2412
3544 1329
1467 448
3585 4541
2000 500
4556 3752
2084 1324
4170 1390
1150 1150
4320 4536
4147 3219
3940 1182
3168 3872
812 2436
2889 1959
36 308
3856 1928
3912 1467
972 2040
3703 2116
4410 630
4512 1692
3883 4892
2508 3344
872 4360
3942 3723
4379 348
565 3390
4685 3748
975 4550
2421 2339
221 235
1734 510
4480 1680
4644 2524
2576 736
1818 4545
1460 4380
4843 3317
2964 2808
4620 2772
2676 2676
3950 1323
4080 2040
4624 578
4828 4260
2961 319
416 386
753 2259
3829 3829
106 2524
1405 2529
4515 1290
694 2082
3034 1588
1884 2826
897 3588
1992 2988
4641 520
2520 2310
1056 2640
2064 774
3674 2700
34 229
2476 2476
3000 3600
1930 4366
1836 918
682 3069
4445 3556
3104 4322
644 4508
3975 3180
1916 3832
4334 135
358 716
812 1624
1608 4288
339 2302
322 473
2790 465
4776 2388
2860 4855
4872 4060
2708 1354
3524 3524
4615 4857
4970 4970
1152 4224
1040 4160
3780 2297
724 1448
120 852
887 4435
220 2522
303 144
592 4736
1974 329
2475 2046
1766 883
2751 4585
3460 692
1474 941
2580 1290
4208 1052
1050 4200
3961 1083
3964 991
3335 4495
1058 1058
435 4158
98 107
3179 2312
2964 4992
2304 1305
1944 1701
3900 4875
2340 1755
2392 24
152 1292
3027 1009
905 905
1318 548
2165 866
3565 4278
4020 2814
4612 4694
164 16
1652 2360
2607 3476
3774 4316
684 2736
2805 1683
4700 4700
1935 3521
3135 3990
678 4294
3353 958
966 4627
1748 3496
1019 4076
2708 2708
601 1404
381 152
1552 776
2898 4830
907 4476
2592 1728
1334 3335
2880 1440
2863 1746
3384 4324
4710 1570
943 3772
731 4314
1302 2821
3088 3088
3852 1926
3769 468
165 462
3094 2380
750 1500
4912 3027
534 4539
1030 4120
4800 2400
3963 240
3990 4788
2556 3408
2772 792
218 4805
2184 2652
1322 661
4826 4572
1762 1196
44 337
2535 1014
3310 662
4644 1555
905 4525
429 312
1404 2808
153 1352
3084 3084
3080 3850
4505 2703
4359 447
2842 4060
1276 638
3976 420
3828 248
69 272
3054 1018
1624 4060
2094 4354
4200 400
4056 2704
3100 4650
1687 757
439 439
1683 3366
2124 708
3212 4506
1534 2301
3468 2601
4635 2163
4497 3624
349 186
2850 2850
603 1206
1402 3255
2304 1344
2883 961
2610 4959
2895 2590
906 2718
1788 894
4794 1222
1074 750
948 948
814 2442
3762 990
4612 1203
478 257
1388 694
1980 1980
699 3680
1272 3392
4785 3915
4944 3708
3207 3858
1308 3706
4455 810
2268 4284
4093 2549
1526 3052
1521 2704
2355 2355
3895 494
51 53
4655 1995
3794 542
4767 4035
3835 4720
2354 1391
773 3092
2300 1851
1060 3180
3648 2432
2916 2916
1049 3251
3441 2325
1124 3372
2556 2556
3597 3285
121 147
2014 4028
4400 660
2325 1392
4365 2619
2910 4074
1659 474
4175 2307
2577 1718
745 2235
2870 3690
2012 516
2940 735
3377 2149
1624 3248
3926 4497
313 230
2796 4893
2660 266
2628 4194
920 3220
711 1343
2298 4596
1888 2337
1510 604
4065 1626
508 2032
3279 1411
4167 3241
4785 4698
2828 707
2127 2884
359 305
4500 1500
3375 1875
3555 1532
2008 1004
1602 4272
1086 1810
3599 1115
816 1360
2040 3910
1620 2430
433 1662
3240 2592
2961 2303
3846 2564
1212 4759
475 385
4392 2196
2535 4563
1327 3646
801 2136
4020 4824
4445 889
4413 3426
4693 722
3546 4728
3065 1839
3572 4561
3700 2220
2901 967
2912 3536
244 4980
280 24
4275 1710
3432 3432
2794 838
489 4564
4200 2400
1848 4158
2820 31
4311 3353
1818 909
1710 4275
841 4677
2012 1006
1386 3234
1344 1344
3815 3188
337 409
981 1962
2448 2754
1211 2451
4020 1005
3456 3456
3120 780
2888 2651
3272 818
2109 3515
3424 1712
4293 2761
2175 3600
2804 701
2061 1374
233 441
191 501
1470 1260
3112 3890
1968 3668
1828 3656
1412 1412
2120 1590
97 2801
3628 2721
2528 316
2020 2020
3250 1941
2336 1752
3948 4312
3159 3159
2804 2071
189 394
3138 2092
2228 1114
40 2981
4360 2725
1516 758
997 2991
4107 4581
4564 652
2019 3365
1510 2265
101 2401
4389 1078
2044 4088
1995 3325
4705 835
455 297
3996 148
1638 4914
3288 811
4208 1578
2465 3944
3780 3024
2806 4368
511 1022
4512 846
2727 1212
1320 2277
348 2436
4008 4008
2176 4896
84 2427
392 42
3404 1702
2688 1344
3939 2015
609 4872
3096 1032
2116 3174
3873 3649
1220 4880
4945 4945
4578 4578
2650 374
2926 836
2316 772
1134 1512
2431 1256
149 448
3685 670
4392 4392
3321 4903
3005 4808
3464 3464
2880 960
3624 1309
336 3024
2394 4788
873 2619
2423 1061
2570 3084
4318 3810
784 3920
2281 2864
322 271
260 2860
1536 1152
4046 508
1050 1155
3808 3808
2188 3829
561 147
726 2541
4105 2463
2650 4770
3683 2885
2847 2847
3936 2952
520 1560
1963 3712
198 463
3020 906
4120 1030
4728 2137
2108 1612
2400 3600
302 1208
3865 3664
4124 4124
3700 4625
2280 1520
1545 1799
1175 470
3960 3960
3736 934
4262 3074
181 220
1884 3768
3084 3084
1228 3163
4734 4734
3850 4400
1972 3944
1759 1425
3810 762
3852 4815
309 2163
4209 1634
1882 941
1158 3474
4000 4000
536 3692
367 368
3936 4428
2652 1632
4557 2913
4102 4102
2363 2780
4374 1458
1858 1387
2433 811
3528 2058
1370 1370
2578 3467
1524 2286
2289 3815
3655 731
1558 1545
259 306
374 748
4800 1440
3782 621
3208 802
680 3060
1942 971
4616 2685
1666 1428
2301 767
531 4189
2148 4421
2361 4722
375 1875
1286 1929
2027 1871
26 50
845 845
660 825
389 3517
4005 801
2366 1001
3324 2770
4703 3758
1812 1812
2772 4620
831 3324
4987 3413
4232 4232
3960 2640
1959 1959
1334 4483
227 105
4960 3100
1784 892
1602 1258
3470 2082
4944 1545
4928 1408
1805 752
4092 1860
3884 4855
993 2979
2831 1467
2619 4365
1479 1479
1920 4800
679 337
34 277
820 1230
3084 2056
3427 137
979 3916
768 1920
1791 3582
593 4541
2821 2015
4576 4576
1665 888
4149 1760
2715 905
1804 4756
2855 2855
1709 3902
231 312
4382 3756
1872 1872
533 1709
1995 3990
1038 2422
2200 3850
3722 4865
3927 3927
4384 2466
1115 1338
4023 2106
3300 2200
3549 2730
3570 4998
239 1273
38 479
926 4630
842 4631
3141 3025
2975 3150
2000 1000
1788 1788
2898 1574
4686 3124
806 3224
1614 1614
2543 2089
670 4690
4984 3560
926 3704
4155 4489
392 279
999 999
4170 4865
4958 172
1226 4904
1452 3388
592 2664
3199 1334
1122 1122
4740 1896
943 4715
1632 1536
4320 1728
2768 2422
2514 3352
1395 4282
223 389
2888 4864
2856 1836
4045 3173
3728 3728
2772 2618
1824 4560
493 2527
903 903
1972 2958
2445 2445
2049 484
4187 3975
1716 1144
549 3843
392 2444
233 22
1920 3600
715 4290
3334 1092
725 2175
1636 4908
4336 1084
2998 3529
2928 4758
1226 3065
803 4015
3329 3430
1992 664
4555 3644
928 4640
998 4657
360 273
403 3627
4173 4173
2725 395
1110 1110
3960 1584
4485 138
3060 662
3716 3716
3740 748
3810 3048
162 979
3087 4802
3684 3684
698 2094
655 4574
148 7
992 2976
2682 2682
860 4803
768 4608
1509 503
1470 3675
2190 2086
2208 3744
1660 2075
1772 1772
690 3008
3384 1128
3560 3560
1819 3852
3351 4933
294 484
1728 1728
3153 2102
158 187
1125 4875
2988 1992
1072 2144
3335 4322
878 4829
3788 2841
3120 3952
2159 2928
2215 2658
4455 1080
1400 700
986 1471
225 136
812 812
1734 867
4110 1199
3165 1899
4860 3240
3126 2084
3376 707
2639 1624
1872 1872
3237 3486
4227 2015
905 1448
1629 4887
4807 3933
1264 1415
23 13
782 782
390 1755
1715 4478
991 4955
3150 2250
1022 1022
2689 4681
1860 3100
3936 1968
2600 2080
1326 495
4428 3936
2808 4752
4962 1654
1976 3670
492 353
2192 548
2568 2568
2765 4927
4048 4048
2892 3856
1012 3542
1945 1121
410 2050
990 1980
2464 3080
2559 1794
635 1270
966 4830
2943 981
2860 4708
330 3
1302 3255
1590 2120
2834 4575
632 1264
2569 4771
842 4210
1421 3883
782 782
3080 3080
1940 1940
2122 3105
2915 4664
2275 2080
4955 3964
1509 70
94 11
3792 2607
4410 3528
3305 552
4930 2958
2299 2057
935 2805
312 1585
4956 2124
3159 3159
2844 2844
4536 1522
2905 2490
612 4284
1530 2448
2381 1559
64 448
3864 1932
1288 552
3755 951
3105 1035
4194 1398
4565 1826
218 3366
1347 1347
2896 4344
4482 498
2863 2646
1056 3102
695 4031
2145 2574
105 4284
447 128
3915 3915
2850 570
1653 2601
4074 3395
1136 4544
1976 3952
1185 1521
3030 505
4700 1880
3798 4853
3261 3348
3850 1540
988 1976
1738 3476
333 4739
166 39
3268 1634
2035 814
4149 2178
2967 3956
4851 1078
2478 2478
4163 395
2835 945
1994 997
1986 993
1017 4594
1810 2715
1720 4300
328 2296
4180 1443
475 61
3942 876
3819 2211
3212 362
325 4875
3100 620
824 2678
657 857
2092 523
1988 2485
4625 4625
1434 876
2120 1484
2676 2007
904 3616
4091 481
100 27
2922 3896
1176 2646
2717 735
2346 3128
1852 3241
644 3864
1834 3040
3241 2778
1540 2310
3308 4962
2320 1074
2580 4300
2038 2038
1234 3702
1432 27
430 132
3756 939
2422 1038
4693 4746
1665 3663
737 2211
3549 4095
1610 680
2907 4845
1743 2739
4182 984
2599 3335
3123 4164
4425 4425
413 2065
3680 839
437 193
3812 953
1320 2640
1368 3216
611 3666
2960 4440
3450 2070
229 1990
1995 2660
4254 2127
1418 4963
3887 4096
1366 4781
4060 2320
3240 4104
2528 3565
320 376
1035 1035
4288 1072
1794 319
1095 2920
1341 1341
900 900
4562 4956
688 3698
2742 3656
3765 3012
2003 3600
470 1880
1081 1081
4530 3926
3395 2721
382 79
2010 2412
2816 2464
1356 901
2152 538
4648 1162
2995 1198
4946 1934
4928 1760
1996 998
4182 697
2502 1981
1830 732
692 346
2310 616
2576 4396
373 257
2607 4345
2384 4768
1976 3739
345 3795
4355 2345
2568 1926
2503 2569
1028 514
1344 4032
3725 745
35 4543
4835 4835
4158 2772
1076 3497
498 779
175 257
4446 1976
3102 2068
1602 3231
4902 1548
1470 3675
2046 1364
3936 798
2556 4473
2946 4910
3861 1287
2909 1238
2980 4470
4806 2403
284 4970
4685 1704
104 185
4392 4026
1896 474
1442 2308
836 1672
3084 4112
4592 896
1702 3921
582 3201
4697 2684
3996 444
2662 2398
4740 2844
2695 1078
1704 3408
3450 543
32 269
725 725
1011 4044
3126 3506
1968 2952
1046 1046
4452 4770
967 586
1718 2577
468 1560
2032 4064
4802 3425
1042 1042
1854 2781
4674 2337
2135 4268
131 259
4350 3625
4199 4641
1143 420
1408 4928
300 2000
498 2490
4733 2500
3910 4692
3437 1473
2403 1602
2659 4590
4080 1360
882 3920
1830 3660
1353 59
449 461
2775 2775
4615 4615
2026 4292
1296 648
1596 4560
2814 2814
3889 3248
472 3776
3860 3860
3916 1424
732 2553
2908 4362
3132 3915
3125 1250
2076 1194
15 26
4004 2002
2268 756
982 3849
4940 2850
3576 1490
1013 1013
2445 3425
4096 3072
3872 3388
4400 4800
4062 3281
2184 2184
4800 3648
3780 3780
1162 4734
285 164
1420 4260
3885 3700
104 1926
2397 3196
4675 550
3590 1436
4201 267
1770 1180
3605 3605
3294 4941
4169 4975
1276 3509
781 2343
4872 1392
775 1869
448 286
3975 3445
1796 1796
2399 111
1053 702
401 1604
492 4756
4084 4285
3760 2820
4620 2860
2840 568
1407 2720
3808 896
1808 3616
632 4424
698 1307
415 310
2100 2100
1004 1255
2112 2520
2328 2328
1938 1292
3260 1304
2651 3844
3834 3834
3636 1818
679 4074
4845 546
3708 2472
4122 1374
3880 2328
2513 1991
387 170
2040 2720
2313 3855
2628 1084
1234 4319
560 560
4330 3897
2802 2066
4880 976
1712 1712
3720 2790
3708 2806
4968 1656
3280 4100
2910 4559
2041 838
418 352
1143 3429
1119 2984
1385 2880
1716 3432
2574 3432
3344 1584
2820 2197
2112 2640
1820 1820
3126 1042
1789 3594
3018 2012
4134 689
743 1486
4030 3154
327 38
4088 4672
2655 1770
3471 4884
3004 751
4735 4735
2044 4088
1227 2027
1432 1432
971 4855
1461 2435
2304 165
4505 1802
1384 692
1444 2888
3882 2702
221 128
859 4295
4488 3366
4803 780
3096 3096
1863 4968
2630 2630
2419 3663
2380 2856
1965 2620
2313 1542
715 4801
4256 608
3880 2910
3036 3726
3772 4636
353 282
618 1854
2190 3504
3878 2102
3532 3532
4340 3472
1740 4988
4413 518
4686 4686
4635 2781
2068 2068
124 2097
3318 1106
2772 2574
1374 2748
1071 1540
419 263
4392 3660
2847 4745
3036 1495
3760 2256
3880 4850
3948 1692
3176 1389
3006 3006
1821 4249
47 3196
2619 2555
1503 501
3300 924
3285 3285
3888 741
491 23
1002 1002
3816 954
53 3397
2114 3171
1360 3400
710 2272
3235 4403
4498 2941
2438 1166
3565 4278
3108 1212
923 4615
3984 3154
577 577
4119 4946
109 288
1935 3870
3376 1688
4258 2179
2199 3665
3405 908
4970 4970
117 1786
2145 3960
4208 1052
1116 3348
3806 3695
2348 3522
1800 2700
1794 2392
4345 1396
200 272
1384 3287
4740 3950
1499 346
1052 4208
4110 4110
4380 1314
1529 4155
1640 3485
1588 1588
660 1980
2590 2810
4692 3128
2283 4566
2155 1724
3977 4838
408 253
3808 952
3111 1037
1921 3222
3540 3304
1025 1025
2784 3393
3971 136
4438 2536
1265 253
2210 780
2957 2213
2136 1424
832 416
1392 4872
2546 3787
340 372
4050 2430
4095 4485
4576 4657
2150 1720
2502 278
3978 612
1745 1876
3526 2296
2475 1485
3412 4265
2663 1213
3592 2245
4050 3825
4740 474
2598 2961
114 107
3290 4418
4700 1692
134 4871
587 587
352 1496
549 3477
1262 1986
2184 416
4902 4773
3804 634
3768 2537
2715 3620
4210 4210
3880 4850
3514 3728
406 346
4731 747
4275 2565
1078 4443
2814 1407
1007 3021
2704 4784
4190 483
3582 796
3595 719
3065 4904
1270 2106
3584 2048
2583 1722
2565 3591
2451 3106
199 7
2100 2100
796 1592
2235 2082
4910 1473
2976 744
4344 2172
2059 2276
3480 2784
4977 3871
1906 4765
632 416
2016 1008
1818 1818
1760 880
2191 269
406 289
393 786
3465 2772
3686 4355
811 4055
4260 710
1608 1072
3295 2474
2865 4775
3878 3324
2370 1580
1350 2540
2970 1890
575 4025
1280 2000
1500 2128
57 142
1070 1712
1868 2802
748 1513
2575 1030
555 2331
3684 3070
3786 656
4250 3060
2500 3125
4152 2768
2330 4642
2961 1269
5000 4500
3784 4816
291 4905
268 81
1623 541
3970 3176
356 956
4080 3400
3123 4164
4308 1436
1790 492
1569 3661
1080 4680
4662 1386
142 3513
3968 3968
3809 4981
2130 2840
1992 527
371 353
2694 1796
3888 2160
1898 1316
3285 1971
1334 667
2640 4800
3207 3260
1611 1611
3600 3000
4338 723
1301 400
976 4880
1884 3768
4147 3190
1413 3359
267 95
2022 4044
4545 4040
1277 210
982 3928
4794 799
4508 644
1122 2198
3695 4434
4422 4824
800 800
3636 1867
3978 3978
3528 882
527 3162
1145 3713
473 475
150 4350
1636 818
1181 3339
955 3820
2174 1087
2967 1978
3485 617
2064 3440
4836 1560
250 5000
1838 1495
4016 3012
2552 3256
3604 2226
75 4070
124 173
4450 1780
3924 2943
3584 1784
4908 4908
4505 4505
4965 2979
1057 351
4044 4044
588 4704
4123 2356
4777 2321
4650 4960
1894 947
2652 3536
4706 2488
61 127
3908 2931
2632 4864
2280 1523
2480 2480
4832 3926
962 2886
3854 1990
1884 3768
1808 4520
3248 3248
2993 461
2547 849
521 3126
3944 3451
3711 3595
431 328
4750 950
3660 1830
1484 2569
3825 4590
3033 4044
3130 939
4315 2378
512 2048
2877 1918
2398 3488
3951 3775
1323 882
1125 1500
969 969
1190 3226
28 392
3320 4565
4522 3230
4544 2895
4628 3204
2964 741
1552 776
1572 4469
2280 3720
214 107
4308 1077
804 411
3054 3054
2772 3542
3180 3710
3400 3131
335 162
186 372
2193 731
4745 194
4103 2611
940 4700
513 513
4507 2115
3762 4446
1914 319
2252 3378
1769 4010
2484 3726
1034 4653
519 4671
2038 2998
265 205
3470 4858
423 4230
109 33
1144 572
1016 508
2627 3479
1668 1310
3408 2556
3577 4599
3120 3900
511 1739
2664 2664
343 343
2810 3372
1026 1748
405 450
2576 2576
1038 4671
3745 2407
2716 3492
4060 4872
4900 980
2271 1583
2946 491
3804 1902
1314 4818
3497 2920
4408 1672
787 1574
723 723
1068 4038
262 173
4394 3042
2600 3640
1125 3448
776 2328
149 894
4392 4880
1620 970
4986 2770
3872 4400
4544 4032
2247 2891
1480 4255
1236 1545
4103 2238
3009 3462
200 142
869 3476
855 585
2329 788
4745 365
1728 1728
3114 519
1611 4681
3138 1046
3493 3992
2070 138
1400 2390
498 498
1734 867
957 1914
758 1109
247 233
149 3576
2058 4116
3069 4467
3080 3740
3625 3625
1824 4256
1130 4194
2571 1714
2760 1380
3808 2448
3788 2241
3608 2706
2403 3738
2520 1260
978 885
234 208
3990 2660
4644 2322
2291 4582
318 3498
3012 4518
2132 3198
881 546
4878 1626
798 2394
4851 3087
1017 1907
3178 2043
4407 339
530 2650
3126 4465
411 189
2673 1782
2550 3825
3385 4374
4731 3819
4110 1644
1035 2070
2535 3897
3416 2684
1200 2500
610 610
4751 4849
3505 4907
4992 1872
742 2968
2491 458
269 416
312 3744
971 971
1285 4890
572 2860
1642 3284
2202 2202
444 1079
3172 1220
2652 2808
2130 4970
4728 596
4905 1308
4728 1182
1018 2036
4424 4828
304 343
4017 3399
3465 2772
2126 2003
1644 4110
600 375
4900 2940
2276 197
2026 3039
2720 2176
2283 1522
4944 1036
579 2895
1344 4368
1308 4578
3589 194
134 189
683 2732
3395 4850
4487 102
1840 736
1218 4872
835 4175
4101 4040
1706 2559
2976 4960
2130 426
2794 1649
996 4980
3648 1824
1377 4590
3035 4047
203 381
1675 4623
4740 3950
2143 2156
4116 2058
2074 3111
1584 3696
397 453
1011 674
3805 3044
1350 2970
3911 1019
3428 1714
2610 2175
4628 4984
4319 2270
46 425
4186 3003
3528 4200
458 1469
1317 3073
3745 2996
860 1720
2582 928
438 4818
3640 910
730 2920
3821 2424
2070 1610
1530 510
2580 3096
3180 4127
97 148
2996 2996
2736 2736
413 2736
571 1713
126 3024
2506 3938
547 911
2766 2766
2102 1051
1500 3000
913 2787
2139 1426
765 2295
846 846
2244 235
393 454
4800 960
1878 4695
2893 2032
4932 2740
403 806
1116 4836
1637 80
4295 1718
2046 3410
262 1834
1610 1359
2124 4956
2720 1360
1960 1400
2199 3820
104 290
3524 4405
935 3740
2075 3339
2784 2784
4902 1634
4952 3095
1310 1096
2885 2308
2382 4764
3320 4482
1046 1138
512 4096
2871 2088
3556 3048
1672 940
223 295
3984 1328
4165 4165
2724 4563
4743 1581
2900 290
4122 3435
3564 1448
3340 1336
1460 730
4180 836
424 4903
938 4690
828 4968
3383 796
560 3046
141 82
4668 2334
3150 4200
889 2754
1314 2409
3786 4417
1098 2745
419 1298
1359 1812
2937 2670
820 4305
3689 2907
472 472
879 2051
3300 1200
2007 4967
346 11
1948 4870
1914 1914
1794 4885
4645 3716
3360 2520
1694 1452
2639 519
300 2200
4086 1816
3772 820
3866 4334
2775 3330
3156 3156
382 3056
1890 1322
409 454
3948 2961
132 132
471 3183
4374 1458
2940 1960
1948 974
3587 2832
2515 4527
3630 4290
1574 787
1232 4158
2424 808
4116 3087
654 2943
1903 2636
19 192
1650 1650
4536 4032
2854 1940
2910 4656
4680 3240
2216 4709
2589 346
2163 2884
4695 1878
1560 2160
1084 4973
992 3968
789 2104
3825 850
2637 2501
297 81
399 3591
1532 3830
3413 1769
3325 2850
1656 4968
2570 2827
676 36
725 725
1778 1016
1916 4311
3373 819
4991 1426
2832 3776
1515 4545
4840 4645
151 31
891 2673
3105 690
3613 2559
3999 2976
4368 4368
681 2724
2106 1211
802 1604
3318 1659
4264 2132
3882 4979
2451 4085
724 3620
2784 696
5 2456
306 164
4278 186
4035 2959
3696 3503
4277 3055
4473 1207
2086 745
2716 4996
1007 1007
1240 2170
3133 723
1276 2702
2075 4980
1773 4925
2292 1719
4321 1441
394 398
4179 3582
1932 4830
1384 629
4188 4188
752 2256
4390 4390
1173 643
668 668
2564 1282
626 1878
1154 336
1498 1498
2694 2694
2105 842
2481 4508
453 422
3255 2170
2892 3856
1760 1613
1950 3900
4440 2960
3168 792
4003 657
4200 2520
1344 448
1708 3416
3310 534
2545 1018
4536 1080
1134 3402
1109 3274
85 198
4466 1276
3892 2224
1941 381
1880 3760
1076 2152
983 4915
2246 1963
1272 1272
2390 4780
3861 3510
4828 2782
3484 3618
4763 3897
3012 1004
1706 4055
164 59
4464 744
4589 4942
1992 4519
3216 4020
4240 3392
3680 3680
3433 1906
865 2595
3024 1296
3085 3702
1478 1547
4128 1032
4004 2574
1070 3210
1846 3313
114 251
2571 857
750 1170
122 4935
3615 3856
2608 4564
3648 1216
4963 3895
780 3120
3832 4790
3302 3302
3735 933
427 3843
934 4670
300 4200
2413 1575
474 293
586 4688
4150 4150
4421 3757
615 615
949 4745
4563 2028
985 1240
3432 3432
4256 4788
2708 1354
4098 2110
3725 745
3042 1521
1796 898
1929 1312
7 204
3496 4370
2400 1200
2295 1242
3276 1365
660 1320
982 2946
371 2115
2373 1582
928 4640
4975 2985
1214 389
4671 1211
1992 996
2712 3616
1595 102
161 230
1016 4064
3654 2175
2971 4192
3168 3168
3960 4400
855 3420
1187 2283
3147 4196
848 1696
1824 3876
724 804
1964 2946
1864 932
348 3480
1450 3072
232 448
3152 3152
2122 1061
2523 1230
367 3303
1340 670
4473 1278
586 2673
1107 738
2000 2000
3024 3024
170 4680
2037 3395
1653 2755
944 531
1207 4030
237 288
3790 758
982 1473
2045 4843
588 4998
1066 3198
1772 3544
1280 3204
967 3868
2752 4128
1610 2415
2450 2645
4355 1742
1467 3912
3256 4070
2697 4163
185 58
3588 4485
1047 2792
3259 2524
974 4870
3255 2170
859 4295
2911 835
1038 2595
1098 1098
2379 3172
4090 2376
1954 3908
293 2637
4225 676
4776 4717
382 79
2736 1710
490 4410
148 492
4662 333
2211 2412
3216 1072
4098 4643
152 3040
2376 1584
143 1430
1443 985
978 4238
3520 2464
4670 3736
1237 4939
306 447
862 1724
2264 3679
247 324
2263 1022
4110 1233
1728 2160
3427 3678
3002 1106
1701 1701
4500 4500
4417 4910
1524 762
2552 4785
496 1488
72 1532
377 239
4850 1455
1912 4780
1427 1316
4068 3051
3432 2288
3800 1425
1891 3035
4640 80
4752 3564
1888 3776
3396 1468
595 595
1752 3285
4180 3135
4793 1380
273 378
1960 1568
3870 3655
3822 3735
1038 3114
1610 4830
3756 2504
971 3207
3460 1384
2628 2628
3372 4215
1191 3748
4926 1642
1144 4004
2074 4148
2763 3180
419 154
2520 2520
468 4212
3016 2860
597 1194
3521 3018
4280 428
919 452
2892 2892
2416 3020
855 2850
3426 3219
1404 3510
4675 3740
1456 1456
2381 1559
304 159
4950 3300
4116 2058
1091 982
4620 1980
4722 2361
1622 2433
4271 1177
1798 2356
4692 3910
2108 1054
1732 1533
504 1848
2403 2670
3676 919
1884 3593
18 101
2776 2082
2880 1800
4445 387
3456 1728
4530 2718
4422 3216
2060 4272
2786 796
4136 1034
2910 1164
728 4950
4800 192
1824 1216
4895 1958
2838 1120
476 289
3872 1936
2584 2584
1639 1090
3872 968
1740 2175
2622 3588
836 862
4968 4048
142 4402
1888 2832
4256 1370
1170 2925
4830 1932
3710 3710
4429 963
456 52
4560 2280
717 1195
4840 972
4488 4620
1255 251
3920 3920
1186 4313
2112 2208
2232 4464
3806 692
3667 1968
3710 3339
3060 680
4977 3318
4393 1034
481 73
4014 4906
2188 4376
3745 484
898 1347
2200 1320
1694 3080
1528 541
4560 4864
3241 3704
515 4120
2926 3896
4024 3018
4200 4200
815 4890
4294 978
302 471
3812 3812
2584 1520
1408 620
1876 2814
511 1533
945 2835
4822 818
4165 245
1660 1660
1226 1839
4541 2028
3870 3096
4290 2970
3975 3180
1820 4768
483 138
2940 4200
1846 3692
172 1638
3148 1574
1536 3072
2844 948
3885 1885
968 968
2345 4221
2960 740
3434 3960
2020 4040
1008 336
2912 2912
105 1785
458 327
2619 1746
2124 3717
2625 4924
721 3605
2010 1005
3600 1080
299 405
788 788
2970 1782
2795 1118
3919 3442
1170 2106
3720 496
1009 2018
1414 4222
44 375
4284 3213
2056 1542
1776 803
1204 2064
895 4833
1038 2346
1511 3720
4176 4640
2595 3460
640 4480
2321 1214
1802 901
559 3354
1968 3608
4916 486
448 210
2712 4746
4308 2154
946 2163
3114 3114
3619 1645
4571 3265
3 4885
4830 2415
4655 2793
3231 3231
491 4441
998 1996
2010 1005
3268 1634
848 4584
148 154
2415 4347
3510 2340
4604 4972
988 1976
976 3416
4910 4910
4121 2403
359 1077
2674 1146
2919 695
2265 101
1384 2076
716 2506
2330 4660
1790 1536
19 275
4606 1316
4170 2919
3101 47
766 4596
3278 2682
651 3255
2866 2468
2364 3546
2652 2652
4230 3525
3721 430
2907 1938
4936 1234
4705 3764
3979 1043
386 267
2160 3240
1080 648
4250 3428
2268 4914
1911 4459
1400 2800
2781 1052
4214 602
638 1276
3492 1552
192 1474
2217 2956
2910 2910
419 1676
2085 1240
478 76
946 1462
4389 2508
4855 612
2900 4350
1912 3346
2912 2464
3429 2870
3635 2181
2464 2156
1338 3568
3296 3301
4755 2853
2940 3920
994 3976
4629 450
292 53
4385 1754
2156 2695
4940 6
2500 3000
2430 2430
1208 3926
1283 1828
3980 3383
3208 3609
2972 2229
3042 807
742 742
1375 4750
1855 2597
1071 53
235 269
4374 486
2810 562
2489 2430
3228 3228
4150 3320
1518 1518
2050 2359
4356 3168
3016 3016
4626 771
2840 519
3790 379
4745 4380
1530 4590
735 4268
9 7
500 500
3268 817
2998 2124
1560 3900
1392 2784
1910 3056
1852 3775
1614 1614
4986 1662
1722 3444
4005 3898
4302 1434
921 921
1510 2114
3248 2666
91 72
2079 693
3971 1045
2343 4275
2151 717
3280 4592
1332 2664
975 4353
2574 4290
2824 4589
4284 3927
797 4132
1904 1792
1986 4965
1755 3159
416 4011
201 385
1566 3132
3792 632
1277 1483
3648 912
2168 2168
4220 844
1656 1657
1664 3120
828 3036
967 2901
4983 4119
738 1476
3990 1482
4949 343
829 4938
223 5
1968 2952
3815 4360
2999 3620
3058 1390
4340 1240
1434 4302
559 1538
2744 1372
2850 1710
2184 2660
263 3042
784 4704
3460 692
1452 726
1160 175
417 420
2965 4744
700 1400
3038 4252
2824 2118
845 3718
2080 3536
1261 4562
649 1888
1001 4004
4900 3920
35 4346
2244 612
3934 2248
2132 4264
4447 2271
419 45
4608 3456
924 4620
828 4532
1812 3020
2247 2996
4862 3366
1411 1165
4390 3073
1562 1562
4508 1449
200 4935
2842 3248
2920 2920
668 4008
3750 4683
192 376
4535 907
852 4260
3394 1109
4482 2988
3916 4628
3552 2664
2585 3276
3248 3828
3729 3051
1870 3740
4488 1393
2295 459
3472 3968
3434 3838
2417 1526
409 262
3768 1884
3419 2893
4092 3265
4630 2778
2106 2106
4416 4784
4358 1743
4225 2535
3310 3310
683 683
366 3258
2937 2937
4872 4176
799 2397
475 3303
197 170
3216 2144
4060 2030
4729 4489
4800 480
670 4690
1572 786
162 4388
3770 728
846 1410
1364 1488
651 3824
3750 2250
2352 4704
4480 4032
3589 742
368 417
898 3592
1372 686
3919 4682
943 1886
1839 2452
1262 1893
1500 1180
4275 3420
1125 3000
3808 3808
3010 1735
2418 806
1560 4680
4386 731
291 4847
266 121
1896 1738
318 318
1988 556
4310 4310
232 464
2310 924
1572 4959
4080 1020
666 4662
3140 2198
2030 2862
2424 2424
4747 1010
3488 2616
653 4265
2 103
366 2013
987 2961
1545 848
3360 840
1006 2012
1360 510
1219 738
2752 4472
1930 1930
4292 3219
4025 4724
4788 1710
925 2775
4020 804
2257 3067
441 116
4690 469
2424 2424
4080 3803
861 1148
811 811
689 2067
1659 3486
3685 335
2980 2235
1602 3204
3057 384
1980 4356
4290 1980
3519 3060
1438 155
485 212
278 3614
760 1900
2634 1266
2940 4900
2451 1161
1536 4608
4803 3438
1002 3006
4620 2772
2565 3420
89 4223
2464 3542
4536 4032
1968 1312
1987 4585
333 188
942 2826
1551 517
1456 251
3370 3370
3842 226
628 1256
4514 92
3615 4338
3150 3465
4872 2030
2304 1044
4884 3996
1950 4875
2244 2244
3026 1667
21 25
4268 2134
4354 4354
3692 987
3504 4088
4602 3186
2085 973
4323 645
457 3656
3030 2424
1488 2232
4046 3362
1542 771
3952 3952
2925 975
2070 3935
108 354
4648 664
4325 2595
4707 296
4165 4900
4930 1972
4315 3452
1684 246
4285 3428
2760 345
2552 2552
2446 4128
4836 3224
3085 2468
3153 3153
1998 2799
459 316
4560 3600
3824 1195
3805 1102
432 4248
2403 3204
2925 4875
1044 1197
1208 151
3268 4902
852 1704
2550 1721
2412 2412
2660 3325
2870 2296
2099 3364
126 240
4402 1704
2355 3925
478 1728
4784 299
1232 2464
870 870
3529 4060
4440 4440
4465 3572
2886 3848
3689 562
4862 1547
4739 2708
2085 1390
3953 2484
153 394
4104 4104
2270 3178
286 53
2120 4240
4510 820
4118 2030
3466 812
442 2431
1664 624
2660 4655
3401 170
2964 3952
1432 2864
2838 946
2738 232
280 497
4855 4855
2102 1051
3027 744
4312 1568
3135 3135
1690 3380
2731 2063
3760 3008
760 380
2748 2748
2326 691
683 2049
3177 1059
1132 4245
2230 3645
59 125
2280 3382
4180 4180
4491 3573
4536 2772
4444 4848
4064 3048
1495 1320
4926 3284
3213 4914
2922 3409
1077 3709
3585 2151
575 575
1452 1452
2863 4666
279 294
4984 1246
4725 2700
3530 1758
3207 4276
721 3605
3840 3520
81 3970
1682 841
793 3172
4765 4765
1670 3679
2841 2841
1074 1074
4150 3984
1732 4387
164 82
3160 4424
2510 2008
772 3501
4086 2043
815 1956
107 3638
4083 408
1552 2716
3807 2538
2785 2228
3849 4102
3792 474
1287 2574
2679 2679
3939 1210
419 99
3904 1952
1211 4152
2335 4096
2865 2865
3703 3703
563 563
1020 4653
1660 1660
4180 1140
3360 1680
4793 1047
4445 1270
4850 4850
779 779
637 4150
247 460
1492 4849
2361 1574
804 848
1156 578
4540 3632
1010 4040
2610 75
2776 4858
4296 3580
4536 2520
1178 2296
2761 753
1916 3353
4680 1560
404 3632
4 70
1890 4914
2660 1330
3501 125
4848 4848
417 2919
786 3144
1537 959
4344 2896
2928 4880
2424 4848
2571 1611
2372 2372
236 4248
4338 723
900 4498
60 186
2384 1490
3264 2448
897 4616
884 442
1344 448
2756 2756
2725 22
3956 4558
3545 4254
1818 3232
667 2435
2601 4335
3594 2396
234 1872
3431 116
270 170
2595 2595
1520 2128
33 2370
3930 786
1848 1452
4842 1076
3422 1635
4640 928
367 734
605 1210
3428 1577
3456 1728
1512 4410
2655 2655
4626 3364
478 482
4632 2316
4626 2570
2747 2828
2838 946
1416 2832
1508 4524
3524 2315
3704 4167
2721 4535
4044 2022
1224 2624
862 1724
2702 4632
3762 1368
4516 4342
59 403
1358 3395
722 1444
2018 4798
3728 2330
1024 1024
620 620
4177 2574
2784 3456
4675 2805
4035 4842
2932 482
526 1052
2900 290
2661 887
1307 1790
120 467
3654 2436
286 3432
2472 29
2424 2121
2457 3003
738 2952
4266 839
4935 3525
3066 4088
1845 3075
1156 684
2230 2676
3626 4144
888 4440
4307 2448
118 324
603 4221
3328 3744
4360 105
4152 3114
3516 586
2760 2553
2189 967
3374 964
1318 2636
4044 3033
687 2598
3298 2522
1125 1250
2968 424
2293 4392
108 225
1890 2835
1470 2940
4535 3333
4163 1629
2712 4068
3790 3790
1186 4316
1600 4400
4662 315
2895 2895
2057 4075
2540 1016
2412 4020
2046 3069
1151 658
350 57
1590 2385
2541 1815
3027 4514
3366 4950
2435 3409
2637 1758
711 3807
1743 581
2356 4216
1234 3085
4830 302
3036 2024
3732 3421
2008 2008
3129 3585
245 294
193 4439
1216 4480
4788 1656
1805 361
2034 2373
1350 4050
665 2200
4746 2712
4631 2526
4942 2118
2569 3926
4329 666
4747 4646
3456 3744
4417 4382
314 147
707 4949
1840 920
4278 2295
3644 2733
4134 4134
2982 2982
1857 1018
4081 2332
2324 3320
1980 1320
1759 4394
2595 3460
4641 442
4396 3768
4045 3782
148 3
4192 3668
4032 3024
4860 2695
4990 2994
1770 2950
1874 3748
3820 700
860 4300
4245 2264
4199 2431
372 2792
1352 3042
682 2728
3102 1551
4846 2229
390 292
1916 958
1022 4088
1844 4906
654 3270
4308 4308
1221 2035
2020 2670
1908 1908
2624 4592
3820 3820
589 4107
1995 3325
3014 2192
3122 2899
2977 2306
224 364
4431 3165
1170 390
3730 410
1890 1890
2650 3180
3913 1118
4043 577
2373 2373
4816 2236
4880 4880
1577 2228
2115 3384
1072 3484
1857 3714
1268 4752
484 72
3336 4170
4540 3632
2698 4265
1488 3968
2640 3960
4914 1638
380 4667
2066 2066
1604 802
1725 2300
2379 3403
630 630
4515 2580
2926 1540
3201 3854
499 108
4434 2217
1863 2967
4865 2677
2187 2187
3888 972
4128 384
4870 2071
3620 3620
1662 2216
4090 4499
3200 4914
4015 1606
2403 3204
2445 2445
3337 2986
97 369
2013 3477
4368 3024
4157 2670
3330 4440
3648 608
1460 2190
4558 3883
4158 3402
3486 2324
3095 2476
1918 2899
1580 4424
3258 4706
3168 144
491 1769
197 17
4842 2690
4300 3440
843 4629
1512 3672
3933 437
4872 3248
2568 4879
3675 3150
3255 1705
747 747
2079 611
3495 3495
1344 2016
599 4792
3484 2205
330 209
1008 1008
1908 477
3485 112
3705 3990
3916 2225
3712 1280
4853 1331
2344 4102
1263 4210
3220 420
2577 1972
1953 3255
1872 468
4389 3135
1882 1979
233 135
598 1794
4991 2139
1066 4492
3944 986
3852 963
4646 1010
1266 2364
4158 4851
4362 2181
1846 4615
652 1226
3609 2005
2181 3635
944 3304
944 3116
335 146
1192 1788
2823 2823
2738 961
1370 4932
2304 384
2661 1774
4751 2106
1220 2745
1443 962
4788 4284
3885 2977
4064 3048
4884 814
2127 4963
1482 1062
383 275
1698 4528
1164 582
3413 2610
1726 1726
2613 2613
486 3159
3417 765
2695 4235
1116 558
1692 2256
3939 3829
1908 1908
4225 4225
2128 2660
4526 2609
145 109
2000 400
866 3031
1182 3456
860 4300
974 2922
980 980
305 4792
1578 1052
2471 1412
4788 2394
2056 1669
1796 1796
1176 3920
1176 1176
2029 2797
448 406
276 1702
4656 4656
4822 3606
1800 4500
2046 2046
2042 3063
2786 4669
928 3712
3128 391
944 4720
1360 4115
4901 4901
2988 4980
2436 2088
4147 206
478 368
1785 4760
3780 4725
172 3977
1872 2808
3145 629
3000 500
1730 4890
2980 2980
2900 4200
3700 3700
1709 4072
835 4175
238 238
4180 3344
3877 4025
313 78
4802 1372
2839 334
25 3069
2816 4352
4026 4392
4706 4344
3461 4133
1296 324
3625 725
274 3014
2912 1224
4004 924
4510 451
4494 1498
1179 2785
113 353
2787 929
3528 4410
3440 4074
640 640
3144 3668
181 2896
2983 4045
4097 731
2512 4396
4775 3247
4990 2296
2391 2391
2904 2904
4168 4168
1723 689
42 188
2370 948
1140 456
1752 2562
471 4239
1036 3108
1647 1647
2984 4009
2304 2304
1764 882
3984 3486
2787 2646
2329 274
4512 4888
2134 1067
1469 1643
411 27
2544 3816
966 966
3760 553
3825 3825
1860 1395
2704 1014
4483 4104
3312 552
3896 3896
3021 1007
4093 1564
930 465
2562 854
4080 1530
4592 1857
364 355
4433 1287
3702 617
3301 2558
3900 4875
4950 3375
1725 2300
1046 4257
4680 3120
2550 1275
1018 3054
341 3534
768 4224
3699 3699
2148 716
4927 3257
326 135
2780 2085
3570 756
3393 1932
3152 788
4695 4695
3780 3780
2426 3150
4272 2136
594 2079
1370 4795
2433 91
4490 4490
2015 3720
530 1060
4931 3486
34 77
420 3360
2568 3852
1719 129
2250 375
3186 4248
1599 4797
3977 1354
1688 844
1974 987
3950 3950
486 1102
3996 4440
2860 1540
4890 2445
91 22
17 178
1278 1917
4991 4991
365 1936
2840 2040
2596 1298
606 1818
1614 3235
926 3704
2732 683
3475 2780
3648 574
2860 1105
4512 4512
4770 2862
1971 1952
264 419
1612 806
4640 3480
4809 4656
2457 1941
4135 4962
2475 4950
403 1542
4367 2382
2130 3550
1935 2322
4582 2636
3735 415
470 1410
3710 4240
3097 1871
123 153
228 4560
4389 3135
820 1382
4983 4681
2690 4304
2850 2850
2321 278
627 1254
4500 750
1050 3150
2007 4402
1762 3524
4056 4732
1760 440
2173 368
418 438
3096 3612
3448 862
1352 4552
4466 3190
4944 412
4005 3560
3859 1825
4944 2472
3050 2135
3700 3700
3829 3236
3276 1092
1756 3512
2573 4980
543 4897
295 49
1590 2385
1209 403
3352 1961
1896 3792
3051 1017
2688 3584
4988 2544
4140 1980
2253 2253
696 174
738 4683
3332 4165
1882 941
2528 3792
3703 4763
47 424
2697 4495
861 3444
2604 580
1190 1190
3107 4780
3069 3348
2695 4382
3330 4440
3520 320
3465 4410
3978 3245
2355 3140
2144 2680
4544 923
4503 1432
412 113
3312 2576
1240 1860
2173 621
2451 1634
2910 1940
1701 189
4696 1915
3270 2943
1152 1536
3500 500
1273 684
298 1490
3864 1288
2510 2761
70 2695
16 184
4328 1623
3180 3816
3377 4203
1876 2680
956 2868
4811 4811
3620 1896
1644 4110
3120 4680
1971 1971
1771 786
1788 894
1047 3141
3101 1772
977 1920
349 193
4256 672
3504 2628
4553 700
745 2235
3150 525
960 2560
1083 93
964 964
534 2670
2672 1336
408 2139
3168 1584
4194 4893
2387 682
1302 836
211 485
3024 3888
3300 3300
4326 2725
1478 3695
3672 408
2816 2048
1470 4572
3836 2877
2012 1006
2199 733
1389 2455
811 1622
4641 1911
1620 4320
2169 2048
431 241
1730 2076
1795 3231
2705 3545
2982 4970
3020 3020
3180 530
4502 4470
1040 4030
4340 620
2057 4719
2834 1524
248 4898
2768 2076
4560 2640
1369 630
491 136
4390 2634
4440 1332
4565 2942
2662 1694
2442 4070
4347 2070
1053 1861
2135 3416
2409 3212
1016 4826
1764 1457
1584 2112
1564 3519
1953 1302
4506 1084
462 213
1730 1730
4627 1983
1629 1218
4536 756
2268 1701
4160 832
589 4024
