4126
209 108
2840 3692
4360 872
4937 2182
4800 3080
3330 666
1352 2028
2194 3978
2505 3340
2535 845
2504 1878
4539 2063
3861 429
2955 4728
4295 3436
1289 2586
356 232
734 3670
2808 4368
3043 2589
3900 3120
3151 3973
2315 3704
1590 1004
1024 4096
2219 4121
3717 3186
2400 3145
3368 4210
4600 4600
852 1988
2302 1513
465 322
1656 2484
2590 740
314 907
1484 2597
2235 596
780 4680
3009 2674
4913 1156
4095 3150
2346 4002
572 1369
3255 868
3000 4440
3940 3152
1324 3322
151 166
3420 4560
2408 3010
4693 947
753 4769
1110 4070
4761 1587
1197 2209
3944 2958
1056 1188
318 3180
3114 3466
2205 3675
4466 2030
4280 4815
79 4173
357 460
4716 4716
3556 3556
2744 1344
4242 3535
4648 664
4905 654
2311 3003
4320 720
686 4410
3097 3749
26 2468
2805 2805
929 929
3345 2676
771 4671
361 404
841 1682
1412 4589
1788 1311
1086 3620
4592 656
1526 2289
4284 2646
816 816
2037 1164
3212 657
59 288
2676 1784
4648 2324
1812 1812
820 4958
225 481
4470 2980
1648 2472
2387 2384
4048 4301
3580 2864
2925 585
881 3739
954 4770
554 4432
4390 2634
2018 266
3375 3375
2973 2973
3892 4448
3692 2137
444 433
1404 3861
1476 4428
1020 4948
3275 2620
4572 3302
3150 4725
2029 897
986 986
2908 727
4176 2088
1313 3160
3724 4788
1854 4635
3624 2718
4304 3719
276 384
1614 4842
2163 2163
3856 1844
3780 1008
2502 556
3333 2626
2155 3779
600 1800
2973 3964
2466 1644
1274 3578
4459 1274
1700 2550
3206 3893
714 208
257 64
2292 3056
874 2622
3425 1282
1210 2420
983 3932
2325 2325
2040 2406
1494 4482
3780 630
4105 821
1935 2744
4020 4020
3300 4400
1080 1260
471 491
438 23
3138 4707
1496 2618
2042 521
1406 1406
3596 1798
513 4332
3929 4553
1330 266
2896 2172
344 2752
4274 4376
4650 2325
143 1716
2232 1984
926 2682
414 167
712 712
2046 1023
2726 568
67 3752
3648 912
3050 1525
4850 4839
4121 3804
1086 2172
1796 3592
4483 973
3324 4155
1890 2646
4907 2103
456 2698
149 159
2864 3938
4872 1624
1554 317
2898 3864
3448 3448
4165 1190
4201 627
1716 1716
3408 852
771 2313
2310 430
4125 1875
4658 3562
4760 1904
2612 2238
470 136
2820 2820
3012 4016
4464 3384
1556 4668
4266 2844
2644 1983
4984 3459
2394 798
3648 2240
2935 587
2075 721
2250 2250
1276 1914
3570 1020
4191 2786
83 409
346 346
5000 2920
2242 804
2000 400
3712 1856
1632 2176
1206 2822
4665 1866
3456 1152
1209 4650
1011 1634
3360 336
772 3088
4914 819
1859 800
167 287
3165 2110
1136 1420
2844 2246
4199 2261
1428 4284
1980 2970
4397 4582
1420 2485
3766 3228
3549 2535
333 328
606 3636
3564 3564
3200 3200
1438 4868
482 132
3000 2040
637 4459
2973 1560
4152 1038
4788 4104
2496 4368
2383 2582
2815 563
2970 4752
991 4955
4200 960
1060 2120
295 3835
933 1866
2649 3287
74 400
666 3996
3633 519
2701 4818
4186 3588
2308 4616
2832 1416
1737 4746
4836 312
4806 1068
4820 1446
1574 155
1038 1384
3230 4845
897 1794
3427 2321
95 157
691 4146
3774 2516
1690 3448
672 672
666 2664
924 2772
1416 3086
3024 2484
4920 3444
3250 650
2710 3994
2520 1008
2056 3084
1089 3630
4597 1460
150 251
3660 732
4060 3248
4066 3999
161 483
3332 1904
3960 990
4172 1781
2840 2556
2739 3652
859 2577
613 4469
4475 4475
1695 2034
4730 1892
968 1156
175 128
2160 1440
3168 2592
1667 208
3080 1925
1904 3808
2527 1805
4616 1371
1638 1638
162 2106
2500 4375
4321 485
819 4368
3376 4009
2240 1600
1693 1996
83 209
1071 153
1025 3280
2335 3827
4501 1929
522 1044
872 1962
1827 4435
2916 1944
707 1414
89 2937
1696 2172
926 3704
4386 4128
4438 3170
478 4418
307 191
4068 678
1195 2390
2528 3530
726 4356
930 4650
2320 3360
253 788
180 780
3790 4548
489 1956
2769 1077
4680 520
4602 3835
2556 2556
170 2096
472 121
3003 1911
4750 1900
4217 1936
2709 903
4796 1744
3804 951
1129 669
1730 3460
4506 2253
1762 4405
135 1554
885 885
4405 1762
625 2500
2754 3408
125 8
3522 3522
3795 1518
2664 564
1362 3405
673 2692
1353 1353
1644 2101
3345 4014
853 853
1290 3999
3051 3357
3390 1356
3496 460
1215 3402
1083 323
39 327
2970 2376
3150 2025
2024 2673
2607 1738
3663 3330
2850 570
2649 3867
1144 1144
2508 396
2748 4580
566 4805
2034 1356
270 1890
4055 2433
2699 2781
16 142
4692 3264
1188 1188
3818 1682
744 2232
2948 4020
1808 1808
756 2349
3521 503
2445 4401
1320 4620
3149 3144
1392 928
2415 3703
3468 1445
2599 1347
94 304
2020 1515
2204 4959
3591 1001
2532 4220
3960 4590
1554 2331
2850 1710
3864 483
932 3728
4540 4994
4344 148
4716 3668
770 3080
3388 3234
3044 4231
457 45
1722 2583
3648 3344
1624 1909
4212 2808
628 2512
4500 3000
2212 2197
1458 4536
2989 2562
1376 2064
2306 1171
959 2877
3409 1948
3840 2400
1878 1756
66 35
1680 3360
1878 1878
3198 3330
1168 1168
3682 1315
4644 1674
4003 3585
855 4560
880 1760
4941 4880
561 3499
3080 3388
3510 3510
1695 4068
3047 2882
379 423
4180 2090
351 2808
1900 3572
4320 3456
2376 3168
690 2760
1611 194
2349 2697
4120 1545
1210 4840
1353 695
730 3650
4830 1725
4700 940
281 3986
80 198
3318 4424
3000 4680
308 2914
384 4608
1896 1580
4480 1792
4265 2865
4245 849
3588 3887
3476 869
547 273
3267 4455
3042 2535
2254 3220
1914 2327
389 209
2134 2716
1004 4016
1383 3314
4056 1014
4210 2526
580 4060
2345 2508
2800 3248
4182 1722
2991 997
3180 4850
483 2415
750 1750
3281 1544
3840 550
281 232
3774 4403
4977 2133
3006 2483
4020 1608
1216 2736
4180 3344
478 2171
2800 4025
1708 2928
4415 4415
422 4865
4645 2787
3552 3552
2050 4100
238 1378
334 59
3852 2568
4514 1464
1535 2633
3288 4384
703 1406
1302 3255
700 1024
1824 4560
4290 858
598 3289
3727 2869
1806 2709
1836 2754
4212 2106
3004 2843
435 466
1470 4214
2576 4232
308 2259
782 2346
4980 830
864 1728
3019 4205
3550 1775
2110 1688
4470 3725
289 2718
1344 2912
4374 3402
1911 1365
708 1599
44 429
2256 1440
1364 3410
1536 446
2224 4448
4095 4095
4620 3465
4244 2747
1986 3972
4150 2905
2976 2480
4383 1572
4275 513
4707 3138
2838 3784
3501 4289
371 468
871 1742
3756 939
4654 1040
2562 1464
2988 996
4608 1152
3553 2160
2430 3240
1446 3615
3768 942
837 1530
1548 774
2493 1385
3924 2943
1410 1077
292 423
3190 2900
4344 1086
4982 2734
2805 2695
423 282
917 262
2209 4033
3195 4260
3856 964
4249 4249
4556 3546
2290 4122
2640 3465
3715 1486
2686 233
84 338
4408 76
3255 3255
4210 1993
2745 915
756 4788
4885 3908
547 765
3384 564
1293 1724
467 4203
371 424
2745 2745
2436 2856
2000 560
358 211
281 108
2880 1152
3348 2790
2641 2407
5000 4500
1776 2886
4270 3660
2061 2486
4340 4960
1500 1500
4298 4912
3065 2283
1960 4900
1354 1354
2646 4998
710 2387
432 127
1023 2418
2847 1898
1937 633
1924 4810
3150 1050
978 2934
32 3677
1715 4900
1185 790
1928 1928
3051 697
2094 1396
1876 3752
1380 2760
3785 2475
255 417
4768 1788
508 4572
1338 258
3213 459
1444 4332
4875 1875
3294 1298
3084 3084
2932 2199
4236 2824
4795 1854
3948 4512
2508 4752
312 520
1434 2005
410 76
2163 1442
4452 4452
2721 1126
2895 579
2440 2440
968 4840
7 3646
4656 3880
2048 4736
3175 381
2976 2685
894 1192
742 742
3135 627
3711 3517
499 465
2292 573
4716 1572
3988 664
1886 4715
653 4571
822 822
4614 1474
1299 1299
1536 384
2888 1216
4215 2978
792 2376
1954 4885
2217 2956
2665 4077
204 328
2358 1572
4028 212
1077 1850
772 3860
1710 3705
1716 572
2875 4707
1878 4695
2889 4494
2600 650
3266 579
2466 2466
3052 1744
1845 2460
3286 1293
324 166
1389 926
1424 3560
1037 506
4290 2730
1354 1354
798 3192
3838 3029
3080 1232
4991 3565
314 314
425 4241
520 1040
2880 3456
4190 4190
928 4921
115 239
4972 3164
1703 3013
1155 1183
1250 2500
2799 1866
1730 2595
3400 3835
3177 3177
1644 4932
868 868
3724 2579
1148 2870
4044 674
1930 3860
1508 2376
196 159
1554 2072
4505 1325
2070 3542
3480 4350
4764 3176
3410 930
2119 3213
4400 80
4224 3168
1239 2478
4145 2547
3780 2268
1614 4842
4128 3096
966 4565
99 165
4898 4582
1160 1160
1214 2320
2136 3204
4944 4120
2571 2571
3893 4613
4320 3024
2094 1047
1428 1904
2743 4913
3780 1890
4284 4760
3306 1102
1085 2667
75 232
2367 3945
2576 1288
2848 734
2760 4830
3126 2084
3604 2703
4162 79
3550 4970
1742 1742
1632 4896
2143 940
2601 2601
4110 2055
684 1368
2593 4438
251 265
4767 3405
1840 4968
3037 3150
3870 1290
4579 4097
2730 1625
3236 426
3498 3498
2180 1635
2160 1440
4981 2573
4256 3192
2620 2882
4960 4712
668 4277
287 214
3624 4983
3132 261
4937 3348
2880 2560
3496 874
4906 2676
402 4620
2110 3165
4170 4305
3350 1340
1378 105
1032 516
3960 4752
2280 4940
986 3445
433 25
637 1274
4179 1791
2290 1448
4055 1622
3854 2788
3681 1227
631 4748
4120 2060
3236 4045
4040 2020
3697 1433
3380 3211
1810 3620
2115 3525
2649 3575
301 159
871 871
3942 2190
2103 4212
2584 3060
1707 1138
3705 2470
128 153
3094 2912
1950 650
2405 1443
309 3463
1707 3983
875 3500
2455 1964
3574 4741
246 268
4991 4278
4890 4890
1110 519
4792 2396
423 2115
1456 1456
1685 3703
3228 807
1002 1002
887 2661
4342 1315
4488 2244
4824 2412
519 3806
68 2080
196 297
4776 2388
3595 2157
4396 128
3444 1968
2958 4930
4250 3740
3055 28
941 941
4862 4862
3748 3748
2259 2100
455 455
1848 4620
2625 2100
4886 2344
37 130
637 4459
4270 1830
1412 4994
868 1736
768 2048
1041 3123
3861 1325
4280 2140
3336 2780
4095 1170
990 4660
4458 2972
3200 2400
2592 2592
3016 214
44 418
2048 1024
2460 3895
3649 4754
4320 3200
176 4752
4920 1312
4032 1281
1000 5000
2012 3018
1025 4100
2820 955
1776 1776
3320 3320
3159 2430
2240 1415
353 207
2456 2456
768 1536
301 4429
1104 2070
345 920
2855 2855
1057 1014
3768 2826
2310 3080
4140 1656
598 816
1548 1161
4606 2350
2190 2190
1570 2794
200 175
4560 4560
3405 3405
4087 909
1656 414
4944 1648
4536 270
3839 4044
1930 4825
4779 2655
1596 4788
2799 3379
4896 2592
2528 2528
1680 1920
4262 1002
488 475
3835 767
3546 2955
92 3616
2156 4312
1749 4081
1980 660
4350 1448
2275 4095
1948 4870
1794 1518
2287 4712
886 2658
4806 3204
2420 4356
4028 4163
183 106
1206 2010
2716 4074
1667 2902
1176 2058
2832 1416
2016 2880
758 2912
3374 4820
4180 2508
469 938
2625 4719
4887 1086
2387 4991
2163 3708
3511 744
402 480
1568 2352
994 2982
2450 3741
3580 2685
2793 399
2348 1174
4986 4747
2230 2007
4032 2016
870 1015
1479 1348
904 1808
3649 1513
3444 492
2300 2815
344 152
3510 4095
1145 4122
1578 4418
1386 1386
4410 4662
3288 1918
3194 4272
3750 4350
524 1048
2118 4236
3014 2563
2196 3294
4992 3744
2429 4164
3500 2566
214 293
950 4750
2190 2920
3796 1722
2094 698
1564 3910
744 4092
3550 4177
4212 4914
2670 3560
1712 4387
2937 1677
2450 3500
3298 3395
3762 4356
4497 718
273 312
2976 2976
4728 4728
189 879
1416 4956
4116 3087
2472 3708
3477 883
845 2535
1218 4872
3085 617
4423 1693
4900 4900
4396 1256
4501 1929
325 565
179 178
3952 4940
543 543
3002 2296
1788 1341
2238 373
699 2796
1030 4700
1054 4216
4829 439
3936 4428
1746 210
1352 2704
4100 1025
623 3115
1009 4359
206 376
2303 4935
4284 3213
1861 744
1714 3428
4851 4410
4788 3192
443 2901
2841 2841
415 3818
3940 2955
3660 3459
3900 2925
3630 1210
4638 773
4541 3936
37 456
1551 2585
4625 3700
4074 1971
3252 2168
392 1372
1176 4704
4094 2520
3836 3836
2140 3424
2350 4700
485 2618
4040 4040
1791 3980
2848 4272
1172 3863
53 353
491 3437
2959 1345
2801 3571
2727 4242
2948 4422
1472 2208
2984 2869
3675 3150
4080 2448
2345 3685
363 2165
2787 3716
902 1353
2645 529
2690 3931
293 138
4410 1260
1455 485
630 4419
2433 2433
2500 4500
1704 1704
1742 4780
4869 3787
3296 1957
2432 1824
1352 2050
3178 2043
797 3188
1174 2348
860 3359
340 341
3330 3515
766 2298
3175 2021
2106 2808
797 1594
3689 4216
2953 3249
4836 806
732 4636
1022 2044
1529 858
2979 1986
3320 996
4596 766
3961 3179
283 128
4014 2676
513 2565
2379 2939
2082 694
3570 2040
2247 3745
2600 3227
3234 4312
3805 1522
2262 1131
3814 743
3749 2119
4060 4872
4896 2880
2624 2182
406 187
1300 3250
3390 4520
289 4530
4180 1672
1776 1332
2024 1196
521 3145
3184 2388
2768 2422
3286 2332
3776 1975
3216 4020
1122 3927
3300 3900
200 1458
359 500
3388 3388
2580 3870
4347 3672
2976 2976
3987 3987
1490 596
913 1960
1615 3553
1464 3660
4818 4818
3336 198
4242 3030
2514 4190
1805 3971
1758 2927
207 52
3600 4320
3435 2061
4233 1982
545 1090
2170 1736
4060 4060
3230 75
2544 4452
2232 1116
2646 378
3841 1293
3582 796
2745 4575
2646 2646
4861 833
83 363
906 4228
1100 1925
3148 4492
1450 4350
3918 653
828 3726
1669 361
4044 1348
3382 4806
3672 2448
320 690
2031 2031
1316 3948
966 1932
4032 1484
363 448
3768 4239
3267 3861
1832 1215
4656 2328
972 2673
3405 1362
4148 162
3324 1108
2760 2760
1704 1704
1458 122
632 1580
3364 841
4585 1834
4726 3708
19 38
4984 4272
3148 1574
1321 477
785 1570
1872 4680
1872 1872
4616 1171
4900 2625
4137 1773
1604 4812
805 2502
531 2124
4484 1416
3490 3490
2930 2836
495 250
4218 3774
3192 3648
1090 3663
1892 3096
4650 2790
1560 1820
4042 381
4290 2002
2690 4304
2035 814
4499 3108
1908 4293
1444 3610
1088 4480
442 521
260 140
898 4490
1005 4824
1440 968
4790 2874
4202 1146
3980 796
4809 4359
1046 2092
1160 580
485 3880
1005 268
2510 2008
4956 708
819 3159
3107 601
485 12
3546 1576
1882 1882
4142 4732
2799 933
1851 3085
4450 3050
2611 1733
3996 1998
630 1330
1264 3160
3365 1930
4136 3102
2945 2945
2760 3680
3448 129
205 478
2300 1840
4500 1350
1022 4057
2280 1140
1638 4914
3450 690
1713 4595
4842 1614
2910 291
2571 4285
783 4694
4686 1562
1053 3978
1698 2547
1841 1173
53 5
742 2226
3150 3150
1940 546
558 1116
2397 4371
4825 965
2006 3087
2288 1144
3595 1438
2276 1707
2212 403
3465 4620
4795 3836
1096 4384
4621 3434
440 496
3531 4494
4832 1510
287 1343
3768 2826
892 3568
1827 1218
460 3261
1514 2271
3580 3580
4060 4466
848 3396
3980 796
2640 1584
535 535
825 2206
66 193
475 2375
1017 2373
4246 3885
1792 4096
4125 1875
942 4710
2050 1331
888 3848
3560 2848
3540 3540
1926 2067
1570 3925
3146 4004
4018 4879
3571 1236
5 258
2156 4774
839 4195
4082 4868
2604 3348
1636 1227
1506 4518
4166 2603
2840 4544
2488 622
4305 2940
2688 2181
1554 2072
1700 3400
1056 2112
4966 1392
100 327
4288 4288
1800 4800
1635 2464
3332 2856
3480 1740
1626 813
2603 789
4896 4968
3420 2736
634 4438
1635 1924
2150 4515
2530 1012
4735 1894
1119 1611
121 379
3294 2562
576 3456
4284 2308
2460 3280
1293 2155
2422 346
1273 4959
866 4330
2170 1085
2080 4160
3788 2889
238 4046
861 574
3894 4248
3945 2874
161 268
2450 1400
3794 2168
4585 1945
1618 4854
2559 2559
3189 4252
1450 938
481 2405
4501 3215
1850 3700
2783 1985
901 1802
2066 1033
2928 3843
3555 4133
4 37
1210 1452
3243 2162
706 350
3762 2574
3672 3264
1140 760
3053 2938
4000 400
2304 512
918 1836
4302 1070
3800 3040
4116 4116
3430 4116
3201 2244
109 323
3130 2504
1410 1410
1379 4833
3940 1970
3356 2517
2456 3377
884 925
2016 1008
1043 1043
2116 3680
1917 3105
3248 4060
2080 520
4644 3870
2717 1148
371 310
4270 3416
1850 925
2364 1623
1146 4966
2025 675
3056 1528
1865 2694
2499 4998
3198 4264
4624 3468
4588 4809
514 514
3848 2886
796 4776
4 1560
25 131
3738 1246
3168 1728
2827 1134
3608 2952
858 858
3950 3950
3079 1068
1377 4131
219 803
3845 769
2837 1754
2387 1085
2636 659
4334 197
4951 3422
144 413
4485 1035
955 2865
495 2781
230 4600
3135 3135
2931 2931
4752 2521
192 3456
1380 621
4872 4176
1750 2617
3405 1816
1148 4879
1964 982
2527 1326
293 365
2128 4864
3632 3632
1968 4540
2555 511
1996 998
4608 1024
4582 3588
2013 671
676 4732
1629 4344
1568 2084
3100 3100
1506 2259
2464 1848
4695 3132
471 196
4608 3328
1656 828
1283 4922
3975 477
3105 3105
936 3744
4055 2814
1296 3240
2349 783
4950 1125
1475 71
956 3824
2739 2739
1714 2571
257 3469
330 475
4985 1994
940 4700
3011 4812
1452 2904
2625 1050
1960 4900
4436 732
4067 2905
1134 2268
3454 471
251 1225
3255 4340
4774 3410
4040 2020
2353 993
263 320
2390 1912
4452 3816
207 2066
3232 3232
2688 1344
3663 3256
3541 3223
3656 4570
1996 4990
551 3857
349 208
4240 1060
1002 4509
593 2372
2606 2047
30 236
3585 4302
1192 1788
2214 676
968 4840
2044 1533
3744 624
3644 793
2328 3880
350 2275
3696 672
202 1633
3590 718
1500 750
4712 1767
4515 3348
456 42
723 723
4895 4895
4889 3422
1491 2343
3285 1752
880 3520
1739 3376
2316 3860
3280 4080
4712 4712
3427 2511
3021 2014
4401 2445
1100 2750
2866 2180
453 369
1406 2812
1670 4175
1861 2384
3735 3735
1682 3364
3648 2964
4197 1733
1252 3130
994 2982
4935 4700
2382 1131
3540 1180
2832 1888
2010 4422
3969 2975
266 478
1944 972
1892 3784
609 1243
1652 826
1503 2004
338 4394
973 3558
2193 731
3736 4670
1248 624
3318 309
1344 2688
4335 4335
3335 2990
3947 4378
74 260
3486 1743
914 4570
4305 1911
4655 4655
4260 4260
827 827
3231 3638
3450 1725
3848 4810
4450 3560
3289 1665
4715 1886
2190 1314
4465 3995
681 2560
490 66
4851 3234
1104 3680
4719 525
3552 2960
4992 1404
4344 3982
4857 4560
1332 888
2415 4830
609 2639
1544 4850
3220 460
4563 1404
4782 3985
3491 100
499 207
948 3792
1290 3870
3657 217
2295 1530
1228 3684
3357 746
2802 1285
3114 3114
4185 1674
1950 3900
673 3603
1694 2662
2283 761
723 723
920 1560
272 208
1876 1206
3626 1554
3595 4696
388 4268
2740 2192
1608 2680
2207 1485
1575 3150
459 3111
2926 4598
3057 3792
3180 2120
4480 3360
4487 3205
3085 1001
253 336
4635 3708
683 2732
4883 423
3102 1034
2985 3781
1390 4170
4112 1468
1101 367
749 1498
1031 4124
4858 1591
4235 1210
642 3210
1024 3072
3919 4955
66 94
180 3240
969 2907
4077 3344
1500 2250
4064 3048
4128 2064
224 3319
3012 1004
4696 4109
1042 3126
1219 1030
1455 4074
4069 1252
2058 4116
2751 2702
8 99
4860 1080
2904 3872
1972 4203
975 2925
2020 3232
1130 2260
4992 3420
3700 592
3196 3572
644 2576
80 1463
4806 1602
4068 3051
4204 1051
1544 2383
171 76
948 948
4088 1606
533 3551
3660 1464
1578 2104
486 2430
268 3222
2092 2092
2691 1794
1235 3990
4737 2851
2260 452
2886 4810
2708 677
1241 2407
329 295
2952 3936
2992 136
211 1395
4248 531
2756 689
1572 1572
1182 1598
1338 4014
1300 4550
3942 4599
981 1020
4945 4945
3992 2994
1352 676
1460 1609
66 339
2328 776
1984 992
2445 1336
802 802
1564 1288
1552 2328
926 2432
918 3978
715 3575
1013 3039
2778 1437
1758 1172
2115 1410
4086 4540
2861 3786
29 117
3660 2745
2382 3573
4428 3337
2472 1854
4949 2121
641 1923
817 4720
4672 3504
1421 203
4100 1025
2695 235
2300 2760
3700 4625
4444 808
4953 1765
120 370
2510 4267
4209 3111
341 922
4105 4926
3984 996
2395 1437
1642 2007
3552 2664
1960 4410
3948 3619
1843 1057
2305 2305
3380 3640
2025 4725
3766 2397
318 129
4150 4150
3012 502
4899 133
2640 2640
2391 4782
3760 2256
3125 4523
4008 4509
2169 2169
3276 2223
2358 2541
2750 2200
2210 3094
2068 4136
343 4357
427 187
3005 2404
828 2484
3823 488
531 2124
1322 1322
660 660
1497 2276
1534 2301
1490 4470
4560 3648
765 211
1160 1276
2438 636
257 2570
421 137
200 347
4020 402
3805 761
4862 3765
4050 4050
1466 2199
4065 3252
4665 1235
2452 613
4026 732
792 528
3219 91
3366 1122
4795 3425
3875 775
3083 52
137 195
576 2304
2616 1744
4419 4958
472 1652
4296 3938
2580 3870
2123 3411
4032 3024
640 2240
2442 4070
196 152
3232 2424
3608 4059
1424 1780
4313 751
346 466
3988 997
1932 4347
887 827
894 3129
4035 2421
2151 239
4115 2910
1740 1740
1825 4380
3910 1564
995 610
4026 1098
4435 2661
994 3479
1495 755
392 32
2919 1946
940 1880
3797 134
594 462
2704 4576
2976 3720
2654 3696
1587 3703
1210 3146
600 1800
9 4114
3318 2212
564 2820
3228 2421
182 1674
438 254
1766 2649
2120 1272
2881 3328
2665 4095
1019 4076
1582 1582
3394 3473
3165 633
3960 990
3178 908
150 2755
1838 1838
2832 984
2030 3045
664 443
252 218
71 2556
1983 3966
1757 3445
1698 4245
3808 2856
798 3192
4437 2913
2905 4067
4398 733
1918 3836
3377 3845
3656 914
380 3420
3685 3685
4617 845
161 328
4807 3289
970 2910
4283 3024
911 911
2844 3555
3700 740
1138 3304
1224 4896
2346 2346
1242 759
1522 1991
3952 2432
1968 1968
932 2097
4618 2300
366 120
2380 952
2484 621
1070 2576
4376 547
2979 1986
2457 4563
3596 2339
4728 1773
3360 3920
410 820
1406 3656
1128 2632
4830 4830
1551 2068
490 4303
138 33
1524 3810
1000 2600
379 2198
4880 3660
3132 2088
4809 687
4623 4284
2976 744
885 1770
4144 3108
1685 2177
2034 4068
1887 1887
1564 3910
3849 439
59 81
2970 495
4060 812
2058 2187
2020 4545
1232 4312
815 3260
1210 1009
4365 3395
1680 2520
3285 2190
2710 22
714 1785
2115 2820
1534 767
785 517
412 462
4824 1206
3234 924
1459 4114
1575 3780
3606 3005
950 1900
2195 3930
3868 4835
4720 3304
1996 2994
2754 1676
2125 425
3055 3055
3792 3160
1001 359
20 379
4224 2112
4510 902
493 2547
2691 2691
1692 4230
1440 1248
1087 2491
2196 1098
720 4500
1934 4835
643 686
3039 3039
370 2960
694 1388
1310 1023
402 323
3150 1500
4640 4930
1513 4449
3184 1592
653 4571
2416 2718
2522 3738
4329 481
3573 794
4872 1392
723 695
1071 765
405 3564
4433 2015
2303 2782
219 334
2776 1388
4176 3654
201 1730
3954 1318
2565 4617
620 3100
784 2916
3096 1032
4720 3835
1632 4080
1418 3896
550 1650
2136 1068
1320 4290
1275 638
320 329
1525 610
3130 939
779 1764
1838 4595
3277 791
2233 847
2432 4597
1040 2080
2061 687
1524 635
4431 447
4913 1156
3012 3012
528 4928
4360 341
411 485
2005 4411
3944 1088
4481 1635
4466 3857
1720 3440
4560 4560
4864 224
3640 4732
2802 1868
3354 2795
2703 3785
1298 2596
887 887
2628 3358
1796 3508
87 22
1980 990
2919 3892
3489 4115
2648 4634
4136 2068
3507 3006
3224 3499
4018 2870
3360 2520
3400 3400
1637 3532
4672 1752
3545 4254
2923 1185
4865 1259
316 385
1966 983
858 2860
3089 96
1545 3605
2695 385
1061 1061
4984 4635
1320 4125
2052 4788
3096 3096
1719 1088
4285 1714
1560 3120
1822 2733
4673 3101
450 192
2442 4070
938 3283
727 756
3264 4896
1983 4627
4816 2752
2679 4837
3063 2042
1791 2985
2790 2790
3585 3447
1096 3836
2760 690
1302 4836
3544 1355
82 318
2454 3272
1054 4216
309 3800
4530 3020
386 3860
1911 1911
4993 4261
698 3141
4864 2432
3052 872
2711 1370
574 3116
3856 4820
4920 3690
4810 2029
330 197
4284 1008
2508 3344
890 3351
2429 3817
4362 4362
3524 4405
409 3830
3126 2084
3528 2646
267 4272
4094 914
1031 2062
2345 938
3316 4974
371 911
242 83
2880 4680
1134 1764
2841 2069
4718 674
1308 2616
4965 3972
449 3613
1508 2668
482 3374
4319 4936
3253 4596
2284 2855
3832 2395
3360 2688
2028 3658
73 117
528 2640
1052 1052
3217 219
846 4794
4300 1548
1852 4630
2708 4311
2303 4935
801 4806
2847 949
2324 3705
612 306
3900 3900
2012 3018
2103 1969
497 24
1008 2016
3951 1756
3112 4590
964 3856
4180 2420
746 2238
4316 1788
4710 4710
4950 3960
3395 1358
3637 4656
3504 4380
3216 4020
4067 4648
3843 1835
415 347
2948 2144
664 3320
2415 3823
897 3588
690 4140
4608 1024
2843 3924
3759 1611
1122 4290
910 910
2483 4600
3556 2667
2304 3456
3798 633
2123 324
479 290
795 4770
2520 3024
1831 4056
3894 2478
2040 4760
3944 4437
3964 1932
3432 3432
4741 2586
4081 742
2294 2762
878 1756
4355 871
734 2936
592 1401
30 369
1926 214
2396 3594
993 3130
4064 4064
967 2901
1524 3810
1885 2993
3500 3500
1014 2028
650 1950
696 4972
2664 2664
3315 2431
3151 3836
4717 831
371 318
1776 1776
4704 1344
212 1546
642 4494
2066 2066
3836 1644
4531 1968
4367 4764
1917 639
2820 3760
1397 3946
915 2440
3735 4150
1774 2661
2331 1270
64 248
3608 2288
1874 4685
1714 4757
4215 843
3972 993
4052 3039
382 4865
2925 2262
968 4235
3040 1140
2302 1583
4540 681
2028 4563
3269 1401
212 3426
182 2
3842 678
2240 4480
2467 4329
2064 4128
4108 3081
4880 2440
3143 3998
3348 186
1080 2160
3460 865
1137 3269
1972 4930
2541 3388
684 4788
2644 1579
113 367
926 926
2227 4978
1886 122
3487 951
2380 2940
3170 3170
2765 2528
3764 941
3699 4932
3180 1272
967 4599
4184 2092
2300 600
4290 2860
582 4989
66 116
4632 1544
1792 1344
4009 3313
4257 1935
2085 3475
4060 4060
4151 3251
3120 1820
1170 390
1370 4110
2448 952
2835 3645
4675 1870
1334 2668
2701 2503
261 63
1660 4980
1281 4941
1774 1452
1260 4284
4158 1782
1841 3945
3544 927
3066 1533
1726 3452
886 2658
1172 3814
4438 2853
1548 3612
2835 4536
1949 2741
412 31
3195 4615
2574 4290
4259 1078
2289 763
4008 1002
4761 4761
1028 1318
3480 696
2700 4860
717 2151
506 2077
1358 679
3003 2002
522 2088
4124 3181
131 234
1920 4800
3270 1744
2808 3785
3647 1042
1821 607
1062 4248
564 233
2364 4925
3717 3186
1816 4540
2076 4560
762 2667
2406 4010
908 4086
1341 3792
340 392
906 1812
1460 2190
2264 2075
3284 2463
806 806
1767 1178
2691 80
2793 3990
990 3780
1656 4968
3779 2113
1536 3584
2562 4758
892 2676
575 3373
324 58
983 3932
941 941
106 2590
692 1384
1260 1260
3864 1104
1096 4653
3219 4292
1412 1412
3894 2832
1721 3400
2418 2418
1647 1647
746 373
1304 2675
415 326
318 3816
2859 1906
1790 4776
4097 4579
4104 360
1758 4688
1658 2755
3300 4400
4092 4774
2856 1904
2126 3997
3030 4040
3090 1854
4186 644
576 478
446 414
616 1694
2152 4304
503 2906
2430 3240
4745 949
342 2394
2708 795
4350 4350
3592 4490
1060 4770
2632 828
4855 1942
3672 918
1396 698
3725 3714
473 333
4536 2268
1390 3892
1418 314
4921 2109
2764 3455
2896 1448
3512 88
4016 4016
4634 662
2916 2916
303 3036
3078 2052
1824 3933
4984 623
843 3546
136 232
3006 2505
4284 3213
3474 4174
3716 3716
1816 908
1592 3980
53 4106
2827 4883
4032 3192
3570 4080
2481 515
3410 2728
2841 2841
2568 4494
1373 4360
209 148
2840 355
4608 4096
1140 1030
1736 2170
4490 3592
4142 872
625 349
3780 1890
903 2709
3325 3325
2097 357
3220 3680
630 3570
4564 1304
4421 1123
422 409
2000 200
894 4470
4267 2187
1878 626
4828 1136
1030 3090
4803 1849
4368 728
3663 2376
747 4482
1869 988
2745 1830
1784 2676
857 1714
4072 440
410 356
4860 4860
1766 1766
65 3677
4475 1790
4940 4940
746 3730
3432 1231
1397 1778
2740 4384
2067 1378
4201 10
4420 1768
1015 870
780 4680
598 3389
268 248
770 4620
4872 3045
199 1724
2862 3816
1443 3367
3540 1121
830 1149
2074 1037
4655 1862
1716 2288
3967 3489
1664 416
3364 841
1538 769
3703 3740
232 472
2394 1596
4228 3624
4882 63
4606 1316
1070 3745
3876 1938
1071 3309
3215 2572
3395 4753
170 850
2817 1072
3835 2301
2676 669
888 1554
3641 2492
264 128
3936 4920
4320 4080
3820 1911
1470 1050
331 3972
4518 2259
4541 1643
336 1008
4914 486
4482 3984
4230 1172
3535 1414
4550 4375
1850 2220
1931 4652
498 458
1690 1300
1188 2376
460 394
3476 4345
1965 3930
1940 1940
3765 478
2526 4631
4102 586
313 4695
505 3704
3186 3717
3665 2199
4698 783
2954 1176
167 409
778 1556
3948 1692
1469 1255
4515 903
1736 4340
508 2032
1593 2423
2632 3290
729 2916
1776 3552
1073 1609
4550 1750
342 3762
1740 2900
3412 1297
405 235
2112 2112
860 860
3400 4994
4017 1236
3664 1832
2873 1859
1904 860
1022 1022
1686 843
2864 1611
619 2198
4960 4216
4815 321
2271 4542
2249 2974
88 313
2421 4304
4032 2646
3521 315
1792 1536
1854 3708
2160 4320
1929 1108
4662 1554
3988 1994
1524 2540
1810 3028
4264 4264
1924 962
1636 3272
3301 1234
470 150
3933 3059
945 2835
1886 2861
976 1952
4393 4202
3380 2028
2586 1369
885 708
4598 2904
1752 2628
173 2272
3680 4784
3861 4752
1908 2862
318 3457
471 63
3285 2628
3718 1521
1746 276
2547 4245
2640 3696
3280 3690
535 2509
626 1252
1947 2596
4505 1060
727 3309
2460 2460
3144 3144
2826 942
1712 2799
47 357
2598 4330
4200 3780
3613 2279
532 4408
1836 3672
2836 4963
3583 2817
2127 1418
2859 953
1764 588
1419 2889
3696 1540
3872 4576
802 1604
2076 1506
184 44
2888 2888
2800 2800
4596 2523
4914 4446
1720 4816
3707 4718
3082 3643
2635 2108
3492 2328
4630 1852
4910 3849
934 934
4488 136
1408 2816
1901 1557
336 273
2592 864
3716 1858
4190 3028
2476 1857
1470 4410
1070 428
567 3128
1764 588
148 4144
2720 3040
3325 1006
606 3030
2964 1482
2019 3365
4162 996
161 305
1938 4522
4186 2392
2739 810
1941 647
1362 4767
2874 958
2788 3104
922 2766
3918 3265
3255 1860
4633 2251
3992 4990
448 4256
723 1446
3057 2754
236 339
1375 4750
1836 4590
4640 949
456 2280
2511 4185
507 3887
2392 1166
1068 1068
2943 4905
4959 3857
4406 2217
2016 4032
1426 3565
3172 3904
1519 3746
276 93
3760 3008
3213 3213
3610 3341
3759 2685
4780 956
4333 1238
1414 2612
2922 1948
444 4884
3496 3496
4362 2267
3184 3184
2432 3952
2030 1960
595 874
453 355
1952 2806
2130 2130
1037 4405
2288 2860
1395 2511
122 3538
4296 880
3536 1632
740 2220
871 871
1047 2477
2136 3471
4124 2062
1486 2972
2118 1253
61 487
3388 3388
935 2805
3161 3584
3424 3852
3096 3870
2500 4500
361 4375
3773 2401
3752 1876
4788 1764
736 2014
3020 2265
1298 4130
3366 374
4249 3345
1 388
1624 2784
1760 2720
254 1244
1500 1500
1232 4928
4260 2130
3257 2753
2478 4602
4770 4770
1674 4650
4722 2090
2266 3502
4224 1584
2604 1860
1058 2041
51 114
3005 3005
1762 1762
2893 1074
3598 514
3685 2010
1065 4260
4624 391
2838 3311
4132 3099
300 4350
3042 3271
2928 3294
1848 3234
1670 3674
3620 2722
145 81
2358 3930
1941 1941
1109 4564
1652 4543
2784 3712
4940 4940
3604 1257
4692 4554
1410 940
2656 996
746 2
1959 4571
2640 264
4900 4172
314 3592
117 200
865 1730
2233 4466
886 395
3534 1767
948 4029
3024 4320
3404 89
2046 3069
2580 2580
2739 4565
4154 3668
3376 1688
4074 873
4986 1662
321 543
452 103
3288 2055
2430 4860
2121 435
2013 4697
3912 1467
1176 735
3898 669
2160 432
3776 1888
4590 1326
874 651
2769 2769
3825 1530
4675 3400
727 858
498 500
2700 1800
2620 524
3900 1291
784 2912
2618 1122
4906 2899
1312 3517
882 756
1348 4381
1242 414
1388 2093
721 1545
572 3146
4613 659
2369 3354
300 183
547 4376
1978 4945
2846 1416
4284 378
3444 4592
3787 3787
848 808
3678 2452
762 4318
1325 265
3916 4278
4268 2134
4811 3396
4896 4896
4285 3347
121 208
3190 2090
3288 4384
2514 2571
2988 996
3770 725
831 831
4405 2166
4571 2612
2065 1652
1442 721
2913 1512
2178 3267
2104 2104
4648 1162
4058 1236
395 54
4368 2688
1065 4260
4453 4025
583 2332
2394 3078
4175 3340
3618 2360
3888 972
2460 1968
2024 1760
1237 4463
4136 3384
4582 632
3567 1353
528 4405
406 457
3424 2889
2673 1782
3592 1055
2569 3303
2430 1458
2605 2084
3383 3864
4312 3773
2883 1922
3195 1278
4342 1256
1116 3348
1410 1128
1236 4944
2415 492
381 494
599 4792
3105 3105
537 3365
943 943
361 722
265 1060
3659 956
1740 4060
4605 4605
2805 2550
759 2814
3935 3935
2652 3536
3936 1968
3345 1288
485 496
896 2688
2142 3213
2651 3220
1936 4840
2322 1290
3072 1984
2648 157
853 2559
87 1305
4158 3619
3226 2680
4740 2370
1664 2496
3177 2824
2308 835
384 163
3936 3936
3000 4800
4819 3694
2540 508
1166 3498
2634 3512
643 4829
4760 119
3710 2968
2862 954
3494 2333
4100 4100
1670 4008
2436 4060
4392 2496
497 285
1034 2068
4440 3330
990 4191
820 3731
4976 3110
1009 4036
3629 818
2136 2136
3534 3344
699 4194
56 515
2160 3240
1136 1136
84 1008
1950 2022
72 334
4320 540
4575 1830
2256 1545
2145 1859
3027 4036
3744 624
4650 675
4032 4480
432 2592
4186 1820
4526 3148
3810 2794
4950 3960
3895 1558
1379 886
360 294
4080 1020
892 1784
582 2191
3096 3096
573 2865
1392 464
1072 597
3045 4263
2944 3680
605 3465
1728 1606
780 780
2631 4385
589 2945
2538 4755
297 172
3825 1581
1917 639
2529 4457
4152 3460
1664 2912
2916 2916
4099 4777
3025 3630
1476 1476
4837 2073
4331 2922
4494 2568
875 350
547 2188
4942 1354
166 451
3087 4459
675 4050
1754 405
4086 2043
3916 4895
440 880
4093 106
4301 3910
2852 2139
2947 4210
20 3160
660 3300
4190 1676
946 4257
3700 1327
198 218
3690 4680
4214 2408
210 3169
4806 4272
4809 916
508 4064
2355 1868
4076 2038
2980 3576
1686 2529
2106 4845
3360 840
3311 1806
2778 1852
4413 2663
486 312
2664 3552
2178 2178
2129 3209
4870 3896
4975 3184
1916 958
1144 839
2685 895
1918 3836
4634 1324
1712 1753
958 3832
4914 4212
824 2472
186 1984
347 324
4354 4354
2232 2728
1022 3033
2216 1662
3570 1785
1414 3535
3475 2000
1482 741
4272 4272
2216 3601
3232 4524
3660 732
494 4940
1881 3663
3960 2135
224 451
2040 2040
4004 3003
2384 967
3490 3839
2292 1146
4491 4990
766 1405
4284 2380
3120 4992
3740 2805
3203 4689
1720 1720
1150 1725
3224 403
4857 791
450 477
944 3776
3890 4668
3033 3115
4308 3590
2022 1011
3125 125
1364 236
2486 2260
819 4914
2079 4158
401 2603
4070 4070
1260 630
1998 1665
2901 185
219 259
4228 2856
1260 1512
2907 4793
4860 4860
4076 2038
1470 2450
1218 432
616 1232
1356 3616
3584 2688
4717 4963
2409 3212
2338 1002
3952 2964
4487 3057
49 414
3066 4088
1498 3745
2751 3199
4288 1072
2314 3382
3712 3712
4866 488
4092 1860
790 4740
4886 2094
3668 4799
4750 3800
2584 1292
1914 2871
2564 1001
217 452
807 1614
4528 3396
763 1566
2932 733
1416 3540
124 620
683 2585
4374 729
4088 2044
782 3910
2673 4625
2685 2148
1146 4584
3942 2628
1114 4783
427 77
4053 4632
1926 1712
1557 2076
3531 3210
4994 4994
972 4698
1987 3316
3995 3196
2196 4941
1542 4112
188 906
1446 4338
4650 4650
4698 4698
3110 2607
401 200
4512 1692
1215 2025
1672 52
4260 2556
884 2652
2359 1348
4067 1546
2499 4641
4256 1064
2544 3975
4956 754
531 885
2589 2589
846 1410
1784 1282
385 195
2841 2841
2604 3472
1999 2344
2877 3836
4466 4466
4050 1782
4161 634
539 3773
3440 2064
885 295
2848 354
1332 4995
692 3979
4746 1582
2639 2523
169 5
1848 528
3168 2112
1320 651
2898 4830
1650 2090
1641 4923
3113 3817
1090 1090
3912 978
588 588
4085 2130
892 4237
2863 1636
2748 4580
3096 274
167 276
3015 1206
3795 1771
369 802
763 1308
2195 3073
4795 685
3045 4535
4466 2842
928 3712
1284 1926
2294 3094
3360 1568
2100 4970
1660 1245
4205 2784
109 305
876 3504
3620 2715
1240 1331
3408 1136
1960 1820
810 1620
123 4074
4304 2690
3521 3521
930 1860
3471 4489
4512 564
2315 463
4704 4704
705 2833
300 358
2390 956
2533 2086
2944 2253
4208 2104
2019 1346
692 1384
2102 2375
2583 1476
910 1820
2992 952
3341 1360
2408 2408
4132 4132
4200 1800
4672 2950
90 383
3728 3728
1404 3744
993 3238
1554 777
4180 1672
4105 3284
477 1710
3388 2772
675 4725
4585 2751
500 3335
2775 2775
4760 1904
3876 3420
1352 1332
373 297
3222 1611
2992 4664
1235 3136
1996 4990
1780 534
384 384
1962 2750
767 767
2390 3346
4008 4676
1890 1433
2940 2940
4320 1728
2811 4685
59 4076
286 162
3857 1653
3820 2865
22 961
930 837
3426 2855
1383 3688
2047 4785
1812 4530
870 3480
2901 1934
1380 1470
4572 3048
840 840
2548 637
271 2243
296 130
4140 4830
4248 4956
142 1621
4480 4480
4704 1680
1510 755
1204 1654
2975 3570
507 4056
4758 3172
2173 2722
526 1578
818 1227
4303 4303
139 4039
340 247
1332 666
1526 3488
2053 4679
4950 4752
1239 4130
3984 3320
1029 3835
4215 4215
872 3924
3360 3360
669 2377
1526 2398
365 4745
3032 1895
2140 3458
260 210
632 4424
3624 1208
2318 3991
959 1918
934 2802
2898 2254
1814 1190
1086 543
697 4182
270 4590
2316 4919
472 472
4500 2400
735 2205
2927 3892
279 418
700 2450
2390 2868
4443 1959
939 1878
451 1353
1670 2505
2320 4548
840 420
4218 4921
1920 4480
4988 1692
4158 1386
4422 4221
2328 3104
1662 3454
279 209
3520 1760
2004 1336
3083 4488
4368 2808
2648 2648
940 1410
4535 1313
2475 4125
3900 2925
872 3488
15 2329
2631 877
1556 3890
1280 3968
2000 2276
400 450
1200 4800
868 1736
1252 2664
1700 3600
3744 4992
2168 4336
1269 1590
2288 572
2805 3740
3156 3682
4901 1300
2720 2380
3492 1164
1415 2547
1679 4660
320 298
4256 4256
888 4884
330 569
438 1022
2296 2296
2959 1614
239 1879
2568 2568
2585 3619
725 3190
332 2004
1464 976
4422 3484
4632 2316
587 913
69 281
688 1720
3750 2250
1523 2418
5000 2000
1410 235
3008 3760
2075 1750
906 4983
4985 4985
1758 1172
1695 432
3855 3598
741 4446
4984 2492
53 4663
147 56
4680 4680
2952 2829
2097 1483
1005 2010
3367 4662
3674 1336
834 119
2838 2838
805 805
1312 656
2405 511
4750 4750
2094 1047
2268 3780
3043 908
127 90
3764 2823
3996 3996
1382 4175
2916 4131
2388 796
2910 4074
210 2387
375 2625
4035 2959
3069 3069
2611 2673
4039 1731
2136 4984
3699 822
1826 3529
358 326
3780 1680
4480 2240
705 2998
680 2380
3822 1092
718 1795
3523 1613
4704 3360
3668 4585
2704 2366
2608 1587
3156 2104
1041 4164
1674 2790
4364 1290
423 354
610 4514
1722 3444
4397 2249
1317 1756
2352 1960
1413 4710
809 3331
3522 1174
4848 808
4090 3272
2133 1198
878 878
1968 2952
1332 1776
2871 3100
98 456
909 1818
1368 1368
574 3689
2072 1554
4032 3528
1952 2928
947 1849
786 3144
4981 879
2112 4224
2127 1477
4941 4331
1848 560
3962 3396
2341 1815
215 4
2862 1590
3054 1018
844 686
2550 1020
2401 3773
4555 1822
3288 4547
3278 3576
3540 3835
2416 604
4146 2683
2850 570
3045 3654
4125 4125
2523 105
141 174
2178 1452
1365 1950
3569 2050
923 1846
2235 1788
2092 2092
929 1809
4326 4944
2992 2244
2848 4272
2465 1703
416 416
2991 997
4959 2755
1164 1833
291 365
3157 4510
2418 4836
3717 3538
1952 488
3856 3615
1530 340
3406 773
1292 3876
422 2532
1484 4664
3732 3436
4914 4212
4986 4986
896 4992
3217 832
373 29
4389 2394
1568 1568
3513 3766
2475 1925
3146 3267
3996 2220
59 1440
685 2055
453 1812
686 1715
3624 340
4140 3220
3243 4324
3855 3598
3480 3496
174 51
1242 414
2795 2795
627 5
1377 2754
2463 1642
4381 3707
2589 4991
1968 1312
2976 2976
556 2780
4924 2484
4972 1356
3168 3936
3784 4730
3962 4466
166 259
3928 4419
827 1654
4254 1891
2925 4875
495 2475
4560 1824
901 4366
3888 720
4585 2751
4664 4664
3484 4867
2038 2038
539 3773
4985 997
1833 2700
181 156
3052 763
1682 3364
1900 3781
943 943
1555 311
2739 2241
4652 1561
4788 945
2305 461
3420 4617
4983 2508
875 2625
2976 2976
4530 3624
4624 4972
491 22
1070 3210
2142 1530
4552 1316
548 3288
2044 511
1980 3300
2241 562
3575 4290
2640 1584
2805 748
262 606
3980 796
2100 4410
2478 1416
1980 1680
224 489
2352 3920
1767 589
4845 3501
3760 940
4004 572
953 1906
109 1711
4014 2007
2928 732
4634 3972
2051 2248
744 3720
1882 4705
2427 809
1157 4093
195 325
4810 1480
4896 3060
1383 4301
3180 1060
911 1822
4676 2004
199 4710
1188 3960
4401 163
2828 2020
2744 3796
1015 2639
1625 2275
611 4277
4774 478
443 108
287 3157
4956 3304
1020 53
2700 2100
1782 1782
1935 645
1768 3985
1033 1033
3410 2728
1506 3012
4955 2292
4444 4848
3300 3300
1198 2995
2667 3898
450 215
4505 1802
4825 2895
1100 2200
2376 1782
1980 4950
1870 187
1494 1435
3768 471
1552 4656
2180 1090
1317 4924
590 1534
2640 4224
2780 1251
4486 1659
388 263
4600 3680
2028 3042
4834 2300
1548 1548
3629 1528
2086 2682
2247 1888
1424 356
3312 2944
3412 853
584 4631
3706 4251
951 4755
2484 3726
4299 1184
57 324
2475 4725
584 4672
39 3543
576 4032
891 1782
2454 2454
4451 1917
2066 3099
2886 962
4067 581
4324 2707
2888 2166
1420 4260
1630 3912
1960 3525
446 283
3350 3015
4662 2331
3111 356
2640 1620
932 4660
4896 3060
954 634
4128 2064
4600 2760
4840 4235
1290 2815
3752 4690
1504 4512
4242 4242
1835 2891
419 124
2354 535
1773 591
89 1555
1086 724
129 1548
1792 256
1184 2816
840 4200
1635 3270
3105 621
818 1304
988 1976
3614 278
4315 1726
3838 2091
148 32
516 3354
2634 1756
1177 4941
1021 4084
4208 2104
1252 3756
3485 2007
4199 2584
1980 990
4548 758
1111 4254
4932 548
796 3980
1682 1682
2059 3748
268 133
4110 2740
1038 3114
1884 4309
3660 1830
3972 4634
1876 2814
480 571
2110 3798
469 2814
670 1340
1264 1862
1584 2673
1566 1044
2064 2064
4584 476
174 42
1794 3588
3521 3018
2855 3830
3145 4403
3584 2816
4815 3531
3655 1925
1400 3150
3420 4275
932 932
1218 2115
4704 3332
4072 1018
4878 3794
4720 1848
64 412
1888 4248
486 4860
1840 1308
490 4410
2568 4815
2954 1688
3730 315
4685 4685
771 771
3654 1044
2194 1522
2074 4148
1578 1578
436 4360
1454 2130
467 379
2883 1922
2102 2102
3770 3903
3655 731
1718 859
5000 3500
4078 1945
1960 2744
1956 3912
2004 4008
4199 3196
3515 1406
4448 1251
2972 2972
132 3967
324 428
1840 3220
4710 942
1609 319
1472 1472
3448 2155
1828 3199
3355 2388
3168 792
4860 315
4760 4080
25 894
2930 2344
1622 3244
1881 3762
1197 3153
101 218
3024 1456
4236 4942
1612 3595
1842 4605
2448 1632
3392 2120
2457 1720
3810 2286
938 4288
2250 2700
597 1531
4544 4544
2391 1594
1840 920
469 274
3 251
3145 629
1148 3444
1863 843
1890 2940
2022 1011
918 3672
8 4508
2376 1584
4515 3870
2901 3868
1378 3301
2607 869
3003 1001
3038 294
1136 1819
137 231
1952 1952
570 1710
4269 1540
2484 3312
1616 3232
567 3591
1389 2205
3545 2127
4067 2905
3348 2232
1172 3135
2205 1470
4094 3026
2751 2751
1661 3553
212 57
969 4845
3636 3636
693 2151
3970 3573
528 1584
3640 3640
835 2873
1272 848
3456 3456
4530 151
3504 3240
2142 4743
872 2289
1566 3915
2081 1654
118 88
3005 4207
3720 2976
3396 2927
4275 4275
1998 2664
2460 1230
3843 740
2848 4272
1960 588
4230 235
3120 4148
688 4816
3162 2976
3860 965
1624 2028
250 378
4806 4272
3630 2178
589 4318
1292 3230
1416 3186
3523 4607
1077 509
1854 4738
4920 2050
4392 2196
183 3065
3630 4356
3910 4692
1420 4615
3567 712
183 137
4823 2067
2765 3160
3274 2570
282 4700
1708 854
1051 2102
232 2798
641 1923
388 776
1240 620
1214 190
2596 4543
3582 1592
3618 134
1740 3609
201 2
3773 2401
340 510
4899 732
3984 2988
3570 4284
1166 1166
4149 687
348 1044
4424 632
4781 2049
3593 967
477 954
4576 3256
