2261
434 110
624 1128
223 2007
368 1451
1012 4048
3339 2862
4230 2430
3628 4804
1426 4991
3324 3324
828 2484
3530 127
2292 1910
1557 3633
1548 4730
1498 4885
100 249
3824 4302
1041 2082
1487 4910
4032 1008
2873 4862
3276 4095
2393 934
3295 1977
2395 3353
4144 2072
233 1888
857 2571
4775 3820
1845 3567
144 4365
266 143
1779 3558
2684 1342
1897 4583
873 873
2268 1134
1080 2880
3779 3315
2136 356
948 4740
2820 2115
4295 4574
606 3434
1368 3762
960 4080
1417 4365
130 229
1860 3720
2720 4760
1727 863
4520 3503
4160 2080
1584 528
787 2990
3084 3084
3498 742
1178 1178
511 3426
4146 3455
1268 4438
3416 4270
4435 4675
409 475
3492 582
3604 1802
3623 3536
4770 2862
2842 4466
1204 2408
735 812
1860 620
1134 4410
906 2718
4024 2616
2811 1874
4011 1719
2905 4648
394 820
292 250
3240 3240
2674 382
2508 3880
965 1930
720 4680
3018 2012
2993 4941
3064 3447
1030 4326
2012 1006
4403 3375
1912 3346
1796 3592
948 1422
2463 2729
150 28
4104 4617
2046 2790
2984 2732
2316 1158
4912 3684
390 780
2729 3180
2760 4600
1740 1740
2100 150
3729 567
3045 3045
2931 3908
958 958
2206 1538
266 95
4977 4266
695 3475
4406 3654
528 1584
138 3726
2048 3072
4570 1314
2626 1414
4740 4266
2697 899
1338 4391
2556 994
913 4565
4921 3515
3597 791
278 74
4584 1528
798 4788
3843 3320
1776 4440
3196 799
4134 689
1892 1901
2913 3884
3780 3240
2586 3448
4714 1306
4700 4700
739 1478
1702 1702
1405 1352
475 36
1400 4900
4576 4576
1517 1403
2115 1410
4040 3232
974 4870
2319 142
2920 2920
1990 1990
3336 288
2892 227
3858 1929
1040 3120
3840 3072
2781 2540
500 491
4777 1967
4875 4875
2836 1327
2115 2820
1220 1830
4860 1995
2511 3965
4369 3341
4896 2448
939 2817
3861 1690
1540 1960
1276 3190
2952 4920
4955 4591
142 382
3465 4455
4288 4288
1309 4469
358 2864
3576 4172
3464 866
2757 918
1822 1822
4454 4454
2800 4200
1361 2835
928 2784
1296 2592
899 2697
1565 37
94 64
4952 4952
2212 4424
3760 1250
1980 2508
2750 3250
3570 2142
4366 37
2552 3828
476 3094
2496 2184
1332 4687
3900 3660
1494 2241
2676 892
3109 706
471 212
1826 913
2676 3345
2870 459
4354 2177
4816 4816
3935 2361
293 821
3304 2478
4186 2002
792 3168
2068 56
4545 2525
2720 3740
3045 3480
53 3565
410 109
972 3888
2241 3735
1378 857
2400 4800
4202 1910
3033 1011
4290 1182
490 4410
2888 2166
2520 4920
941 351
4620 3696
3765 753
1208 1812
4518 1938
497 367
1350 2700
3435 2748
4920 4903
2043 4767
4962 1654
2870 820
1808 2022
1764 588
2758 1576
4774 434
4198 2540
1023 4092
4100 3895
2372 593
2305 3237
101 278
1284 3210
2301 3540
1326 2592
188 4512
1938 4182
1452 2420
3945 4865
712 1424
3550 3550
3236 4045
2720 705
4335 1734
400 2200
1926 2782
47 2391
5 344
1324 3972
1857 619
4599 1783
4720 4130
3576 1788
4662 1554
175 1274
4582 1975
1856 1392
751 2253
980 1208
4680 468
1240 1860
4928 3584
727 892
331 458
4683 2676
2700 2700
1964 1468
3792 1896
2672 2004
3520 3200
806 1085
4800 3600
3355 2684
2576 1932
676 78
4710 4082
3984 2656
802 802
790 1263
34 432
876 876
2520 4788
915 4165
1022 2044
1455 4365
1500 3300
1162 854
804 1407
2040 2040
2316 1544
1147 2126
1170 1170
1520 3344
730 2920
906 2874
143 384
2415 4830
3250 2600
2630 3671
4224 1920
4914 756
3880 2522
4364 2661
1510 3322
3512 3951
4912 1228
3028 2489
1892 1892
3458 4940
2992 4048
1654 97
19 333
3852 856
2235 3725
3516 3106
3556 889
2513 4308
4554 4968
3503 201
1700 4250
849 3396
4460 1784
3739 1255
3570 595
3732 3732
2512 4396
1886 953
57 172
2883 3906
4920 4510
4222 498
4760 3465
909 3030
4188 698
1047 1138
712 4272
2932 1466
980 2940
4735 736
2882 3406
3172 4758
3027 3027
4577 242
161 240
1824 4560
2043 4767
3413 4917
1197 2565
4046 1734
2950 295
422 2468
1906 3812
273 3822
3798 633
4259 3270
4590 3213
2421 2421
4235 2541
2189 2093
430 247
2145 2860
4536 2592
842 1761
4644 1032
2442 3108
1464 2928
2213 2790
856 2568
926 3704
2880 3456
1001 931
2344 4102
399 4788
642 2247
682 4292
462 267
4757 268
1608 4556
4550 434
1848 616
1672 2090
1670 835
2915 265
2926 3762
3702 4319
343 4116
4604 4502
427 4697
2127 4254
1149 2681
1570 1628
159 499
4912 4298
855 1710
3010 3469
936 117
3864 966
586 1758
923 1282
1894 2841
790 3160
4928 528
1220 707
2376 3960
2795 4257
1560 2405
1701 3042
101 376
2427 1618
3075 2870
1871 1512
2528 2844
3044 3044
1800 4200
2107 968
1780 2848
1368 1368
2496 4160
1744 4281
2868 3824
1230 615
4032 1152
3276 384
401 478
2564 1282
2589 2589
620 1213
4710 942
3444 1722
3978 2457
83 386
3057 2038
4806 4272
2872 4308
371 4669
3680 3680
4431 211
3876 1938
2459 864
260 178
1256 628
3982 3258
1274 4410
864 3024
4940 4940
4380 2920
1971 1839
3440 3440
4498 2768
3672 4590
2388 3138
3420 4104
4788 1368
4085 817
733 3692
359 176
459 3672
997 3988
525 2045
871 1608
4446 2964
4545 4545
1125 366
4338 3615
850 2975
4411 3609
2745 2537
4251 3270
2274 1516
3928 2946
993 1458
255 147
918 2295
262 4454
1232 2953
279 2232
3978 221
621 3105
870 4457
1611 2685
3039 2026
1188 1584
4235 1508
1752 3504
2490 3320
2164 2164
4939 4621
380 478
3745 1070
2305 1844
1939 4836
444 4884
827 4135
373 1119
203 2692
2790 2232
2844 790
3900 1950
1270 3102
1656 2944
1848 2772
927 3708
4281 2523
333 429
3355 671
1080 720
2895 3089
3888 3024
1908 3816
3320 4565
1622 3522
2994 998
3015 2412
1221 4884
3206 4627
1832 916
4784 2208
2945 1550
4527 3579
423 57
3660 4270
3012 2008
2914 1080
2598 3464
3756 3756
1504 752
2690 3372
4265 1706
773 4638
4333 4333
4474 4911
3069 4743
3010 1290
3704 926
3820 3449
36 289
4146 2764
4088 3577
850 939
583 4081
3306 2001
4123 3534
1669 2914
4389 3762
1476 4428
3132 4176
1162 3340
1995 4655
1740 2900
3507 501
2277 3559
440 156
4368 3696
1612 4836
2164 452
2492 4361
4884 4070
2816 3584
1941 4403
1242 1518
1696 4240
1540 880
4877 3483
1380 2346
1204 4515
4164 4164
181 2862
296 325
330 660
4720 4720
4050 2651
2136 712
3133 723
3444 1722
4 1847
2925 3900
1308 4578
2527 1805
305 3824
1190 1904
1562 3124
1982 991
220 4086
193 137
4955 4955
4995 2960
36 3595
4535 3628
3036 4554
1694 2541
821 499
1365 3276
4626 2313
540 3240
4862 2656
3503 1695
2464 3696
4884 4884
802 321
160 317
2064 3096
4806 3204
3452 2706
3563 509
3560 3115
2124 1416
3876 166
3200 4160
1600 4800
684 2736
1891 2038
2550 2550
1262 3786
2292 764
951 2598
442 497
4968 4968
2092 3661
4669 3238
3996 2664
4056 4056
3000 1500
863 1569
3070 921
3474 4053
292 876
4723 2665
3293 4272
1569 2092
2668 3335
655 2109
289 224
4728 788
4100 820
3915 4437
2865 2292
968 2904
3509 638
939 2220
1718 1718
2820 1410
3948 3948
2230 3552
4568 1142
4880 610
2943 981
1130 2032
13 342
1875 375
4235 1694
3574 1564
4606 658
612 2040
4440 2775
1412 2585
2994 4990
721 3605
720 4608
809 3602
2418 3162
2066 2066
2049 683
1772 65
175 264
4192 4192
2295 1020
1632 1726
950 3800
3377 614
2010 1206
3714 1130
689 2756
3027 4036
805 2415
836 4765
1578 1578
1068 3204
4560 4560
3281 4245
125 401
2660 1995
5000 3125
2498 4401
3476 869
1970 3940
898 3592
1567 759
2493 831
2506 716
1860 3720
68 1856
2195 878
1632 4080
1898 2886
2856 1530
406 308
1332 2664
2736 576
1959 1091
2982 4970
2652 3094
864 1728
4157 1823
1706 853
732 1098
2456 2456
3085 2681
3720 4650
3108 444
3871 1659
3278 4917
340 173
4662 4494
953 953
4454 778
661 661
3924 4905
3216 2412
291 1150
4113 457
2517 839
655 655
4362 1686
4332 2166
4900 1960
3664 916
3982 1661
169 453
1298 3894
2655 2655
3932 2054
4628 2964
1033 2066
1812 906
3251 3042
5000 5000
4025 4025
2607 869
1789 3705
1656 4140
3696 2352
1096 1644
450 3837
307 143
4700 3760
1638 546
178 15
3277 2938
4890 489
4430 4430
563 3918
2436 3248
3378 3941
4124 2062
2091 388
3852 3210
1722 246
4345 4740
208 2993
293 384
763 4578
2094 2792
2479 1788
4000 3840
1023 1364
601 601
4214 975
3750 4250
1924 4588
2754 3672
495 2131
2250 750
1059 1412
3300 3465
4743 3473
401 95
1334 1748
4770 2385
1907 3745
2187 1458
3729 4068
1314 3942
702 3704
3370 4718
1302 3906
1408 2816
2131 4866
1228 3070
1757 2510
4860 1620
3113 4371
296 358
1812 1812
1272 1908
1227 3369
814 3256
4312 3080
2235 2235
493 4816
2824 1412
3220 805
2821 2821
3450 1884
407 4477
2740 2055
3016 4524
1251 2122
127 237
290 580
1152 2880
1640 2349
1028 2056
2596 472
3099 2066
3994 4029
4410 4410
472 3304
723 3615
3764 2597
3490 4886
631 4417
3906 1736
3559 2634
226 184
3056 764
4716 2358
3541 490
2056 2570
1332 4884
3260 3912
2753 4759
4011 1719
3558 1779
1176 4900
2451 2835
3385 3385
1701 2835
3306 2204
503 2048
34 268
1144 286
871 1742
3020 4897
972 1620
1764 1764
1116 3348
209 288
1007 1007
2586 3448
4116 392
1350 4184
1390 4170
556 2780
2850 3990
1280 1310
72 368
2744 1372
935 2805
2603 124
1432 1432
4470 894
986 3944
2645 4242
4206 701
3884 971
2115 4935
3652 4254
1564 1173
908 3632
2802 3736
2481 2475
314 95
3936 984
4554 1518
1388 4670
2649 1766
2454 3272
1932 3220
850 4327
260 2080
730 4380
2958 986
929 942
2712 4746
1242 2484
794 3970
3989 2548
299 219
3535 4545
2832 3894
4716 981
3636 2727
1176 2352
1636 818
161 4280
2930 879
2352 2016
4080 4320
163 1010
3790 3032
464 928
2901 4835
1687 4886
426 93
755 1510
2324 1162
1058 70
1930 4632
3476 2844
3315 4290
834 4201
507 1677
4284 3060
1516 4548
244 406
2653 3032
4270 3416
3300 2475
4005 1485
164 113
4296 3222
2372 4744
3327 3713
1791 1194
4455 3168
451 4510
3857 1066
4122 687
3195 1065
2967 3956
4150 2328
1155 660
2184 1092
1958 979
1958 3372
480 471
3605 721
4200 2520
2218 758
2395 4790
2146 2294
4410 4410
43 3220
4496 3934
2224 1112
938 938
2599 991
334 3674
4018 4018
1634 4902
1620 2639
34 307
3870 3870
913 913
2511 1703
4095 1365
3861 585
481 4810
3170 2013
2304 1728
1024 2048
3966 2644
4702 1005
4059 2706
4524 4524
1452 1815
4138 863
487 244
2295 4590
4368 3276
3739 4903
236 3776
1330 665
4084 3063
219 1206
4589 3883
1219 477
675 2700
2822 205
1384 3114
2424 606
1386 1386
1500 2003
375 151
1722 287
3092 3865
2221 4803
1146 4584
2850 3800
3425 3425
3373 1311
510 1326
4109 1761
4692 1564
274 4530
4420 2210
4681 3473
4224 4608
2727 1566
77 153
1296 540
2936 2936
4664 2369
116 2900
3620 1448
3732 4665
1808 3926
4920 4428
3318 4200
2080 1456
4599 3893
2490 415
4564 3586
1476 3444
2683 4343
95 185
936 4680
3690 4920
1918 4519
4840 1815
4002 4761
1482 3458
240 2415
705 2820
1524 2540
2007 4014
3046 3765
4543 3717
3412 2559
127 889
1391 4030
242 292
1306 3265
4199 3315
2072 817
4563 4095
2975 2618
529 2116
1659 3442
1554 2590
644 4692
3255 930
4135 3141
3040 3420
2790 1860
3501 3890
3741 2230
326 144
762 3048
1444 4332
591 934
1998 2664
4935 4935
1323 3087
2545 3545
4400 1760
679 2716
1976 4940
3372 2327
1504 4512
4630 463
2919 2502
4805 515
31 294
3773 4851
3628 1814
3986 2476
3508 877
2040 2397
2720 680
211 980
2108 1054
2892 2892
1480 1480
2616 4550
1056 2112
2574 4914
915 1220
2683 1838
149 395
3608 1968
3132 1044
3350 3816
4488 1320
4280 1070
2464 4312
4668 2609
3696 2688
3132 3915
4606 2961
1842 3407
2142 2142
1853 4251
4725 21
3130 4936
404 436
689 3445
3054 3054
3965 4995
1858 3716
1033 1033
857 1714
1220 2360
4160 1600
1375 3575
742 1908
3254 3350
3870 1935
4544 3408
4472 4128
2181 3122
127 310
3232 1616
836 836
1724 2572
2480 2976
958 958
4904 2452
2864 239
4935 2820
630 630
2745 4575
3652 4390
1504 4512
2874 958
2256 2256
4189 1220
473 30
4860 4860
313 3756
2184 2616
1467 978
4065 1626
1536 1536
1040 208
393 3144
322 4991
1188 1386
2866 1752
2457 1170
581 3486
3051 1017
4428 3953
305 89
2016 1890
4875 375
3448 3545
3140 3140
4655 3325
2010 3015
317 1811
4176 1392
1057 2114
4000 2800
1107 572
3960 1320
1175 4935
683 4098
817 967
414 423
736 4416
1536 4608
1262 1697
3870 4902
1031 3093
1738 3476
964 291
1840 920
4368 4060
315 4275
4494 2486
2610 4176
2904 4356
3423 1467
3635 109
58 363
199 398
2470 3230
238 1134
535 2675
4212 4212
2658 886
4472 618
1970 4925
1900 570
2744 2744
1358 4225
4352 1088
3508 1754
3230 3876
114 3845
104 380
2568 3424
1044 4176
1652 2101
1006 3521
4180 3762
4944 2472
1431 122
3176 2382
528 3696
541 1623
2178 2842
2425 3395
1356 4746
3025 4598
2687 800
271 437
2838 4730
808 3232
3600 1125
4936 4936
510 510
4249 1214
4603 209
4785 1595
3552 3256
2787 3716
25 2728
4500 3750
4350 2610
258 1376
2648 866
10 328
4829 3073
3281 2316
4926 3828
1435 2583
982 2946
2526 4210
423 3805
3492 1746
1116 2046
645 4300
3047 3984
437 1311
3965 793
2380 1428
1261 1691
166 476
1104 1564
948 3792
4147 2707
3776 3776
2824 1412
4200 3000
782 2977
2610 3480
4504 3378
1488 3720
1732 3064
384 640
1945 389
4704 784
3856 2278
388 371
504 3024
2838 2365
3607 1314
714 714
1808 904
1632 4080
956 1781
316 2528
1080 4860
1404 702
1411 1503
4326 3708
986 2958
1738 1738
4339 4952
190 28
714 4284
171 4959
1173 4906
4433 3069
2420 4840
1820 1820
4651 955
2250 5000
1034 3102
3807 2115
1069 4644
1428 1428
2241 2241
4103 373
2376 3345
431 469
1761 1761
2142 2907
1344 1366
2074 2074
4710 2355
978 2934
689 4546
2808 1404
3597 2180
930 2325
2701 345
443 3987
730 365
3692 3692
2170 1674
27 24
1731 1154
873 4365
262 2018
1960 4900
941 2823
3078 209
1249 1261
2085 4170
739 739
4680 1560
2680 4613
1110 2220
3756 1878
4608 2304
881 642
373 169
3552 1776
797 3985
1091 4120
3960 990
4829 439
3824 4780
512 3911
2631 4385
3590 2154
3750 4375
865 1160
4136 1034
3474 579
2571 3428
1227 730
178 199
2292 1146
1805 1805
69 732
4456 2785
3120 3840
764 3820
1248 4557
1182 3546
3932 1966
4180 1520
2918 2957
576 3456
3750 4650
712 4984
1378 2484
135 186
3850 3080
2324 996
704 1576
4016 3012
396 396
3308 2481
3638 3636
1466 3665
1680 3600
4374 3888
3590 59
4090 4908
3925 3140
1953 651
527 421
411 236
3318 2212
4921 1406
2750 4353
4438 951
4056 4056
2391 3985
2485 36
3864 2208
2298 1532
1340 3350
2932 1135
801 801
4656 2328
4554 3795
1147 3282
312 274
3375 1125
4855 971
2288 1046
2108 1054
2646 1764
4370 3040
527 3731
3450 4830
2460 4920
1491 639
3590 2113
4263 2842
2990 598
2484 4968
4028 1963
121 192
2000 4000
3716 1858
1840 3130
4292 4292
3135 2090
2652 3978
414 134
3304 826
831 1662
1936 2420
3310 2069
3195 4615
1971 2847
2964 2496
4519 3459
232 301
1260 378
2534 2534
952 719
4068 2034
3339 159
2096 2096
284 79
2820 376
429 429
3325 665
3646 4156
2817 939
2060 3914
1911 294
1125 2426
435 58
1574 2361
1004 3514
4491 3256
4685 1874
4755 2853
4501 3215
1544 1497
4920 984
1876 268
4850 3880
4060 4697
2840 4970
3367 2405
1704 1704
598 1
66 195
2313 3084
4248 2124
1633 2652
4935 3948
954 159
2600 3900
810 4193
1376 1290
2112 3520
3484 3484
687 4201
2010 1005
3850 3150
2410 2651
2769 2148
177 220
1794 2691
3219 1443
3899 3989
3879 3017
2304 3456
2346 1564
550 771
1956 978
2868 3824
1380 2070
2916 831
3312 4968
3504 4964
1722 3444
3801 61
166 233
4970 4615
3792 1896
3830 4680
3069 4092
2409 1606
3970 4367
1493 2819
3780 3780
2937 4895
4401 4401
2308 2478
970 3880
1629 3258
4524 1885
671 3078
149 340
1737 3281
4335 4080
2766 1796
1720 2580
1998 4329
1989 1989
4606 4160
4560 480
2652 3978
3516 2637
3433 371
3668 3668
4472 2795
2915 4664
199 4238
58 342
3324 3324
1962 654
3102 3139
4272 2670
4890 4075
366 549
1413 762
3528 588
3864 4968
666 3182
4950 4364
3955 3955
899 1798
573 3247
1657 3258
259 402
640 3520
1515 4545
436 3022
4400 2640
2697 899
1485 1650
2207 195
1284 3852
834 834
1416 4956
850 3246
3696 3696
1924 2072
402 804
721 2460
261 46
4750 4750
1832 4580
859 1562
2255 1025
2553 2886
764 764
2928 4039
1472 3312
2900 1740
3775 755
789 3958
654 1308
1544 3088
237 2370
1790 3262
150 280
2034 4068
2948 4824
2104 3998
4419 3437
2217 739
1740 3132
1222 2532
1674 1116
1142 3426
3300 3300
3358 3973
938 1876
896 3584
3304 3717
1698 1503
69 495
2640 4752
4888 1222
3890 208
3870 3225
864 3456
718 718
673 3463
4032 2898
462 308
4578 654
1679 1962
3978 3315
1522 1522
2268 1134
1709 4093
160 126
4228 1208
2280 1560
1146 1863
3368 842
1958 979
468 936
1186 1323
4995 1110
3667 4825
3250 3575
3966 4501
3420 3420
1593 1062
2766 1844
1417 1837
138 321
3150 2100
1444 456
4268 4514
4632 3860
4709 277
3745 2247
2791 2171
3180 4240
348 1740
1292 1292
1654 2159
4192 3144
1690 845
580 2030
807 4854
92 108
882 2646
865 1038
928 1531
1546 1546
3760 2820
1632 4320
4580 3459
4680 3432
310 1860
3267 1089
4460 2929
1422 4582
3234 4389
4887 2172
465 4667
348 246
270 2700
902 4510
892 4103
3910 340
3320 3320
891 3564
3105 4169
1486 743
352 1056
3795 2277
1590 63
786 4716
1666 2023
3128 3772
3156 3355
337 413
4068 3051
1948 4870
2476 1647
672 1344
809 4854
628 2512
2660 3362
905 4525
2505 4509
1500 4500
1100 2093
2303 1645
1404 1404
611 1128
73 2955
217 63
3940 2167
3990 1710
634 1358
2658 1772
723 3615
4452 4452
1120 3924
881 2643
3544 1329
735 2205
2908 4367
535 2675
706 4236
1098 915
3330 1372
222 222
634 951
987 3948
3224 4405
711 4977
1660 1328
2745 3294
2248 3359
1350 3240
980 2450
3135 1140
4088 1664
2240 112
4855 2913
953 953
2224 1662
362 5
1828 1371
4496 3653
1504 1276
1009 1009
532 684
4290 2574
3494 2912
3680 4416
1890 1470
4710 1570
2581 2884
3600 1500
4815 3745
867 1734
4658 3420
121 430
2520 3780
4415 2649
1239 1377
2835 945
1869 3204
4602 2124
1310 243
3272 3272
461 2766
3372 2810
552 3901
898 1796
3376 211
2360 1770
1636 2066
254 64
3200 4400
418 836
2236 1685
2673 1782
3750 5000
3576 2682
4030 4954
774 1548
2590 2960
872 4469
2462 3087
1274 4802
3368 3368
651 1519
3531 3803
89 295
1984 3968
4950 3300
4982 4238
4450 4005
4757 4899
1422 948
2396 2853
3051 4068
2737 391
1052 4208
4042 1729
4665 933
4335 2601
423 3525
4620 1199
336 129
1036 3108
2046 3410
1597 3770
969 2907
1330 2394
4504 2815
4052 3902
2584 2584
2102 4204
3476 4424
3072 4643
460 230
3175 635
2376 297
3355 3301
224 353
3768 2826
4050 900
3523 923
2456 4912
3960 1980
565 3390
3637 4760
2455 4419
1976 728
3644 911
4222 883
1545 3090
2649 2649
630 2520
1802 982
343 274
2168 542
809 4045
3258 291
3848 2405
4235 2541
4446 741
2895 2314
4420 884
2304 4032
2212 4424
3087 1637
1196 1196
2232 1488
4248 648
3459 2843
335 106
2205 882
2901 1934
1829 3154
864 3456
2397 3995
2397 1598
1663 1031
1102 4959
2034 1356
3073 439
1013 4320
1466 2199
3220 644
3704 1852
437 4819
463 11
1512 4536
734 2936
1207 3310
4431 1266
4860 4860
2065 2891
4469 3955
2200 4620
4277 4277
3906 1953
1963 284
1780 3560
1072 3216
638 2552
4426 2848
447 234
3348 3348
1902 3804
4797 1513
1546 2319
262 3406
2653 1895
1916 4651
2134 4462
2394 3990
2112 3696
3284 1654
3737 4646
4750 1000
2555 4088
1230 4780
138 14
4662 1554
2892 723
4961 776
1827 4959
2340 4095
803 4015
2854 1086
2784 348
1640 3280
961 2883
167 3835
3105 3726
2288 4576
3868 967
1669 3981
492 300
1716 4290
936 936
4283 4076
1450 4785
2484 1242
4484 3304
110 4971
4068 678
2684 3355
1445 578
364 1891
1070 1070
657 3942
4109 3522
2993 177
95 46
1092 3640
3944 1479
1237 2267
2223 1881
1827 1015
707 2121
3420 9
1198 2396
391 3910
855 3705
1856 1364
2352 1036
4356 726
692 3460
2190 4968
473 392
2080 4160
2712 4068
940 761
2931 4885
3682 526
962 2405
1303 4397
1716 4004
3770 3335
1048 393
1580 3910
1354 677
4500 900
406 2842
3719 4149
250 144
2415 2300
1492 1492
2316 4936
2178 4554
2247 2247
1509 4024
1881 4482
3335 667
3392 1696
3996 666
4841 3943
3162 1302
4368 3640
1854 2781
1803 4634
468 215
4004 4004
1936 176
4651 4509
3948 658
1732 433
3840 960
3344 4964
1974 1974
2340 2100
1828 2742
4129 29
4380 730
1022 2044
629 1887
2546 749
452 310
3904 3172
3740 2550
4569 2014
4645 3716
4410 1260
3900 1950
3417 2976
1731 1731
124 434
3594 3594
2749 2731
3230 2584
1100 220
3816 1908
1153 4720
438 137
4272 1424
1179 1179
382 3582
991 2973
2781 4635
3956 2967
1984 2266
4700 4700
1098 549
814 4070
653 47
2394 266
4381 1011
3848 4810
3617 1832
156 61
4165 4165
3952 3744
1199 1250
3075 3075
2492 2492
2034 4068
4714 4743
1800 2700
4686 852
1148 1148
4324 2851
1958 4005
4062 4062
1982 3964
3337 4651
369 33
4968 4140
2889 3852
3242 4498
1762 881
1326 221
2484 2484
752 2758
972 1296
1983 1983
1956 2608
2454 1101
3036 4048
4032 1728
3880 3104
3717 2935
434 173
4074 4074
1932 966
429 4312
654 436
3091 1967
4438 634
1137 4609
917 917
1746 2619
2100 2100
674 2763
3204 2403
3762 1056
4535 907
4769 2491
44 382
1458 3645
2960 1480
1714 1576
737 737
811 1622
994 1704
3404 296
4036 2018
1599 533
4985 997
1329 1164
2815 2815
3700 888
554 3878
3883 4231
96 238
3220 4600
2248 1686
2147 2467
1413 1413
4935 1410
2712 3616
2352 4827
580 2900
1444 1444
2595 2595
3332 676
1092 3276
2844 948
3458 741
1655 4944
75 64
2205 4410
3303 2202
156 829
1158 4632
3672 3672
3132 4176
4125 1140
4152 3114
1755 702
207 4439
951 3782
864 2592
4696 4109
1401 2335
1788 3868
59 14
2860 2860
2580 2365
2522 3401
1848 1584
4248 2124
1380 2760
4301 3924
2160 3888
2529 3091
4060 4060
2892 3246
3328 4992
3738 4806
3069 4464
2986 746
92 101
2142 4998
2120 2650
2325 3201
2772 3696
4180 2508
3820 1528
2373 1774
2020 2020
1765 1412
4992 2496
3014 864
4722 3935
2628 2628
4048 3036
1689 2735
403 304
678 3390
4410 4704
4056 2818
2008 1004
3516 4395
4672 730
3013 3565
2196 4758
4764 2382
1544 2895
1432 2213
3312 1794
664 4316
4230 3290
1457 115
57 90
1584 2772
4671 519
1919 4250
2628 3504
884 4420
4837 4837
154 3676
762 3810
4000 800
1482 2223
3003 1590
2385 477
2436 3045
4209 1281
3315 98
425 295
4425 4425
1104 1104
2217 1730
3220 3864
4240 1060
1974 1974
1889 3956
3040 3648
3102 2538
4473 4473
1423 1639
3192 1368
4023 4023
1698 4245
888 939
355 294
4890 4890
684 2052
4208 815
2361 3935
2552 3190
426 1278
3792 4401
3520 660
4844 2768
822 3836
167 2541
546 4732
3288 3288
1944 1296
3514 4683
253 241
3464 2598
1022 2044
1740 1028
3717 4779
3390 791
912 1520
3751 10
1206 2010
2440 4392
699 4893
2659 4420
4746 4746
1618 809
3256 4440
2256 1348
144 73
1588 3970
2880 4320
300 4097
2628 4599
3780 4725
4760 3136
1712 2480
4536 3024
4522 1938
3824 4780
4337 3913
4998 4998
2912 3744
4970 1988
620 1366
151 361
762 762
315 315
3181 776
3978 3276
220 440
3564 2673
1980 2528
770 4620
2514 1676
4240 4240
2582 1374
1716 3718
3045 1624
2832 4248
3903 679
432 163
2142 4284
2945 1705
2478 2351
4750 4750
