3254
9 262
2628 3942
3632 908
4422 660
3070 614
3198 312
2823 3764
3230 275
4716 2358
4820 1446
1840 690
4758 616
3932 2949
3078 3078
4405 1762
891 3051
56 214
488 1952
2735 547
3522 4177
3140 4239
1374 3206
2088 1044
3747 147
4671 519
873 873
550 4400
1921 2369
3519 4692
322 1288
3012 4518
4989 2486
26 19
2073 2073
1848 3465
4548 1526
1545 2575
2880 4800
1040 2704
2659 4232
3906 3906
3039 4052
3400 600
432 4473
2646 4851
1674 3534
3948 2256
3958 2538
416 444
3773 4312
967 4835
4526 686
3564 4950
4640 2320
2300 1380
3306 4396
2967 1978
3376 2532
3840 2304
817 4647
4473 4970
2304 768
4900 3430
4192 273
153 160
4400 4400
4959 2088
1091 579
898 4490
2238 746
986 2958
2516 1208
4985 4985
4068 4068
3186 3186
4317 219
980 1372
2960 1110
1020 1700
3697 3122
47 374
3032 3790
1742 2613
483 1440
1906 4765
1808 4068
768 3072
1647 2369
2624 2624
3272 2454
3780 2268
663 788
2717 2508
660 1980
3718 4290
944 3275
262 60
1376 4032
892 3568
3150 4092
2862 4293
557 3899
4902 3268
3706 65
1150 2300
4914 546
1995 1470
210 2477
1048 2096
1168 2336
2303 2632
4734 1805
94 210
4367 3970
4320 720
70 4299
940 1410
3010 2365
3744 3744
3649 3642
2413 3175
2236 2795
2009 2009
2064 4287
3696 3234
1017 4068
2964 2964
3707 1951
217 77
4398 1466
3772 4715
3387 3851
784 1568
1654 1654
3680 736
4591 2921
453 3624
5000 1250
2850 1900
2260 3482
3928 1964
1344 3360
2262 3016
4803 160
128 17
4640 4930
2472 4944
3266 2027
2816 4224
3081 1422
2496 1664
843 133
3912 1467
4080 4080
1428 4284
4167 2340
2470 3211
2140 1284
3672 4590
2454 4577
475 51
795 4611
474 711
3284 1207
4520 2034
1542 514
1055 2110
4398 729
3612 3612
1556 1556
4066 2568
792 3559
1766 2649
2664 2664
4340 2604
2782 1929
142 426
3744 3744
4928 2816
2176 3501
3390 4746
2872 2154
2840 4260
4714 1480
445 4895
2979 3972
4560 2280
340 404
3784 1419
1150 1380
2506 3580
2048 1427
265 127
4518 2510
594 2079
3750 719
2312 3400
3486 1992
4997 3945
1839 2896
4864 3040
4540 908
2055 1918
3988 4320
1554 2590
3900 3120
1014 2028
2058 3568
164 353
651 3472
2952 2460
2937 3271
3748 2811
4978 3406
3684 1228
4819 2311
2331 3885
650 2600
2400 2160
3471 3303
4900 3920
1664 4368
4070 1628
3743 1061
300 292
2415 4830
1022 511
3797 4858
1026 1539
1406 4218
732 1464
2689 1497
3524 881
3010 1204
1250 2500
589 1352
3835 1534
1470 2450
4305 3280
1339 4052
343 149
3910 3128
1029 4116
2578 3666
2625 1050
547 547
2036 1018
1364 768
4707 2615
2904 2420
1764 4410
2893 2472
4529 4529
3240 2520
509 3563
1216 1009
57 356
997 4985
1512 756
1215 823
1745 1047
469 4221
4270 2135
3215 224
4752 1728
3180 1590
3120 3640
562 2072
1440 2160
4806 2670
2702 1544
3206 473
291 298
2195 1756
634 3170
3225 229
367 1468
3528 1638
2505 3006
3633 2693
1940 2910
786 786
1528 4966
665 3128
4428 1968
1832 2748
4342 3340
2460 1831
130 470
4536 1944
2928 976
2351 856
969 3876
2841 1894
2744 1617
3375 2370
988 4940
3906 2604
2028 2535
49 2386
3456 4320
4338 482
3213 4284
3612 639
219 258
2720 680
2936 734
1975 1923
3204 4806
2800 4900
264 1848
2753 2906
2277 4554
902 3608
2679 4465
742 3726
3840 1920
1134 3969
3408 3408
1512 2740
13 39
864 3888
1880 470
372 3461
2664 2442
2496 4368
1932 2116
3272 4075
3924 1635
3745 4494
4776 2388
4064 2110
1224 1836
2982 1420
3672 3400
992 4852
427 490
954 954
1274 1911
1606 360
4056 3042
3916 1958
1386 2310
2408 1817
1866 4976
3114 3114
3864 1932
3747 4781
4642 3376
4770 3180
4080 1632
29 1984
371 490
1770 2655
3444 574
354 1166
3570 4641
1638 4914
4887 3801
2788 4539
3906 4557
1756 4390
941 2823
3526 2797
4280 2568
2910 970
890 3560
1950 1452
482 55
3672 1632
1000 5000
2228 920
1354 1354
2190 4380
3150 900
2784 4594
2284 2855
4420 1625
484 2178
1520 2287
1647 4392
1013 4052
389 389
625 4520
396 171
3810 2286
2121 1414
1656 3337
2024 3542
4284 1836
3430 3773
4742 2012
2292 3438
2792 3839
4290 2574
4817 868
946 1892
2587 3980
3102 4512
4069 4287
300 191
4032 4032
1208 906
1631 833
3045 2030
835 835
976 4148
539 887
3252 3794
4765 2859
3942 3504
1823 2713
638 2871
4930 1479
256 1024
1709 3761
398 450
670 2680
582 4656
299 2526
4832 3624
4384 137
2040 4590
877 2350
4430 1772
3636 404
1430 2002
3018 4436
4896 4284
4400 4400
507 2197
1551 2869
377 138
4424 3792
3612 3956
1139 4131
3936 4920
705 2115
1260 3150
4212 2927
3570 3570
4760 1190
2030 3045
2478 2671
2158 1079
2130 3195
4740 3950
4584 1006
167 24
1095 365
1160 4350
1890 1247
4350 4650
2109 2553
647 1941
1912 2811
2160 2280
4776 796
679 1358
3783 272
2940 3920
3585 717
3460 1730
304 1751
419 365
1089 4719
3084 1028
513 237
637 1911
4180 836
3110 3110
1678 2961
4356 99
4004 3003
4116 1176
4227 1306
3570 1666
1942 1942
1944 3888
4595 1293
67 398
143 3718
1077 1436
3891 1436
2409 4015
4151 1186
4596 3830
2483 2954
2109 703
3971 2888
4026 4026
3682 4767
4853 844
2692 3365
3766 1076
1133 4278
365 184
2838 3784
3304 2478
610 4506
4992 416
3318 3318
3930 262
1220 2580
353 3177
4254 2836
2736 684
4200 2335
4356 726
4704 1344
970 4365
1197 702
233 231
3384 4230
4376 4923
2765 3549
3786 4417
669 3345
622 2488
242 743
1422 2133
985 3940
4025 4830
4672 4795
420 2940
4504 3941
3888 4176
1942 1703
421 134
3156 2630
928 3712
2500 3540
3405 1362
752 4512
3730 373
1218 3989
956 956
1698 4245
2892 1446
2216 1658
460 4140
569 2276
4605 4605
1945 4851
333 419
1850 1480
3437 2946
2039 882
3605 3605
776 3880
3270 3270
1013 2536
4400 2400
1270 3937
4700 2820
4683 1169
355 4260
3138 1569
4671 4671
3758 3351
495 410
1936 2904
4544 1136
2915 4672
3792 4740
4725 4725
1430 3575
18 705
2514 3352
966 966
2583 4305
4034 1379
1935 1290
2915 2915
2646 2520
4734 1822
119 260
2849 2072
4560 2736
2345 512
315 2772
2200 4950
2875 1150
700 4877
1590 795
850 850
3656 914
4522 4618
2040 3060
2355 785
4237 4014
2106 3916
302 120
4760 4284
4640 2610
722 4762
1914 3828
2250 3750
1892 2838
2155 1027
3930 4585
2058 1029
1504 752
837 991
565 2825
2979 4965
3312 3312
3838 2807
150 393
983 983
3042 3042
1176 2534
764 3056
2550 2040
882 882
3885 857
2864 3222
3150 4200
2912 1248
1832 1257
4524 3016
1630 2445
4925 985
4000 637
403 158
2504 4382
3256 2072
4907 4842
4319 1234
839 3356
538 4842
2919 2929
948 3318
2482 3942
680 3960
3084 4515
3422 1298
193 2702
4563 2028
3627 3030
408 300
710 3550
1617 2156
1735 671
1007 1007
754 3886
2054 1027
963 2724
4884 2849
2600 3250
3500 1680
1244 4270
2916 4374
3692 1846
1450 2175
3777 532
265 355
4260 710
4602 4602
3765 1823
4480 2240
1176 3780
791 1582
4155 938
4270 1015
2799 2799
3455 691
4795 3165
3612 1290
673 2019
851 2553
4158 3449
348 4
1596 4788
4344 3258
1979 1568
2074 2074
4020 3015
3050 3660
2248 2363
644 3220
2968 1060
1720 2795
473 2611
3714 619
4380 2628
2256 1504
3657 3560
380 8
1404 3744
1380 2070
3557 3444
1647 3843
2013 2013
2440 1220
4980 1979
4592 3608
3208 4812
3010 430
2209 3428
3420 3420
3951 3512
1394 2788
4505 1958
443 355
4576 1760
1208 1208
2015 3437
3944 2958
858 3003
4346 2226
3477 1571
3632 454
1884 942
3101 886
2391 1750
1308 2616
3346 4302
2523 841
3325 4232
261 482
2766 4610
3108 3108
2400 2409
4904 4291
243 2835
1854 3090
4839 4027
1036 2072
534 4005
1944 1944
832 737
3100 4960
4655 1715
2105 4631
4975 131
423 192
4656 1746
2054 1027
3345 3759
4902 1634
1875 1625
4059 2178
1320 2234
594 4158
2673 3861
3791 4014
232 1822
4408 4408
460 1840
3255 651
2109 3133
165 255
2324 1162
4806 801
3887 4379
3600 1800
2990 4784
1340 4020
1808 4643
1803 4808
3848 1924
1008 3024
2747 3006
2640 4620
1666 1666
3388 4356
3090 2523
162 53
1128 4512
4095 1755
1331 3881
683 2049
3080 1232
1725 2300
2623 1471
2836 4963
956 1912
2610 4002
1423 1426
648 1944
2580 2150
2765 4424
452 727
67 157
2511 4860
3132 3915
2650 3615
4188 4537
836 418
3024 2646
343 930
2667 635
2084 4168
3648 2128
4559 3134
3840 1920
1332 4070
2232 2480
3956 212
76 356
792 3168
3072 4608
997 187
3366 2142
1196 1794
815 2445
4908 3979
1329 2215
4870 3896
2030 4060
3869 4110
4550 2912
4908 2454
553 553
765 3379
332 16
3983 1707
1473 3437
2161 219
3546 1773
2622 570
3500 700
1542 280
3320 3320
4850 1940
3458 2470
787 3054
2988 2988
4836 1209
2365 1705
1417 488
447 471
1922 4805
3689 3162
3323 230
4032 3087
1048 1048
1600 2240
1505 2008
982 2946
252 1260
3144 1572
4140 2511
2184 728
1203 4812
4554 3795
1071 1724
293 246
2855 3997
4740 3555
721 1094
4956 354
2766 2766
1497 4491
4264 4450
2960 2220
3621 4473
3448 4310
396 2978
2133 711
1230 4100
3304 2891
1940 4473
330 452
3664 3206
218 4578
3499 4130
767 3835
940 3760
2466 2466
93 1537
3149 201
2684 4636
2064 3096
753 1098
2568 642
3456 2592
3608 4961
3836 4544
80 396
4105 4105
3950 1975
3715 1585
2766 4149
4026 366
1551 564
398 4277
647 4529
3260 652
852 568
4932 3787
1413 4710
3256 2738
1414 2121
3000 3961
387 97
3976 2982
528 528
1337 685
733 1466
4950 4400
4719 2574
694 82
3808 4624
3276 4095
800 4975
373 696
4081 3710
1708 854
588 3528
3750 4533
447 279
1006 4024
3192 4536
411 2429
856 2996
2835 3969
4788 2052
4179 4631
4986 4155
2448 612
4870 1948
1690 1912
2648 2317
1408 4224
762 4572
3538 937
353 437
2241 4482
3033 3033
3509 2358
1824 1216
2195 3073
3728 1864
3248 3370
4880 4880
974 1948
3731 4797
68 3620
4020 3015
1128 4512
4347 4536
442 708
348 488
1880 1645
4089 3384
4870 231
4752 2112
4085 2365
2205 4998
1146 4219
4797 234
4104 1368
2379 3965
2063 203
2680 3752
3435 3893
4975 995
4404 3312
197 80
3237 2490
3888 972
44 1961
615 2460
627 1881
4904 2452
3750 4334
3122 4906
3905 3905
223 4906
4138 4809
4344 4344
3664 4580
3332 3332
3009 2692
495 404
2652 884
264 1584
76 3851
1984 3472
1846 1846
1764 441
477 4323
4182 492
2010 670
1824 4332
2151 4046
4080 1632
1812 4530
4985 1994
1828 1943
1 16
1242 1863
4620 2464
3686 211
1641 3021
3616 3616
2079 4851
2921 4360
3177 2471
1695 3955
3780 2520
1322 3854
2610 4930
4836 3484
866 433
1347 650
151 267
3500 700
2214 4428
1720 997
3063 1021
897 3588
3174 3174
153 3764
4977 2133
420 2100
3875 3100
4454 229
4345 2607
3116 3116
2264 1132
830 3706
490 187
1314 1314
3240 270
1151 3672
3894 2596
2500 3400
4142 3924
2462 3977
4655 931
780 3120
3630 4840
4679 572
4656 1164
832 1664
3105 4968
1726 4839
188 307
2772 3168
1988 568
2701 1350
487 3896
2355 3925
3712 4640
2143 3076
1378 3445
684 2052
4025 2415
1924 3814
3556 3556
3472 1550
936 936
3758 2770
241 275
4435 887
1195 3585
4441 4931
2188 2188
2538 423
3774 3145
2964 2651
1494 3735
4200 1200
3000 4875
4663 690
2288 2860
2244 4488
1938 1938
4255 3660
265 472
2907 969
3385 2708
2475 3165
4928 3080
2926 4312
4284 4284
213 2543
3336 1112
4260 1704
4650 3720
427 2822
4816 1720
552 552
1428 2142
4186 2673
497 480
4977 2765
863 2589
2137 1767
2842 1344
798 2128
2479 1072
3949 1322
2016 3024
1055 2110
2772 1386
1430 2598
1834 3275
1560 780
3300 3300
2096 2458
352 322
640 1920
4680 4680
4978 2731
2844 2844
1554 2072
1238 1238
4942 2499
2820 2115
3021 2014
716 2864
2224 4846
572 1859
2913 2913
639 4473
1959 293
15 165
884 3536
1448 2896
265 2860
1638 4914
2070 2070
1092 936
1379 4108
1800 900
1660 830
3848 2368
1825 3982
4602 3068
2870 1722
2490 498
3202 285
483 3
1500 2250
2130 1065
3901 4980
3950 4740
2397 3196
995 2985
4622 2160
3740 4114
3616 4520
1936 2640
1264 4311
3584 3136
3672 1224
3430 245
1865 4762
31 122
4329 2886
4955 2973
693 564
2910 2328
4980 3984
3045 2625
2935 2734
3146 605
4200 3255
3762 684
4939 3656
195 585
984 2952
3654 1044
684 4706
336 306
2360 2832
3024 3024
2177 315
4165 595
4272 534
4208 3156
930 2813
4540 908
4070 880
2820 3948
3524 4946
4395 3516
2372 3558
2067 4134
3336 2569
312 284
3428 857
4028 1696
137 4887
4186 1196
706 1412
4304 4842
486 4049
3050 1220
1798 2697
1008 1296
1236 2584
3390 1356
2244 1496
1474 2948
347 711
424 223
4023 3129
2355 2826
2391 4902
1857 1238
4420 3910
4116 4116
2127 351
3336 1112
4214 4214
3005 4207
591 1915
1560 3120
4825 2895
3552 4884
4705 1142
58 86
777 3885
2150 430
2185 2683
3978 4641
4345 2607
3600 3600
4276 2117
1568 3724
4460 2230
4230 4794
3952 3705
3927 3366
4781 3415
3520 4664
884 2122
488 104
3515 703
2976 2046
2119 2250
2835 4347
4464 1488
1818 1616
369 1403
966 3864
1438 719
3564 648
1686 4223
3339 2968
788 3152
3688 4610
4618 3985
375 252
2682 4470
2853 2853
2578 3984
616 4928
3843 1098
836 1672
4572 4902
4642 2954
310 2945
2336 1460
2245 2318
549 549
4655 931
4160 2600
255 4325
20 279
3855 2827
3564 810
295 1544
954 3498
1752 3504
2979 1986
4190 2407
942 314
1088 544
1638 1365
1265 2211
2148 4296
2900 2175
527 1054
3953 219
427 157
1400 1960
4705 4705
145 3204
4456 4456
3230 1900
3480 870
4583 4525
3656 2285
2952 4428
822 4521
4441 2881
4352 3808
3564 4455
850 3400
1702 1881
338 261
4200 1350
1022 3577
468 640
4348 2174
1792 512
1689 1126
1123 4796
1584 1584
3712 4176
4968 4968
4881 2728
3835 1475
1356 452
649 4543
295 1427
282 253
1605 3210
870 1740
3723 2243
930 930
4410 3969
3753 2085
3261 1656
4420 3400
4606 3290
2272 568
571 4971
3096 4128
1781 274
1256 628
2646 1288
46 331
2590 1110
3672 2160
3488 886
2090 2090
4685 3748
4940 2964
3135 223
3928 982
3718 3380
1020 4590
633 4988
2901 967
3704 3704
3960 3080
3496 3281
62 486
4656 3104
2124 1062
3532 1626
2062 1031
3472 4712
3876 2907
1786 2300
1785 1428
2982 1278
2145 1430
4967 2117
511 3066
2768 2076
3809 3516
1795 1383
262 303
3720 3100
630 1890
660 4978
1836 3213
900 900
1185 2370
3229 4864
1804 3608
4900 980
190 190
3529 3475
1806 1806
2672 668
3840 2304
4662 3700
181 338
4669 2001
2980 3576
554 4363
1524 2540
2380 2856
2079 693
1193 2178
3648 4256
4360 4905
674 3370
1335 3392
1063 4252
3605 2060
3340 2505
2098 204
228 330
4680 2340
3794 3252
3119 3868
4760 952
3915 4176
2368 4144
367 2450
737 3350
556 4448
2655 4248
2304 526
450 3150
747 1494
3325 3325
3406 4384
22 131
2555 4088
2862 3816
3716 379
4132 2066
1492 1119
3740 1870
4406 4024
4400 2640
3084 1028
558 4836
1671 2632
1390 3892
400 4160
4890 978
3683 549
17 444
4840 4840
4110 4110
1855 73
1341 1043
638 638
3564 2673
2561 68
2645 529
4990 1497
4776 1592
953 2107
4864 2944
657 4599
3519 4692
1257 882
340 395
1542 771
2400 2700
3246 3419
4880 4880
900 3060
1980 4950
1280 3089
867 3468
1656 2484
1790 4475
3785 2510
3300 3300
1208 2416
430 3440
3997 1362
201 440
1995 3325
554 3324
3070 2335
4726 4448
1556 778
4053 3474
483 3432
2205 4410
1800 3000
1948 1948
1833 2181
1012 176
1746 873
4720 944
895 255
444 459
496 2976
840 1680
24 516
2359 3707
4602 1534
2940 3920
1549 3400
4800 2400
1972 986
3864 2415
130 1966
4102 4102
3780 3240
4180 2280
886 3060
441 21
1426 1426
2388 2985
2056 527
1029 2058
3710 3180
2208 2898
818 2091
827 4962
1006 2012
4816 3440
3655 341
2211 2948
2695 3850
2940 4165
3720 3634
495 96
1003 1003
2396 3594
2215 3703
440 4510
398 3980
3521 4527
2042 2738
3012 4016
2985 4179
2346 2346
2516 3254
3840 3072
4212 4914
2980 2980
194 2509
416 471
3888 3888
4230 360
3203 2052
994 3976
4744 3558
1042 1042
1072 388
4680 4680
3680 3680
2720 2176
1684 1858
1004 2008
1992 2988
3093 1031
2597 3996
363 182
935 4675
873 3492
451 108
4086 3632
3834 2556
3724 931
371 770
2682 894
1592 796
504 504
773 2201
3536 884
3092 773
887 4435
418 2467
405 394
2823 3764
4200 2100
2559 1775
2710 1084
1316 3948
1402 1402
4083 3657
1530 3570
770 2090
2991 2991
4172 2221
3528 4410
1654 1654
3330 370
1726 3513
129 142
4848 2424
4845 4199
1953 2986
828 4581
1130 3955
3894 3540
4055 4105
4830 1380
4862 2431
2584 3876
3774 604
4599 1314
4864 2432
3664 916
4840 823
144 300
3582 3980
1980 3960
4472 1837
4500 1800
2748 4580
1116 2232
3858 4470
4165 2499
3295 3295
770 385
2341 2480
1840 3680
2105 842
1575 3150
404 4257
188 458
3372 3372
3696 2464
2003 1431
1762 1762
3675 2625
4653 198
4790 2422
3284 2463
669 2676
2404 3606
1696 351
3576 2384
2982 4970
4840 4840
890 2075
140 382
988 4940
3690 2952
961 604
2316 1737
2145 2145
4915 2949
999 4968
2901 4835
4905 3924
1235 1235
1695 1824
3565 4278
1300 2600
2012 4024
569 3245
16 57
888 1776
4776 3980
743 1320
2830 2830
4370 2470
3006 1002
4318 434
3156 1052
610 4270
3476 2607
2019 3461
2000 2000
4155 1662
964 4820
3781 4732
452 386
1200 4400
1692 2256
898 3706
2635 2108
913 913
1855 2597
4928 3369
2808 936
3126 2084
796 199
1532 3265
4905 2725
4147 1001
684 2052
4174 1051
302 307
1065 3905
2136 4272
765 3090
294 3724
911 3644
4555 3644
620 1455
2596 1416
1000 5000
2361 787
3433 3607
1036 1554
3864 552
3012 1004
2027 4868
181 242
2920 2920
2004 1670
3797 2686
996 3984
3552 4736
939 4695
2823 2485
1680 4200
1700 1700
2096 1048
2577 3778
2460 2870
3900 1950
660 3300
3685 2459
150 392
271 4878
4642 3376
1516 3186
1578 4734
4020 4623
4200 700
4287 258
2600 3250
4921 2812
4620 4928
2810 990
4050 4455
4326 2472
2320 2088
3575 684
23 255
4530 906
1806 1806
1269 4027
3458 4446
1018 4072
492 2706
3525 1637
630 1260
1225 1225
4092 2790
3620 1545
2023 4913
1653 3306
4554 4554
1831 1427
301 441
2994 1996
1776 1776
2662 1027
3192 4256
1552 2716
1662 2216
859 1359
4455 1485
583 2332
1380 3680
2728 1857
1688 1055
3018 4024
3672 918
3823 1584
153 99
2530 2990
747 747
2207 3530
3640 4680
4914 4914
4116 3822
4265 1410
3456 972
2337 1558
873 3201
3072 1480
1764 2646
1580 4740
2435 4870
4263 617
216 326
1500 4950
746 1492
3690 2263
2037 1358
4844 4152
992 2480
4668 61
2238 4849
3684 2456
3250 4550
325 3359
641 641
1770 3540
4356 726
1314 1556
395 144
4893 4194
2754 3366
1444 4632
2545 2036
2838 1892
2855 1142
471 2108
4035 1614
1552 2328
4032 816
4703 696
4100 2460
1740 2320
3666 1974
4192 4015
324 144
4800 624
1314 2117
1186 1601
1224 1224
1885 3393
510 2550
5000 602
2439 1626
3542 1518
1344 2688
4338 1117
3328 832
1568 784
1470 3675
3092 3829
342 158
3066 876
4641 3315
1070 4201
4935 4794
2384 4768
3795 2277
3958 1499
4020 2412
2116 1058
4047 213
2951 2949
4097 2651
992 2976
792 1980
964 940
88 105
2115 3384
4480 1856
614 1760
4105 3284
2615 3138
1003 1003
474 3656
1566 2088
1039 4156
3132 1566
3979 2426
2988 4980
3184 1592
2104 2104
1303 451
243 368
4365 3201
2544 1272
2643 2252
2078 4156
1380 4968
4641 1989
689 3255
2600 2600
3308 827
278 278
3047 690
2808 3240
3005 1202
3311 2838
3262 744
449 185
4048 4508
4646 3434
3495 2926
2279 1325
2322 3870
3276 2268
2067 2792
3808 4760
3354 3354
2134 97
1392 313
946 1892
2994 1996
3834 3195
811 886
201 486
960 960
4920 4264
2864 3767
1140 2090
3486 3818
4585 3930
721 507
4096 3072
1866 2488
954 477
978 1167
1248 3744
2631 877
3696 4312
1113 368
44 216
3296 2472
2562 2989
576 4073
4068 1582
3190 3480
4375 525
2946 805
1074 2506
2728 2728
796 4776
3063 2911
4641 3315
1024 2048
3390 3390
3065 2839
203 261
2580 4902
2034 4746
4175 4955
2994 4990
4427 1631
563 3941
4282 1567
3225 2580
2739 3652
3915 3132
3452 824
4132 4132
423 846
1774 2661
785 1188
102 495
1480 370
2949 4915
1953 3474
4896 3808
168 3640
4123 1519
3111 2229
2470 1976
2403 4005
617 4936
3688 1302
2900 1450
568 1704
1428 2380
4100 1017
77 215
3864 2208
1953 3255
1147 3835
2856 2142
4194 2796
1364 1364
3301 4887
1356 2260
787 3148
901 901
564 352
2012 3018
840 1680
4554 3795
1219 4541
331 248
4500 4500
768 896
4229 3157
3952 1976
2576 3496
1500 4125
3340 1404
3664 4580
1882 1882
4788 4788
4320 4041
3796 1898
1914 1218
2646 4725
2824 327
412 137
4452 4823
3710 3710
4290 4250
4428 2952
3348 2511
4984 2492
4478 3262
3857 4959
2232 2976
1980 4620
346 247
2520 4480
4645 929
768 3264
3664 4707
327 241
1912 1434
705 2820
2886 4369
1988 1988
317 1268
3236 3236
1821 3330
522 4959
2163 2884
2895 2895
705 4377
829 1658
4385 1754
2235 2980
2911 2087
489 18
2384 2980
4415 883
1452 2499
838 838
4110 4795
2124 1062
3214 3656
836 2508
956 3346
1386 2574
3435 3336
2682 894
4295 859
3075 3075
55 4782
301 225
1460 803
912 3648
4862 1297
4004 2464
3208 3609
2748 1603
2497 4607
4565 1826
4100 2050
3685 2948
3616 3912
3008 3008
4728 3152
3740 4884
328 4208
31 449
2018 3027
4510 3895
658 3638
3445 1378
1986 3972
2868 3585
2434 2622
1440 3600
1424 4272
2061 458
2570 486
1724 4310
4431 3165
3672 1836
4538 4683
53 117
3280 1968
2862 4770
688 3322
1293 431
1352 2704
4275 2280
1367 531
1594 1594
2240 1456
4410 2940
3097 2020
1197 4959
2640 2508
3536 3536
1810 3209
469 402
586 586
880 440
4658 2599
1812 3624
3830 1532
4190 2933
980 1131
4528 1698
2056 3084
2112 3520
3472 3880
938 1876
174 1479
4224 4416
4064 3506
66 156
2600 650
2765 1580
2320 4669
1410 3290
3592 3592
1854 309
4518 2275
861 4305
4065 3252
2128 2660
1800 2095
1878 3443
4040 3232
3872 4840
754 3586
474 481
1731 577
3212 1606
4321 2209
1846 3692
1030 515
463 2315
74 2431
2516 1258
794 3176
4464 496
3502 4706
758 758
3738 3738
1952 2440
4325 4926
171 220
2960 3700
3708 309
400 207
1504 3008
4560 3192
3228 3228
4903 4209
3524 3524
4683 2676
1581 1581
1664 3757
856 1712
2304 1536
1173 1955
2096 248
226 47
1480 4292
400 1400
1073 3323
3615 723
4920 2952
2481 2481
470 4610
960 1200
1572 4716
3211 988
810 3318
3352 4190
663 1989
976 2928
3014 557
2 292
1592 3980
3156 3156
4324 544
2072 4736
2590 1554
555 1850
1677 1836
2205 735
1120 4224
567 2268
96 3349
688 4816
4995 3330
855 4845
791 1579
12 169
4779 531
717 2151
61 1930
3780 2268
1670 4175
3575 1100
853 508
4344 543
4210 2526
4218 3515
3592 123
4488 306
445 890
2760 460
457 489
213 236
2585 2530
2708 1354
3304 4194
4928 2816
1200 2800
368 3680
4440 3240
4900 4200
4595 919
1635 1090
964 4708
901 4505
686 2058
2745 4941
694 122
328 151
3112 1556
1425 3230
2537 3896
1680 2520
4824 3216
3636 4848
642 3066
4520 2825
2970 2970
294 2478
26 1605
750 4500
4104 2052
4255 3404
4211 4487
183 479
3636 3636
737 4422
3494 1571
3048 3048
4102 586
665 4389
4678 2383
645 3225
3016 754
4165 3570
4074 4494
3195 1917
3731 1599
1815 4719
3210 4937
111 405
3069 4464
956 3824
239 588
4140 1035
1926 2889
2424 4040
4085 1724
689 2756
1914 957
4824 3015
1890 2686
1049 4196
2532 3376
3920 3920
3683 1110
16 191
733 4398
1701 1134
462 4117
757 3028
858 3432
4830 3864
1770 808
1192 2831
743 3715
2730 4914
854 2031
2360 4838
1015 2030
589 589
1542 2273
181 195
2406 1604
4840 484
3622 3370
2975 1785
3836 3836
4305 1722
768 4629
4290 1716
4630 2778
3135 4389
110 3844
2346 612
858 1209
3320 4648
1887 3865
120 156
4085 1634
4984 3560
4721 1707
801 2403
4158 4158
833 119
4680 191
3640 3640
2828 2020
341 682
1246 4081
3740 4675
4690 2814
4433 3627
4437 138
83 390
3716 929
1972 1276
3893 2268
422 1266
4230 470
4416 1656
4530 2107
4510 4961
3784 4257
1407 3216
4629 4380
2836 2127
2008 502
1658 1658
2268 2449
282 106
3144 3930
4300 2580
3205 2727
3728 2330
2870 4018
3928 3928
3929 2302
377 2262
428 2568
1950 975
1145 2199
4887 3258
2736 4560
3488 2616
3838 1157
169 317
1012 2208
2002 1638
2465 2505
932 1398
2883 2883
1710 4560
1519 1864
1682 1682
1512 2268
4060 2320
3705 1757
1848 336
4917 1788
4994 2270
4603 597
450 45
3332 4165
2547 849
3679 1554
1008 2160
1368 4104
4256 224
3899 3011
1380 2070
3210 4494
2748 916
2069 3618
850 4675
3755 2253
2123 1737
2936 38
418 137
3080 770
3844 4805
1002 4565
2148 716
4230 1128
921 1842
981 744
2190 3285
1170 2808
2031 1354
2716 1007
2064 3096
3948 4935
4930 1450
377 4420
244 14
4536 1134
625 4625
4325 2491
4818 1606
617 2468
1077 4308
4452 2170
3955 4520
3776 3776
3720 1488
2416 1170
638 2552
1480 2072
957 957
2688 3136
130 234
1736 3224
4825 1930
4620 2290
868 2604
2284 2855
3864 2898
2843 4676
4086 4086
996 4980
192 2784
2495 638
1023 2046
3744 2880
126 3654
3367 1029
460 304
4220 2532
1086 3258
163 1317
4230 2961
92 4968
4228 3171
2520 4845
3860 3860
3670 3670
1650 4620
1273 3735
1995 798
3598 771
4739 4062
520 473
395 174
4438 634
752 4512
307 3950
1836 4590
2020 808
2640 2640
4584 3774
1485 1881
2996 749
2664 1998
4040 3314
1304 3912
3618 1206
3296 824
467 621
149 496
2035 4070
3328 4160
593 3034
4512 3102
3368 1263
868 1736
960 2777
752 2444
2703 4505
4195 4195
1622 3249
864 1728
968 968
1011 4044
545 4927
348 39
4257 4730
3878 277
3159 2405
521 3647
209 418
876 2628
2631 4855
4012 4012
2493 831
128 2688
1251 2321
3084 2570
2900 2900
2006 2006
1158 1473
378 108
366 2562
3472 868
4258 2637
4092 1023
3192 3192
444 1628
1412 130
2260 3164
1324 2648
4767 4086
1513 301
3519 3162
2577 2577
2288 3432
2756 19
306 35
1818 4242
3048 1524
3466 1168
4168 3126
963 2889
4312 4312
4003 558
4340 620
3261 3261
1035 3105
1388 192
1718 859
3665 1466
995 1194
4239 3156
114 86
4648 996
4128 1032
4374 663
4466 638
2569 4404
4830 2070
1300 522
2613 3484
1716 1716
3960 2640
1726 1057
4686 3692
2737 4692
2940 1323
2212 3158
256 281
1968 4592
2500 4250
2415 1775
3984 3486
2541 3388
1088 4624
2327 3330
4046 3468
3750 1875
2338 334
339 2558
2950 1062
1696 848
213 1917
4231 187
252 296
3120 4290
4032 672
91 2064
4910 982
1066 2665
3468 3468
547 639
4644 4644
1680 3840
4140 4094
4591 387
2607 869
3130 1252
3520 1760
4632 1482
21 128
891 2871
4220 2532
3838 1499
3894 1749
1872 4888
4544 284
3006 321
914 914
973 2919
498 2490
2408 2993
4640 1392
2576 2737
736 4416
3846 2496
339 43
1488 2976
2430 2430
2737 2928
1596 3990
2692 4038
4680 2808
396 1283
2126 4252
4077 3171
2784 2320
2643 1517
4476 1492
2004 4008
488 4392
3311 1539
427 491
3784 2838
524 655
2428 223
3096 1548
510 4080
4004 3003
3700 1746
1988 1988
2416 3020
3276 1404
2953 4405
3048 4572
2416 604
3880 2619
2604 2252
198 105
897 897
1466 4398
205 3758
1212 4040
3472 4216
3720 3720
433 1688
2115 3384
1932 3864
2420 3388
1603 4427
2952 369
4886 4886
744 3720
3619 1541
138 488
1899 2532
4298 1228
1054 2720
1700 850
2660 1330
4156 1039
1060 3753
2838 2838
1839 1839
1142 1713
721 771
1443 481
4528 4528
1673 1673
3803 3881
42 210
1200 1400
1084 1084
1095 4650
917 2751
4945 1978
1575 4200
1817 1332
2415 3220
1092 2184
2680 536
223 4544
2422 4671
4011 1719
2475 1980
171 839
90 217
3295 3954
1480 3330
793 3378
1022 2044
1527 2036
3801 3801
4347 2377
960 4800
3099 3099
3945 3156
4745 3799
4704 864
2996 749
841 3364
4557 2511
167 50
3087 3087
1929 3215
1335 1783
2366 1690
4775 3820
2838 2838
4353 4464
3856 964
3485 1025
1380 828
656 3150
4248 3776
486 3888
2624 4592
139 1504
50 494
2721 4535
3000 4500
771 1414
509 1018
589 4123
2805 3553
795 2839
2691 2691
2625 525
1448 4344
2373 4477
2752 3784
4268 4656
417 3197
1466 2517
445 439
3960 1320
2178 2178
1044 667
3708 618
1802 3604
965 3860
4510 1592
1035 4761
2916 3888
909 909
2622 1157
4100 820
891 891
2296 3444
957 418
153 406
2573 913
996 4980
3694 3594
3990 2850
1914 638
4543 1239
3812 3516
4928 2112
1162 2905
2145 2145
3632 60
1852 3704
837 1674
916 916
844 3635
461 9
3370 674
1730 1038
4295 4298
2700 3600
4212 3510
2727 4545
1832 4895
4368 3360
540 3060
4977 1659
2524 2839
2740 1370
513 4788
4767 2724
4974 1309
170 319
3140 2512
904 904
1893 2431
3820 955
2824 706
4788 2394
639 652
2574 1872
2688 4480
1160 2320
3536 1019
2284 1142
1730 3460
2478 2832
4981 4870
163 420
876 1606
3816 3021
4519 4519
3024 3024
1683 1377
1526 1526
3098 2825
2217 2217
1910 382
4088 4599
1314 1433
2865 4775
2802 4670
3542 4048
362 1302
111 469
1306 4571
2515 1006
3711 273
266 1197
3976 4544
4419 4910
2197 3029
3288 2877
1341 3129
1508 377
4305 4036
3317 2033
4446 1482
2565 4845
3544 1723
149 365
1760 1320
3228 807
2861 1277
2772 4466
1479 493
3705 2925
1833 1389
4440 2664
4228 4228
2598 866
938 4469
4350 1160
1043 2086
2905 4482
2392 1767
33 173
383 1532
1900 760
2819 3923
2034 2034
1342 2013
4128 3440
3863 2682
1963 604
2060 2884
3760 1880
4532 1103
1073 2146
3176 2382
1356 2712
799 3208
272 288
2559 4265
2253 2253
2499 1622
3530 4236
1390 4170
2103 3505
42 3074
740 4440
3938 3222
889 4826
4582 806
1842 1842
4401 1793
3360 1440
4541 1529
290 89
624 2704
4872 812
3507 2912
3538 4636
3107 2629
4005 1602
4558 329
1332 2220
1005 3015
1136 4544
695 2960
1371 914
4440 2072
3006 2004
4004 864
209 16
3000 750
2571 4285
2471 3594
3628 4535
914 914
3792 2528
576 210
1850 3700
3959 1712
1856 4408
1434 3771
2904 1980
656 4592
3188 3985
2362 64
183 268
1245 4233
2812 2109
254 1154
640 3200
4270 4270
4452 3180
4940 2674
562 3934
888 2072
4122 2748
1875 2100
1112 1112
3135 4389
3949 718
355 3933
271 343
3192 798
4147 1595
3517 3370
4542 3028
4088 2044
4710 4710
2430 508
1462 2924
3660 4392
4608 3072
653 1840
2340 1560
2991 2991
3204 1424
2304 2421
185 371
3843 2989
570 570
136 3997
2775 3515
1866 1866
4607 813
1012 4818
889 3556
4845 285
3710 1060
913 1784
4290 4810
4746 2712
4005 1602
2111 4155
48 172
39 3198
1920 3200
3374 3302
3423 489
2911 2059
1862 1862
3465 871
3885 1480
3618 3618
3112 3890
1525 1329
2478 3304
426 4686
4893 4194
3559 282
387 203
2002 3003
3864 3864
252 3035
2352 3528
2832 944
3604 106
2863 1526
1744 2834
4134 4823
360 3960
2189 4083
1638 1092
872 3924
3990 4655
4164 3083
465 355
3648 2280
4830 4830
562 116
4192 3668
3040 3724
1896 474
3489 4596
1218 3393
3684 4605
2793 532
3755 865
2730 2730
2248 2248
3384 2538
483 426
92 480
1824 608
1006 1006
1380 3622
1738 1738
4280 856
2108 1054
400 2124
3509 4466
2200 2200
647 3235
3967 3998
756 3780
3000 2250
868 682
196 2622
150 364
4978 2128
763 763
2517 1002
3645 4374
3938 1432
4000 800
3865 4700
682 1364
1464 732
3114 1384
2748 4763
2212 1659
1311 2622
728 1638
4936 935
90 242
4002 2484
3996 4662
1919 1898
3388 308
4995 999
1418 3545
4082 3550
1694 3630
1368 2052
898 898
4054 3656
4180 760
1102 3857
1869 623
4461 3475
458 343
860 2150
2240 2400
3313 1854
3094 910
2184 1092
1038 2076
4804 2762
3715 1486
3452 3452
1444 2166
2137 4639
556 4448
1636 2454
2016 2912
3302 1040
473 382
4215 3372
1224 252
2716 2817
2433 811
1731 4039
2262 754
1439 737
1935 2580
3984 664
1775 4260
4064 1151
3486 996
2226 4452
1968 4592
498 3266
367 126
1640 4510
1432 2864
519 3156
630 630
4986 4432
3248 3472
2145 122
942 2512
3870 3870
2100 2625
4560 855
3910 2760
1692 4230
4010 2406
3527 1987
24 124
1560 4940
2991 3988
573 4371
2928 3904
3710 2226
878 4390
1244 1422
2397 799
1012 3036
4095 910
111 412
3160 4740
1952 4880
682 2852
791 9
189 128
1584 1980
1920 3840
1619 1624
2024 3726
3198 2706
3240 1890
2626 2435
2808 1716
3972 2648
2127 3545
1787 4098
2008 2008
947 4735
2208 3036
1479 1080
175 438
3150 3450
2696 2022
687 2966
1449 1932
4041 4041
2825 4520
3418 902
1419 4730
4830 2990
3295 3954
3821 1334
4048 2024
4424 4424
4571 1306
2259 3944
23 429
906 4077
2481 3308
1655 2645
520 1040
4425 3363
3760 4888
3729 488
4739 3385
720 2880
1888 2950
3505 3785
4542 3028
4408 2204
2034 3051
1981 3430
245 371
3280 2460
2655 885
2320 4890
3776 3540
4056 1352
4310 431
936 3844
2696 4044
2340 2808
3268 4902
2723 2795
2628 3504
2758 394
418 3762
3081 1705
318 414
4446 3705
619 4952
312 3229
2430 3645
3366 4114
4313 1362
2211 1517
688 3440
4746 4068
726 726
3180 289
2250 750
2616 1962
1528 3820
953 794
60 373
1164 4656
3249 1881
4217 2945
1445 3757
2652 3536
3348 4464
6 1142
737 3685
2346 4692
251 1004
2293 4123
2760 4600
1820 2730
2919 4170
1310 2466
361 91
732 2196
1806 2838
720 3202
1235 1976
818 3272
4114 2904
1321 320
845 2535
1941 1941
3510 234
1377 2056
1696 4240
3082 670
877 3508
2414 4877
34 457
4606 1316
4880 3416
2190 3069
1896 1264
1026 1026
2500 750
2308 1548
2104 1052
1608 3216
4096 3072
345 2301
2300 3220
4050 2025
1290 1720
2105 2958
293 30
4805 3844
820 4920
2571 3989
1776 3552
3135 3135
1029 2058
1787 3631
4558 1484
2076 4152
2559 2559
4878 1308
4046 1734
1960 980
4825 1930
705 2094
149 493
2704 2704
4038 3365
1178 2810
2855 1142
1610 4370
2030 1885
3140 1948
1334 2668
3024 4144
822 1644
3697 3854
311 4043
3292 823
882 3528
3127 4041
75 402
2995 2396
1215 1458
1829 3701
606 606
684 1368
1760 3740
2311 3650
4214 602
4884 4440
3312 1794
4272 4921
154 4158
4023 4470
808 3232
3202 3488
403 335
1114 557
383 3830
744 2095
1612 4030
646 2584
