2041
237 296
4810 1924
4930 3770
4104 4651
4939 1347
4446 3042
2502 834
585 4215
3885 3885
741 4446
4290 2574
3931 3314
755 1208
2744 4116
783 2871
2839 3427
45 496
3240 2340
1918 1918
3636 3670
3216 1072
718 4308
2490 1494
4145 4718
796 796
4670 4670
3816 477
2036 2170
4770 2385
674 2696
1033 2066
1042 4579
43 339
3699 1370
4771 4771
1769 4412
2926 1672
4746 4068
3710 2650
2783 3002
1820 1300
3055 705
3276 3276
1375 4281
4704 3136
3201 3492
4290 2574
1992 1661
416 143
2040 1020
1345 4304
4870 797
4214 1806
4152 2768
2453 2899
3713 974
4888 4888
3360 3360
3210 3210
1234 4251
3332 3332
1028 3084
4326 2163
1816 3590
44 244
4284 4437
2034 4746
907 2936
2504 2504
1859 1859
3408 2130
2698 907
2976 4464
1672 3344
2450 2100
622 3165
3416 3843
505 505
4990 4990
1844 37
422 349
1400 3220
642 4494
2899 239
3984 3320
1023 1302
354 59
2357 1521
4310 862
2640 240
4824 2814
3761 2008
4340 2821
2960 3515
1776 3552
4787 498
90 173
653 1306
1512 4284
1925 3299
847 3388
548 2192
1872 1440
120 2104
4986 1939
2440 4880
3315 3315
1877 4871
2080 3120
2450 4900
3663 4884
3625 4269
244 374
3024 1296
3952 2128
746 3006
1844 3688
3645 4374
2544 2968
3575 1702
3860 1544
1260 4480
1204 172
1497 6
4795 2877
555 3885
1268 317
2712 1721
392 144
3392 2968
3300 3960
3762 1776
4722 787
4736 4736
4998 3570
1339 4667
4536 504
1746 2134
3135 4389
2795 23
3492 1746
938 1876
4930 3944
1082 3441
48 133
3264 816
3664 916
4096 4255
397 3970
4131 4131
2532 2954
2957 3013
3871 3318
859 2577
2514 838
4628 1464
1323 3969
3216 536
4536 2520
3303 2301
416 201
954 2862
585 1755
3915 1347
4292 1073
1866 622
2160 4320
792 2208
1732 4330
1797 2396
371 689
1705 4286
2580 1806
1376 3440
2086 4172
3603 672
376 283
2090 3990
288 2880
553 2706
1696 2544
4756 3654
2650 3180
100 4639
1424 1424
2144 2144
1728 4320
4754 2374
2548 2548
4920 410
2057 2420
2983 3293
438 322
4730 946
2184 3640
2955 831
1700 3400
2865 1910
1068 3738
1966 1475
1158 4246
2466 3014
649 1947
632 3892
1162 4067
635 3175
2145 3245
1436 1548
315 151
3162 1054
3875 2325
3409 744
2256 2632
3090 1442
2698 568
4723 4628
924 4004
1834 3668
3800 950
764 4470
4542 3785
3784 3784
2214 2214
2795 3805
427 91
3580 1253
571 2855
4408 2065
4926 821
3276 702
3910 3570
4624 1735
4411 2005
4296 1432
1953 4557
4628 1476
3808 4896
1104 2622
1686 2248
2033 4959
34 149
3318 1185
3815 763
3026 1740
2640 4752
1001 1001
3270 4578
1331 2661
3400 3400
2388 4776
1779 1186
3407 1478
668 3340
4350 4350
3810 3810
2315 4686
62 160
1310 4716
4626 3855
342 2131
992 2976
4904 4904
4250 4675
2655 644
453 1812
2064 1032
3652 1826
2128 2981
1965 1965
3225 645
2898 1953
1634 1984
212 318
1122 2244
1430 4862
1959 3780
1268 634
390 1950
910 2730
3677 2242
2528 3792
4290 858
1016 3048
876 999
1408 3840
4016 4016
1841 2893
2941 3883
42 306
4466 3388
2400 4800
3927 2349
5000 2000
2484 2484
4914 2730
1474 1199
1132 1415
1780 4450
4086 4540
3834 1540
764 3820
2772 3696
4735 4735
503 3965
433 418
2796 932
1395 1395
3161 4098
2123 2702
2112 3696
2352 1568
3924 2214
4444 4444
4128 2752
4510 3608
1054 3173
4179 597
4372 4372
4416 2688
2646 4934
135 188
4170 4170
1794 3588
2760 1105
1532 3064
4910 1964
1084 1084
1272 815
324 4050
4592 1722
4840 1936
1001 504
3612 4644
246 2624
1600 1640
2550 4266
159 275
602 4816
4170 3336
3656 1789
642 3531
4774 682
2240 4000
2750 953
3888 4860
1792 896
2037 3395
76 4613
4300 1720
1028 4112
1958 3916
4996 1633
237 379
4860 1215
3346 2390
2637 2253
3315 663
3087 1029
2448 2720
104 3799
1410 3666
1514 3028
4750 4750
2852 1805
988 4199
873 4365
4455 195
1841 2347
86 78
1258 1850
2538 846
1772 3572
366 4758
4128 4128
4532 3296
821 4142
1730 1730
1692 846
2904 968
2400 1008
604 3624
1344 2016
1617 3696
4270 2320
87 55
4405 4405
4848 3636
2521 4461
569 1707
2768 2422
3436 1718
4903 2383
1980 990
2368 1924
3396 849
85 1108
1734 2312
3610 1083
3070 2456
298 990
57 252
1986 3972
3269 2802
1293 1933
4235 385
2524 3786
1649 1843
763 1341
1668 4448
4928 616
4765 1906
790 86
1240 310
4972 339
476 4760
895 4582
11 457
4011 1146
3530 2824
3943 3225
4150 4150
291 582
4315 4315
314 2871
2508 3192
4260 3905
4656 3007
3645 2002
4815 535
4620 308
1138 2276
2689 4428
169 31
4550 91
1824 3192
448 426
2018 3027
988 4446
1922 1922
4934 1458
3988 997
3920 3136
1465 1465
1417 4598
801 4272
3460 692
1345 4573
1351 1862
175 441
2484 2484
2345 4690
620 3788
4858 2082
3772 552
4620 3080
836 3374
2970 2475
930 465
4352 2496
4666 2568
997 1994
1542 4883
2409 1606
1487 2032
386 277
920 4600
2304 2496
2675 3605
1852 2315
3590 1795
2550 850
912 367
2051 2344
3648 4636
4305 1845
4244 4676
4830 1288
3080 4400
1176 1176
4011 4197
196 463
4212 936
930 3720
2929 446
3996 592
1855 4823
2004 3006
546 143
998 1996
4536 567
798 4788
4655 4074
3280 3520
3568 892
2236 2795
3691 3536
175 212
3850 1190
1520 2280
3676 2237
3408 1420
4695 1878
1276 1914
2866 2831
3515 1110
2702 3860
1788 1788
1061 3171
2391 2391
4820 3856
958 479
4518 1261
130 178
2940 490
2222 1212
2748 556
4030 3835
1717 101
1897 3523
2494 2828
560 2800
2960 3552
3601 4432
2996 3172
3868 967
3411 758
3124 3124
3437 1787
69 163
4545 1818
656 3280
2677 1545
2487 829
2526 1684
4779 4779
3474 3060
3476 4345
4068 4520
3560 2136
2950 1173
2088 522
740 1480
1838 4595
3152 1740
79 107
4444 1616
3736 4670
1455 422
705 4230
1032 516
4907 3505
1601 3071
2319 1546
3012 3012
1488 3720
3158 3848
1071 1071
2733 3644
2720 1360
4098 435
471 104
2365 3870
2178 726
378 2683
2808 3744
4210 2947
4609 2933
3403 1851
1590 3498
4878 4336
3174 4209
4079 2671
995 3980
3844 3844
1479 4263
4038 3181
455 196
4265 3412
444 3552
4523 1832
1800 666
847 4235
3392 2544
837 2646
2920 2920
4752 2592
1290 4515
1120 1068
4626 2056
1354 3385
3564 4536
3168 1564
341 339
3584 2944
2550 850
1398 2519
1078 2464
1575 2100
791 2147
789 3213
2184 336
1998 1998
3105 828
3071 4058
2584 1938
936 3744
3232 3296
3115 3671
100 35
376 3384
2788 4148
4790 3740
3990 1064
2460 2460
3462 577
3506 4054
3876 3876
3504 4380
611 3055
3194 4659
823 1646
298 1341
3120 312
3002 765
183 439
1974 987
2002 2002
4235 3886
932 2330
3264 960
3030 2020
1653 3704
2672 2004
1395 2635
1134 4032
922 3031
4902 4085
4410 4410
3384 1880
69 1628
429 305
286 2288
4735 3788
3467 3391
3820 3820
3568 1784
3228 1076
1255 1923
3960 3432
4085 4902
4344 2172
1585 3154
2841 947
3910 3220
704 1848
3030 1622
260 206
3138 1046
4535 1814
1113 1101
936 4680
820 3690
3880 4656
2086 4959
3244 2433
1418 1418
2964 2223
3487 3514
3920 980
4160 1664
2455 3928
3035 3996
345 465
750 2250
1396 3490
1594 4699
1714 857
4800 4800
2660 4180
4652 3734
737 2211
1282 1282
4482 747
3351 517
4160 1040
2856 952
209 836
974 4521
443 329
4840 3388
874 4370
1714 3923
2792 349
706 2824
2060 4532
4656 3798
1345 2152
2808 4992
4242 4949
2050 4625
2156 2156
3140 3140
3620 4344
2862 4115
437 256
1266 3376
900 1800
824 1476
3328 4576
2298 3064
3524 3524
398 3151
3897 1732
4525 2715
2608 4564
3157 1538
4830 3864
4690 1876
1401 3269
2356 686
273 444
3160 3360
3108 2886
1547 1235
1570 4082
4537 3141
3520 1320
2191 1122
192 1776
3832 3832
4272 2136
2512 3078
2784 928
4452 2968
897 897
2366 4559
222 295
3788 3788
482 1928
2047 645
1472 736
3924 3924
3432 4576
1323 2860
2840 4970
683 4781
1752 584
1191 694
4068 4407
594 594
972 972
4490 1689
427 348
4500 3600
1084 1626
4510 1293
849 2547
3311 3784
4850 1940
2560 928
1572 786
576 816
4230 4935
4122 4810
587 2935
2940 4900
4005 3115
4063 1765
357 321
4752 1188
3140 628
1633 1869
3704 4167
2340 2340
1548 1806
1790 817
3400 3400
4865 973
3476 1738
3790 3390
2394 3990
4296 4833
4218 222
2353 1173
185 172
3288 4932
3952 3040
1622 4043
529 3703
4155 831
3587 2743
712 2987
1720 2580
3484 1742
4347 1863
603 3540
2222 484
2817 939
1852 926
2955 1653
183 393
4207 2404
3556 4064
4954 2566
993 2979
2244 3740
4600 4800
1093 1018
4543 2596
4795 1918
3080 980
916 2776
3864 2898
4599 1971
2691 1656
4152 3750
300 205
810 2025
4140 1380
3538 2313
3552 2220
4599 4745
2091 2788
3582 164
1106 553
4850 4850
1845 123
2637 2034
2996 3424
2877 411
3987 2215
1714 4677
13 248
1872 2808
4360 545
2069 3150
4536 2592
1209 2821
1574 2361
2017 799
2688 1792
4676 4676
1848 4620
4700 4433
4720 4130
3564 2673
4505 1590
3175 1907
116 440
4809 4809
1275 850
1854 4822
1480 2590
2985 597
810 4050
3307 4077
1324 331
4862 2860
1400 3780
3122 3254
752 3760
2408 3440
2832 4248
3751 667
231 476
3832 1916
294 1470
1832 3689
1428 1785
1952 976
3801 2715
1711 526
2240 1344
3140 1884
983 4915
992 3746
2024 4048
3975 3525
1516 3790
3917 4211
173 248
4410 1225
2268 2592
102 3154
4485 4485
4140 2070
887 3548
4446 2069
2185 1311
4039 4616
2481 827
783 564
919 3676
2120 1908
2830 1698
4213 1910
167 457
4110 3288
1165 4893
4306 2885
1400 700
878 4390
4956 2360
4533 1079
1188 4158
1470 2205
3752 4288
2056 4310
2562 3416
4968 3036
3184 597
407 457
463 319
3020 3020
3264 3162
3757 736
4180 836
1196 2990
3051 4746
3525 4714
3752 2680
1876 1608
1728 4752
2934 1298
4878 3252
1890 135
1032 4644
2235 887
157 315
1560 3120
2892 2892
1043 1655
997 3988
1602 1335
3612 1462
3223 4515
745 1043
142 4686
2976 3720
2775 2927
4640 2900
1396 1396
4330 2598
4738 2225
315 174
2316 2895
1830 4880
4774 4893
4407 4746
734 1468
4360 3052
4697 4314
4152 1730
1712 1712
1539 4959
1964 2257
1954 977
2943 3270
768 1344
3508 2811
485 295
2544 1696
2460 820
1517 2382
736 1840
3240 3240
3111 183
3411 2101
1839 4904
3904 3904
3213 945
2016 2105
2055 1370
2232 3906
867 3179
1932 1188
281 318
3580 1790
4895 4895
2041 3768
3735 3237
2268 3024
1154 1731
2898 4620
192 3840
4263 1827
1116 3906
1808 4906
2975 1275
2271 4542
2178 1452
2314 4403
313 201
2384 4917
3534 2418
2402 854
2166 2888
3042 2028
2346 2346
2281 709
720 2040
2150 430
634 3804
3554 1254
3349 591
3354 1677
1071 4590
3686 154
427 188
3528 1568
2097 1864
4520 4900
4172 298
4815 1070
908 2724
3635 2391
4128 96
959 2877
2676 2007
2910 2779
566 1132
4052 1013
2150 430
1708 1263
323 319
2280 570
4548 2274
399 535
2952 4920
3954 3954
251 251
3199 3986
4765 1906
3805 3044
1638 4368
80 971
2425 4365
966 4830
2580 516
2069 1423
368 120
1690 1690
1800 450
3362 1611
3171 1057
3597 4905
2170 1302
3111 2904
1404 2106
1575 1575
3816 4293
763 820
504 1512
420 840
3090 1030
558 1343
73 420
4074 1164
886 4873
1104 1086
2982 4970
3738 1869
2490 1245
4693 2080
411 2466
435 870
1014 1014
604 2410
1848 4620
4052 2026
2555 2044
777 2616
382 136
2616 3488
4648 581
2008 3389
2547 4528
1404 2808
1099 2669
3357 3881
1827 3654
471 2826
1700 850
561 3804
522 4176
4690 4690
3884 1942
4704 3595
356 116
3820 764
950 1425
427 4003
1182 4728
2224 4448
2042 2042
1941 4002
703 1406
1089 3267
2620 3930
4309 4705
3816 1272
3962 2830
2796 4660
3869 2679
176 275
3392 4240
690 4370
1719 1576
2032 1016
1902 4755
592 2960
448 456
4608 4032
1632 2448
2815 2252
2957 2521
2723 3501
2002 1001
486 2916
2906 2590
194 171
1548 774
1376 4128
3826 2019
1078 2646
476 476
2529 843
3989 512
1904 3808
976 1708
2340 3510
3494 1361
3620 4344
4965 2979
1460 4380
1825 3933
190 13
624 4368
1644 3836
926 225
1648 4944
3360 2640
1980 3960
4506 2364
2232 1116
582 2910
2335 3269
1136 4119
4788 3420
1771 4301
2526 2947
1350 3262
16 403
621 4968
654 4905
740 4248
4854 2427
2871 261
966 4830
912 4739
3016 4147
960 4320
1539 2565
2873 3331
4620 264
3120 3744
4288 2680
1444 3863
49 52
2088 2784
1064 1729
3160 836
4720 4720
566 2264
3249 4332
1689 2054
2472 1648
4984 356
1011 4044
3307 2096
4680 1560
2646 4410
2523 3364
4630 4814
307 465
3752 2144
786 1572
3707 4512
4952 4333
3458 494
4092 3410
3866 4575
1710 1026
2112 4224
2028 2535
1957 3775
927 4635
730 1460
3528 2548
694 907
61 474
3380 4940
3054 4072
708 208
800 4400
4560 4332
3745 1070
4115 1575
1904 952
1170 936
2352 4263
1279 548
2372 4151
3345 1338
4992 4160
361 1310
350 38
854 3416
4370 4830
348 1443
1856 4176
207 4968
4920 4428
835 314
1432 1432
3468 3468
1330 1995
468 4478
3384 3525
4700 3290
2128 3648
454 4092
258 392
3710 2915
2316 1737
3835 2902
4625 2775
1814 1814
2475 2750
3983 1422
4554 4048
2121 1414
2604 1736
4653 2266
4515 903
4896 2176
4025 1610
2472 4690
395 475
2782 3852
1116 3348
2410 1560
1980 2772
4410 4410
1790 4475
3334 2460
4900 2940
4060 3045
2928 1952
4689 2122
1089 1089
2976 2976
4002 2784
4807 2923
240 153
3024 4032
3678 1839
3354 2530
2520 1680
2968 2968
4435 2661
1245 268
648 972
2808 4563
3564 4158
1481 1719
5000 4000
2310 4081
2436 696
3222 2650
149 423
4960 4216
4045 3236
3748 4697
4600 2760
2925 2700
3120 3900
882 3895
276 414
1944 4212
1878 4695
3512 3316
1392 1624
4020 2010
1908 1908
3625 2383
310 116
5000 3000
4136 4136
1202 1681
2130 2840
2020 4040
4550 3900
3935 4827
624 3120
2042 1021
4928 4480
3244 909
1730 2595
2964 2964
3848 3848
3328 2209
286 85
534 890
4980 2490
2665 3349
3232 4040
4158 1485
3744 4320
33 2937
4779 4779
2388 398
2226 4452
414 3286
1426 1426
4566 3805
1182 3940
3357 3992
110 66
537 2685
1170 1950
812 3717
2871 957
4419 491
2146 1972
2479 1179
4500 2500
868 1736
4333 3095
3186 1551
2078 1039
1556 4668
4613 3954
3121 1946
465 329
1701 1701
4944 4120
4328 2550
4800 4800
922 3688
710 710
1472 3166
2248 562
2100 4900
4473 994
826 1585
2508 2926
2208 4416
584 1752
1665 368
292 336
3780 2700
1608 2412
4729 2223
814 3256
3860 3088
4000 500
2899 4326
390 390
2931 1954
2835 1260
3729 1283
1400 4200
3630 3630
3575 4290
1810 3623
14 197
2481 4962
3132 783
3613 2555
4216 2976
441 1764
3136 4704
1966 3178
342 4446
3311 3311
3438 4011
412 2945
2050 2050
774 3096
4860 3888
3774 4435
459 263
3612 4128
2016 720
1145 3588
3992 3992
1350 4725
686 2401
1831 4166
2084 4689
867 4335
2034 2712
3172 233
2058 2058
408 2856
2424 1616
1671 1915
197 23
4524 1716
4380 2920
2098 2464
2780 2780
3192 2128
1188 396
4769 511
3120 2080
4704 4032
2490 1660
3190 1799
3772 2829
3465 3465
4048 2783
2510 1240
445 161
1496 2992
1624 3248
1995 2962
897 897
2817 939
4720 4720
1498 1261
1782 3564
2025 864
400 3600
63 274
898 4490
4260 994
1526 1526
1590 2321
44 285
732 2928
837 3348
2619 4820
3945 3945
1490 3725
4779 413
1237 2915
4000 5000
2471 2824
1599 3731
1705 1822
1482 247
3136 4704
4952 4952
2593 1655
189 352
4308 2154
4347 3105
2948 844
4572 508
3605 2884
3765 3765
1660 3364
3021 3021
4608 4608
3420 1710
548 3044
3144 4192
4431 3798
258 1161
3804 805
264 330
1284 1712
3345 4014
820 2810
2781 1957
738 4346
426 3621
670 1133
2304 4608
490 3430
515 4120
513 3393
1292 3230
4540 4086
4225 3380
1050 2356
400 229
1844 1844
1924 962
1419 283
2007 669
1944 3888
888 666
4175 4919
2310 3003
4368 4576
934 934
4758 204
4108 2054
3388 4235
4587 2780
3384 2827
18 47
3936 4592
3248 1392
2103 1620
2046 3410
3768 1884
4335 1156
2817 3753
3840 1728
4335 3825
4905 3924
4 1652
3168 3696
4893 1398
938 4690
118 548
88 39
3638 3745
759 759
3013 2223
2331 3108
981 1962
354 4956
4700 3433
1648 1648
3160 2370
772 772
2628 2828
3880 4850
587 587
3894 1770
3757 4423
422 141
2625 875
1664 3328
3937 3948
2464 2464
1620 3240
4557 4557
2198 4737
2775 4440
3328 2496
3703 529
1279 3425
3888 4104
4726 3058
2064 3096
3718 1847
443 99
2720 160
4278 1860
4949 4406
648 2430
3736 4670
1992 4980
2527 3067
2166 1444
540 300
4825 4825
216 3575
3440 860
4728 3152
2568 1712
3330 2636
477 458
2136 4272
877 3508
1868 1788
1404 2808
3164 791
1713 1142
4329 2677
799 2397
3300 4290
897 2691
2697 1853
4518 4518
4576 3575
4361 4361
4477 1398
267 342
3160 1106
2936 734
4559 3515
1782 2754
3141 3141
4008 668
934 4986
2334 4668
2768 2076
3472 868
2352 4330
2440 1342
1760 3300
2628 1752
2621 104
126 437
4255 851
3520 2464
4891 1168
1826 2739
881 4405
643 1286
2978 4069
502 2008
1705 3751
2976 992
2909 3148
4376 547
1530 3060
1074 3222
1404 2174
49 286
3105 1035
1107 4059
589 4457
4368 2184
1800 3600
3505 2804
2430 496
2034 4068
953 953
1704 3976
3405 1908
3740 4488
4455 2673
3276 546
856 2703
30 74
1617 882
962 4810
1809 3649
2373 3955
2120 2650
1955 2346
4617 638
1533 146
306 3060
4392 2440
2850 4225
3775 3775
583 2332
4264 1066
2244 1781
472 438
2244 561
3624 1812
2553 1905
526 4734
3000 5000
3906 651
1118 4035
1701 3969
4112 1799
690 3450
4051 1464
3800 2090
4329 1924
3199 457
3682 861
201 221
1872 1404
381 889
2939 2268
1248 208
4688 3223
1370 4932
2518 4795
1816 908
4446 3762
300 3000
1005 1362
4842 4842
1856 2112
1840 3312
4556 1004
124 269
1605 3210
3549 1638
2204 859
2319 1546
2170 1302
3030 4040
3952 1676
2608 3912
457 4113
3608 4510
4313 1538
4770 2385
758 758
3393 4176
873 3633
199 14
3000 3960
921 4605
3584 1964
1572 4716
281 4215
2627 2664
3417 1478
2448 612
3280 820
656 1312
1450 2275
3124 3124
4285 2571
2925 4797
2388 4885
331 185
4564 4564
2964 3648
2815 3489
3066 2044
451 1804
2424 4040
3550 4986
1164 2522
2997 999
324 3726
2362 383
3948 2162
4140 1748
2562 4270
1998 4784
499 465
2139 2852
141 2538
4975 2084
1743 2324
1547 3315
3039 2026
4653 1158
3886 603
1798 4495
3360 480
231 1953
3525 1410
3925 3925
2524 1893
1433 1886
142 255
3036 3036
1332 1332
4713 4657
625 2500
1956 978
416 832
2210 1336
904 4520
4499 3681
3612 4128
2651 2874
1432 3580
1180 590
1134 2268
290 976
350 259
960 480
3085 617
984 2185
1314 1971
4575 4880
4224 3696
3651 4866
4398 2932
4291 4904
3894 1239
2370 4641
30 1710
4864 1216
2692 4711
618 1301
160 429
2808 1404
1350 1350
616 2731
207 3105
1376 3440
1194 199
3545 1131
2057 4114
3305 2644
3820 955
646 28
1710 2280
2320 464
2223 4446
705 141
235 41
4730 473
257 1799
1757 2631
2132 2132
4908 2454
2805 3740
4316 2886
4685 3748
275 550
3990 3990
3349 2129
2420 2640
4689 3126
2432 1216
1395 2246
47 110
2008 3012
2889 1926
379 3192
2601 2601
1665 666
3306 2280
3777 4768
996 1494
3690 4510
984 3936
4502 3762
3765 3765
1003 3009
2548 196
2324 224
190 20
1158 4632
2331 2997
867 4970
4096 3840
3276 3042
1264 948
3222 28
2856 2856
1218 3567
2262 3770
1735 2079
1503 2505
2058 2058
1522 3044
992 3842
407 333
681 1362
1306 653
744 4869
1676 2933
4076 1019
991 2973
2864 1373
1016 2032
4320 4320
1448 3620
868 524
3213 1890
298 1192
3305 3966
1635 3509
293 285
2604 868
1494 4980
699 1984
4350 1450
4845 3876
1782 486
4795 206
4730 1290
4394 1690
4340 1860
292 2527
2500 2500
2018 4036
2040 2805
1972 4401
271 50
996 1992
2332 3392
2738 2000
2232 1674
4056 4680
1020 3060
815 3838
3894 3894
322 4186
230 2300
610 3636
2388 1592
4830 805
2880 3456
1827 1909
203 462
3460 1384
737 3685
646 2556
3549 2457
3270 2834
1022 3066
3807 1875
3800 760
2025 1080
1938 4522
4375 1842
3676 1838
3438 3438
4761 207
1756 4755
113 425
1818 2020
738 3690
365 3482
3960 1760
2244 1122
3368 1263
2919 4978
2085 3336
4710 2826
1358 970
2438 4166
1614 2421
962 2405
2340 3510
1965 1997
452 425
785 785
4977 4977
1449 4309
4642 2954
2704 4056
2223 1482
1010 15
3080 1232
690 1150
3054 1018
3792 2037
3642 2428
906 4530
1248 4992
4726 2371
138 65
3164 3164
4182 2214
3933 901
3045 4785
3620 1810
1830 4575
2827 1014
1812 906
4962 4135
4238 3260
57 1767
4050 1620
2454 4908
2336 4088
4936 958
492 104
4830 805
4851 4851
3493 391
2080 3520
2115 2115
2487 829
3069 775
2405 1443
3672 918
2220 2109
321 4559
2130 284
4950 825
1150 2760
4070 965
82 492
1692 1504
3367 4329
3444 3935
4396 2512
3012 3012
1605 4815
1855 4353
278 1390
4452 1855
926 1389
2513 391
3780 1890
915 2745
559 2236
4719 638
28 32
1812 1812
1440 3960
171 1849
3949 1436
3796 2920
1155 3080
3255 4085
1664 4160
2900 3200
4298 614
1014 558
1986 3310
1726 863
3122 892
2738 2152
2 194
3320 415
3830 2681
2907 2487
3822 780
1344 4032
3953 3551
1208 4729
4590 4590
2592 864
3600 3900
4516 4603
3732 4976
3608 1353
4585 917
4822 4438
373 90
3520 704
2310 660
174 544
2320 464
4460 4460
3006 3507
1106 3488
2859 2859
4956 2478
642 2568
3285 2339
1623 2705
873 873
1670 1670
1044 2246
35 87
1736 868
856 856
2868 4142
1245 2490
1040 3120
3110 3732
947 4597
3081 4503
