64
220 407
3628 1814
4275 2025
977 1348
2073 2073
1407 3283
1382 4146
2410 2157
1116 4278
2180 2180
3975 3498
158 4261
853 2559
4628 3916
4984 4272
1272 615
35 57
1708 2989
3926 2718
4985 2754
4730 3784
2763 921
3081 1027
2484 1028
4056 2028
1041 1041
4081 3498
2450 696
1647 3294
2808 3276
2716 4074
2649 3435
215 206
2121 4949
1426 4278
3942 1186
1013 4052
2471 2471
3066 2044
854 3383
3668 3668
4810 2590
1566 3915
3496 346
2472 1236
4095 2275
2706 902
1392 3651
282 354
1600 1600
3676 1838
4867 3570
3728 1864
1660 3320
892 4460
1514 4419
220 2640
4725 1890
1472 2392
55 963
2155 862
2637 4395
3800 4560
524 551
