270
10 270
29 253
13 7
132 107
115 30
68 0
168 0
60 17
0 214
175 224
208 90
0 163
0 104
142 20
156 254
5 0
81 123
0 80
169 67
65 226
249 257
228 0
120 94
114 112
33 158
0 118
220 124
0 0
0 0
0 148
178 170
78 0
212 0
138 96
0 199
0 165
234 25
256 73
72 19
209 262
268 0
46 239
0 0
210 116
0 35
39 235
133 190
101 2
230 103
111 215
183 135
119 161
141 113
0 59
54 145
74 240
174 62
0 41
38 237
247 84
28 125
0 0
265 57
176 31
159 16
77 0
0 0
192 53
139 185
0 0
0 172
64 221
0 0
0 36
108 213
218 153
87 180
98 97
88 102
0 42
252 263
246 202
205 6
11 89
110 149
99 143
197 166
85 160
0 223
32 121
182 56
251 137
177 147
231 37
134 244
40 173
0 23
196 45
162 49
194 0
232 184
58 0
227 126
188 66
146 47
117 82
157 242
0 0
86 0
22 258
155 260
229 0
34 44
0 0
152 269
0 195
122 8
179 0
267 203
100 191
76 70
207 151
0 95
130 0
241 24
71 0
198 243
248 0
0 0
140 63
250 154
0 9
0 26
14 83
27 131
216 52
0 0
233 12
0 187
128 3
259 171
245 144
91 236
204 75
189 219
0 129
264 206
222 150
51 50
0 79
18 69
211 167
164 0
0 225
127 55
0 217
0 0
136 93
255 0
48 4
0 261
238 181
193 0
61 0
105 200
43 0
0 0
186 0
109 0
92 15
266 21
201 0
0 0
0 0
0 106
0 0
0 0
0 0
0 0
0 0
0 0
0 0
0 0
0 0
0 0
0 0
0 0
0 0
0 0
0 0
0 0
0 0
0 0
0 0
0 0
0 0
0 0
0 0
0 0
0 0
0 0
0 0
0 0
0 0
0 0
0 0
0 0
0 0
0 0
0 0
0 0
0 0
0 0
0 0
0 0
0 0
0 0
0 0
0 0
0 0
0 0
0 0
0 0
0 0
0 0
0 0
0 0
0 0
0 0
0 0
0 0
0 0
0 0
0 0
0 0
0 0
0 0
0 0
0 0
0 0
0 0
0 0
0 0
0 0
0 0
0 0
0 0
0 0
0 0
0 0
0 0
0 0
0 0
0 0
0 0
0 0
0 0
0 0
0 0
0 0
0 0
0 0
0 0
0 0
0 0
0 0
0 0
0 0
0 0
0 0
