640
519 157
483 384
54 0
301 0
628 376
635 462
539 44
597 32
117 596
204 502
57 459
0 0
395 629
0 296
0 448
144 196
0 51
0 284
571 142
460 215
365 0
494 599
248 208
320 316
104 450
251 166
417 495
195 267
0 49
594 525
375 123
176 330
115 184
137 521
80 477
263 0
201 237
0 84
505 522
268 149
544 0
97 126
347 486
70 421
297 0
558 531
371 0
513 589
0 24
274 180
12 300
509 515
20 0
541 96
404 227
0 303
0 467
140 207
206 218
583 590
202 265
482 0
0 0
389 0
385 420
164 286
0 289
360 447
242 0
362 632
0 0
337 488
457 612
0 585
574 83
581 0
255 230
640 487
425 110
363 0
128 399
463 0
324 199
0 169
0 0
79 619
388 550
231 601
480 48
113 291
243 121
0 0
189 132
449 489
3 0
30 0
367 313
254 87
68 95
383 452
538 273
0 593
260 625
0 0
387 183
224 253
350 0
397 557
497 0
416 39
602 446
517 499
89 0
247 638
308 561
0 634
241 25
346 473
11 309
228 0
439 0
587 0
454 77
0 0
361 0
609 135
418 349
0 0
341 431
0 78
0 165
252 75
611 9
339 623
272 617
245 277
105 402
0 257
393 443
278 225
545 548
438 507
386 616
133 321
369 528
464 394
401 0
331 147
615 592
536 484
631 529
270 58
151 490
552 319
246 200
238 512
100 116
145 328
344 423
2 55
37 233
372 282
568 50
504 13
0 0
322 562
261 580
143 560
0 276
390 10
0 0
293 479
0 310
120 0
380 0
0 0
338 0
444 0
427 348
239 0
211 153
221 240
205 318
222 160
181 47
440 472
152 114
352 354
0 0
0 0
466 287
131 7
217 0
355 368
0 0
0 0
564 471
0 493
56 91
434 73
15 332
604 621
532 190
192 0
38 325
501 514
0 90
125 0
382 0
546 543
264 496
618 193
119 35
229 343
36 409
607 445
312 34
305 62
527 236
554 29
45 0
412 26
191 0
555 0
156 0
31 624
111 559
584 478
186 503
453 334
19 66
28 27
43 572
8 415
124 351
178 74
72 306
295 400
413 0
567 542
610 510
63 345
0 608
485 470
0 82
223 540
168 381
373 65
500 138
162 353
175 492
569 518
18 139
524 16
0 234
435 474
565 403
419 0
172 461
0 292
249 59
194 161
219 0
0 294
0 410
5 290
298 520
481 92
314 0
0 0
575 275
299 588
426 61
256 155
232 451
304 333
530 163
469 60
262 93
613 547
197 356
0 158
327 280
88 0
22 556
167 595
173 41
637 271
174 0
122 23
0 0
210 323
573 553
21 433
134 606
630 0
86 391
639 182
0 4
0 0
636 523
0 0
170 511
0 154
67 475
0 458
0 0
436 198
582 0
422 614
408 358
506 53
281 370
379 283
0 468
455 0
220 396
566 150
52 0
392 188
0 216
127 64
508 107
0 598
534 81
226 109
171 432
414 633
570 340
591 429
0 533
235 259
374 269
136 329
0 69
549 146
129 40
366 315
85 378
476 94
0 407
441 326
159 0
288 437
46 428
605 0
177 71
398 209
307 335
578 311
377 627
456 99
212 302
516 0
586 258
14 0
285 626
0 342
537 33
185 118
336 6
465 106
279 406
76 424
0 0
364 411
535 0
103 622
491 179
0 430
250 579
551 563
141 577
576 42
620 108
405 526
0 214
266 213
498 0
0 203
244 112
603 0
357 148
0 0
130 317
0 0
359 98
0 600
102 442
17 101
0 0
0 0
0 0
0 0
0 0
0 0
0 0
0 0
0 0
0 0
187 0
0 0
0 0
0 0
0 0
0 0
0 0
0 0
0 0
0 0
0 0
0 0
0 0
0 0
0 0
0 0
0 0
0 0
0 0
0 0
0 0
0 0
0 0
0 0
0 0
0 0
0 0
0 0
0 0
0 0
0 0
0 0
0 0
0 0
0 0
0 0
0 0
0 0
0 0
0 0
0 0
0 0
0 0
0 0
0 0
0 0
0 0
0 0
0 0
0 0
0 0
0 0
0 0
0 0
0 0
0 0
0 0
0 0
0 0
0 0
0 0
0 0
0 0
0 0
0 0
0 0
0 0
0 0
0 0
0 0
0 0
0 0
0 0
0 0
0 0
0 0
0 0
0 0
0 0
0 0
0 0
0 0
0 0
0 0
0 0
0 0
0 0
0 0
0 0
0 0
0 0
0 0
0 0
0 0
0 0
0 0
0 0
0 0
0 0
0 0
0 0
0 0
0 0
0 0
0 0
0 0
0 0
0 0
0 0
0 0
0 0
0 0
0 0
0 0
0 0
0 0
0 0
0 0
0 0
0 0
0 0
0 0
0 0
0 0
0 0
0 0
0 0
0 0
0 0
0 0
0 0
0 0
0 0
0 0
0 0
0 0
0 0
0 0
0 0
0 0
0 0
0 0
0 0
0 0
0 0
0 0
0 0
0 0
0 0
0 0
0 0
0 0
0 0
0 0
0 0
0 0
0 0
0 0
0 0
0 0
0 0
0 0
0 0
0 0
0 0
0 0
0 0
0 0
0 0
0 0
0 0
0 0
0 0
0 0
0 0
0 0
0 0
0 0
0 0
0 0
0 0
0 0
0 0
0 0
0 0
0 0
0 0
0 0
0 0
0 0
0 0
0 0
0 0
0 0
0 0
0 0
0 0
0 0
0 0
0 0
0 0
0 0
0 0
0 0
0 0
0 0
0 0
0 0
0 0
0 0
0 0
0 0
0 0
0 0
0 0
0 0
0 0
0 0
0 0
0 0
0 0
0 0
0 0
0 0
0 0
0 0
0 0
0 0
0 0
0 0
0 0
0 0
0 0
0 0
0 0
0 0
0 0
0 0
0 0
0 0
