1250
978 650
1111 808
120 273
0 0
232 827
341 655
497 0
0 694
557 0
1221 629
0 13
326 0
907 222
708 645
950 1225
160 911
48 864
0 305
0 1166
0 175
1045 350
1101 0
19 611
211 344
0 1003
1029 499
526 355
534 819
671 0
297 648
472 264
71 993
948 486
605 310
503 0
581 140
516 501
1060 0
1093 505
449 367
438 633
728 1156
668 1151
512 0
302 139
244 905
550 247
942 969
457 870
1212 758
240 544
360 508
520 295
213 9
219 4
765 0
0 172
1086 242
0 338
796 637
818 0
821 1083
0 237
0 559
0 161
785 798
186 719
1250 515
0 0
0 1177
780 131
1176 519
477 843
0 0
0 0
0 0
1149 353
0 0
408 1096
532 110
424 1228
1084 218
1120 1036
106 1122
0 0
718 1150
881 0
313 725
0 0
730 848
1233 67
973 575
760 430
0 0
0 59
123 155
0 0
404 1099
1171 1107
1237 846
454 455
909 272
151 931
252 940
0 837
621 856
205 1194
1051 0
882 869
1078 290
1049 20
1243 95
30 179
622 1128
737 1077
567 522
1020 1133
0 282
926 545
112 566
0 0
1231 1028
830 563
1058 899
538 1069
318 968
750 1153
1037 164
0 726
630 627
540 0
1208 409
680 0
987 0
476 448
574 0
0 80
1109 1130
388 774
672 1204
1227 143
1213 800
0 986
0 398
1041 852
304 829
1207 216
299 0
1070 325
1116 636
1180 944
157 481
793 378
401 450
597 716
292 458
37 198
327 434
732 231
609 461
64 0
182 810
0 254
0 1001
735 586
418 591
39 0
0 0
960 0
517 868
676 754
487 0
0 91
683 965
0 1076
0 141
1169 47
275 184
0 119
0 1126
149 136
1121 974
0 1217
687 0
208 11
335 801
1098 748
340 894
22 1184
1118 253
1197 1052
490 542
394 0
0 0
564 957
1075 24
0 779
0 473
16 0
1241 0
0 1013
0 884
0 81
146 0
420 374
0 876
98 121
606 0
54 127
624 879
632 897
554 41
315 640
0 1067
1206 321
1200 890
113 795
492 799
927 0
1154 601
690 663
271 812
427 480
646 675
366 1081
1079 556
0 0
0 0
815 322
1202 1019
776 744
1071 364
93 809
1039 40
400 356
445 954
296 506
236 1011
0 971
203 437
0 386
943 412
460 638
541 695
825 452
53 429
1249 1113
914 607
709 422
1080 733
1137 371
0 133
887 0
202 261
979 1148
721 739
201 1064
369 546
0 1191
402 109
649 138
866 858
939 537
413 79
934 742
955 639
0 0
0 576
248 243
0 0
824 590
0 0
704 0
778 57
0 317
0 0
977 1005
945 759
399 822
0 0
440 1224
278 99
435 584
959 0
0 385
826 573
1066 1136
847 441
0 397
1087 134
174 1157
0 966
23 0
656 1088
653 0
0 1047
260 1062
18 0
0 84
465 1187
946 587
807 204
1152 92
263 51
221 0
1059 1242
0 1239
245 33
0 0
616 259
0 0
0 602
651 1178
781 842
1183 183
197 285
1100 665
125 0
0 908
874 533
234 1181
0 116
0 0
1214 673
0 595
118 0
873 165
314 300
832 0
794 1119
1220 21
1065 1168
207 235
100 107
813 1146
878 833
952 0
349 279
86 836
5 163
805 951
625 87
0 129
144 370
0 0
471 771
1008 763
788 644
0 679
0 1106
1044 598
393 667
547 552
865 777
431 892
917 1040
1179 0
209 715
920 0
83 981
612 27
229 753
701 158
0 1163
265 999
871 1031
0 0
415 479
0 731
766 478
308 122
511 256
1002 1188
988 169
10 0
0 70
980 1032
1054 0
1048 0
241 745
60 0
862 52
620 104
1222 551
1185 1138
329 855
36 166
298 1196
580 177
762 570
0 857
377 803
1219 0
347 192
964 293
527 474
1144 423
0 904
277 1006
0 0
773 262
0 1244
1209 233
991 990
727 170
582 1000
357 320
711 883
600 932
1226 1145
111 578
1198 678
1046 706
0 0
0 215
358 583
0 1192
756 0
1056 1236
0 628
0 0
462 984
102 1112
1158 0
0 915
0 510
368 0
729 0
0 1190
572 0
814 421
834 469
196 0
68 998
336 362
311 0
447 1103
0 354
0 1135
654 312
643 811
647 238
391 995
724 1072
66 50
137 464
266 555
970 500
820 958
72 32
257 992
108 46
1215 224
0 0
153 924
220 1030
0 903
523 1089
996 185
828 1035
691 301
736 1173
239 1082
1229 1027
323 0
331 44
152 877
1018 850
142 0
61 227
1115 617
154 281
0 289
1050 1007
268 132
407 585
589 0
513 319
634 73
188 1114
403 470
491 841
45 703
0 425
662 483
167 0
717 376
886 661
284 0
734 359
328 885
493 0
941 77
900 324
316 309
446 657
0 1238
1023 1110
0 0
746 635
1009 156
339 839
764 82
1095 549
697 641
0 459
681 1218
0 0
1068 529
433 178
989 181
0 0
147 97
392 29
669 0
692 702
1246 658
918 700
0 504
194 571
0 148
755 937
417 1159
199 200
686 610
1014 0
688 767
962 0
0 613
246 498
269 1105
0 889
1210 867
1139 276
482 444
787 1055
1240 817
588 1017
797 1165
548 0
226 791
1092 888
558 1042
1164 38
891 451
0 0
0 1108
535 372
26 910
426 0
0 682
103 171
488 1038
947 1172
1247 1129
361 976
618 790
953 0
770 283
577 406
1142 78
896 919
860 1022
0 0
0 1117
88 963
0 0
0 921
173 126
0 342
419 0
150 853
0 124
925 786
1141 210
1124 0
0 0
596 442
592 666
0 405
0 0
0 859
395 1125
863 0
783 560
193 484
351 0
1162 3
1034 835
1015 536
0 1091
614 1061
383 928
752 334
291 893
0 416
1203 1004
723 7
274 1234
740 938
28 565
0 1127
861 0
494 387
525 689
929 849
352 0
789 0
267 660
698 1134
1132 390
145 114
0 0
0 956
693 1094
674 255
333 212
0 0
0 49
712 225
0 65
0 1074
0 0
594 0
898 608
502 659
58 670
375 15
994 1223
1025 930
518 949
0 0
286 343
872 623
1199 0
720 346
713 135
0 0
916 0
306 85
365 851
521 507
603 117
0 0
901 43
337 782
831 923
722 1033
428 332
0 0
373 626
76 1131
1147 1205
453 223
0 743
1216 0
1057 115
0 214
180 130
961 74
749 105
128 1235
381 1085
0 0
652 1248
1140 975
768 530
696 411
414 983
936 840
0 792
1186 875
489 806
0 389
463 162
1160 0
55 96
772 0
250 1123
0 1021
0 0
509 94
0 0
741 379
485 380
0 439
12 69
528 972
348 17
664 1170
1245 761
0 0
913 217
475 838
844 495
35 330
345 25
845 967
1174 751
159 75
757 0
1232 604
880 0
382 230
1090 63
816 0
677 0
307 1195
363 62
684 935
396 249
895 982
1073 187
1211 615
176 190
1167 31
496 997
195 543
1175 0
922 714
56 802
1063 0
1012 42
631 0
0 0
775 468
568 89
189 0
569 0
168 707
1026 514
738 288
524 294
0 593
34 436
1143 804
0 710
410 1230
6 0
14 270
206 280
619 906
1193 1010
0 0
101 553
251 8
0 0
933 287
699 258
1182 228
539 0
985 191
1155 747
784 1024
1043 685
0 531
705 642
0 0
562 823
1016 1189
0 0
0 456
2 303
466 854
902 1097
579 1104
432 561
912 769
1053 90
1201 1102
0 599
1161 384
0 443
0 0
0 0
0 0
0 0
0 0
0 0
0 0
0 0
0 0
0 0
0 0
0 0
0 0
0 0
0 0
0 0
0 0
0 0
0 0
0 0
0 0
0 0
0 0
0 0
0 0
0 0
0 0
0 0
0 0
0 0
0 0
0 0
0 0
0 0
0 0
0 0
0 0
0 0
0 0
0 0
0 0
0 0
0 0
0 0
0 0
0 0
0 0
0 0
0 0
0 0
0 0
0 0
0 0
0 0
0 0
0 0
0 0
0 0
0 0
0 0
0 0
0 0
0 0
0 0
0 0
0 0
0 0
0 0
0 0
0 0
0 0
0 0
0 0
0 0
0 0
0 0
0 0
0 0
0 0
0 0
0 0
0 0
0 0
0 0
0 0
0 0
0 0
0 0
0 0
0 0
0 0
0 0
0 0
0 0
0 0
0 0
0 0
0 0
0 0
0 0
0 0
0 0
0 0
0 0
0 0
0 0
0 0
0 0
0 0
0 0
0 0
0 0
0 0
0 0
0 0
0 0
0 0
0 0
0 0
0 0
0 0
0 0
0 0
0 0
0 0
0 0
0 0
0 0
0 0
0 0
0 0
0 0
0 0
0 0
0 0
0 0
0 0
0 0
0 0
0 0
0 0
0 0
0 0
0 0
0 0
0 0
0 0
0 0
0 0
0 0
0 0
0 0
0 0
0 0
0 0
0 0
0 0
0 0
0 0
0 0
0 0
0 0
0 0
0 0
0 0
0 0
0 0
0 0
0 0
0 0
0 0
0 0
0 0
0 0
0 0
0 0
0 0
0 0
0 0
0 0
0 0
0 0
0 0
0 0
0 0
0 0
0 0
0 0
0 0
0 0
0 0
0 0
0 0
0 0
0 0
0 0
0 0
0 0
0 0
0 0
0 0
0 0
0 0
0 0
0 467
0 0
0 0
0 0
0 0
0 0
0 0
0 0
0 0
0 0
0 0
0 0
0 0
0 0
0 0
0 0
0 0
0 0
0 0
0 0
0 0
0 0
0 0
0 0
0 0
0 0
0 0
0 0
0 0
0 0
0 0
0 0
0 0
0 0
0 0
0 0
0 0
0 0
0 0
0 0
0 0
0 0
0 0
0 0
0 0
0 0
0 0
0 0
0 0
0 0
0 0
0 0
0 0
0 0
0 0
0 0
0 0
0 0
0 0
0 0
0 0
0 0
0 0
0 0
0 0
0 0
0 0
0 0
0 0
0 0
0 0
0 0
0 0
0 0
0 0
0 0
0 0
0 0
0 0
0 0
0 0
0 0
0 0
0 0
0 0
0 0
0 0
0 0
0 0
0 0
0 0
0 0
0 0
0 0
0 0
0 0
0 0
0 0
0 0
0 0
0 0
0 0
0 0
0 0
0 0
0 0
0 0
0 0
0 0
0 0
0 0
0 0
0 0
0 0
0 0
0 0
0 0
0 0
0 0
0 0
0 0
0 0
0 0
0 0
0 0
0 0
0 0
0 0
0 0
0 0
0 0
0 0
0 0
0 0
0 0
0 0
0 0
0 0
0 0
0 0
0 0
0 0
0 0
0 0
0 0
0 0
0 0
0 0
0 0
0 0
0 0
0 0
0 0
0 0
0 0
0 0
0 0
0 0
0 0
0 0
0 0
0 0
0 0
0 0
0 0
0 0
0 0
0 0
0 0
0 0
0 0
0 0
0 0
0 0
0 0
0 0
0 0
0 0
0 0
0 0
0 0
0 0
0 0
0 0
0 0
0 0
0 0
0 0
0 0
0 0
0 0
0 0
0 0
0 0
0 0
0 0
0 0
0 0
0 0
0 0
0 0
0 0
0 0
0 0
0 0
0 0
0 0
0 0
0 0
0 0
0 0
0 0
0 0
0 0
0 0
0 0
0 0
0 0
0 0
0 0
0 0
0 0
0 0
0 0
0 0
0 0
0 0
0 0
0 0
0 0
0 0
0 0
0 0
0 0
0 0
0 0
0 0
0 0
0 0
0 0
0 0
0 0
0 0
0 0
0 0
0 0
0 0
0 0
0 0
0 0
0 0
0 0
0 0
0 0
0 0
0 0
0 0
0 0
0 0
0 0
0 0
0 0
0 0
0 0
0 0
0 0
0 0
0 0
0 0
0 0
0 0
0 0
0 0
