2160
777 1083
1395 0
2031 1067
0 953
890 1530
739 1926
0 163
1263 1182
863 34
68 37
612 0
1597 1074
1663 1588
1024 1443
1891 1646
1430 7
0 1224
785 0
771 696
1261 543
1014 1872
790 1887
793 1796
0 1756
142 1408
1965 0
1539 0
1222 0
786 1475
104 1726
1203 1943
721 251
1522 760
844 0
1810 1952
0 625
0 301
0 876
0 2121
1180 1166
1214 2060
705 583
982 1609
1308 2069
554 1458
318 198
781 0
1625 2084
0 1571
0 0
0 1651
1747 0
571 902
783 767
1079 2107
727 521
1598 2131
999 1375
880 0
1078 316
0 0
65 473
639 1417
98 719
1327 421
975 1248
596 0
0 0
1092 265
1758 100
1267 1690
1975 1473
1865 817
252 1623
1110 716
641 0
1608 0
365 2010
0 342
1045 217
851 1059
6 0
173 2089
1860 0
0 1996
0 2095
1290 271
609 2143
0 1462
1988 1816
1108 872
0 2133
322 1448
959 520
359 1158
1469 1119
2044 221
1328 1170
1174 123
0 0
267 1373
1924 606
112 549
635 0
0 1226
832 1042
1863 1524
1856 352
0 1961
1288 1705
1642 1038
789 987
950 749
757 1668
1295 191
0 1650
1622 1877
174 1573
1102 0
655 762
285 821
1197 92
1088 1643
1560 825
1085 315
0 0
782 1077
1556 804
2006 2154
677 1497
0 1982
1660 1701
0 0
1432 752
0 1270
472 1665
811 0
555 1109
218 2039
828 893
351 1233
2128 0
367 0
680 199
1934 807
815 0
0 0
845 1152
0 600
0 18
53 780
356 1963
0 1730
326 1974
1581 1898
363 70
1124 1326
2008 239
0 1467
1425 440
1153 1889
327 371
1476 805
344 0
1639 2024
0 1667
2075 444
676 0
983 930
1854 0
2149 0
1046 1354
1897 2083
1491 1123
2077 1590
1805 169
1684 0
0 1464
834 1700
295 2020
263 597
89 1363
802 1528
463 1095
0 814
0 1610
0 729
792 1997
907 1194
1440 2058
1515 1768
885 278
1502 300
0 551
695 1855
883 2002
257 0
949 0
864 1791
961 134
0 1664
1553 427
663 1234
0 0
1859 0
1910 822
1812 1999
0 0
1353 0
831 659
1472 1032
0 2106
1297 290
2091 672
435 505
1008 392
1771 887
40 738
178 1128
1132 1927
1460 491
1828 1601
1923 690
1754 1268
748 189
1526 0
2129 0
938 39
1296 642
1750 1879
788 208
211 970
1569 372
1068 886
524 304
426 459
47 548
1800 2073
836 746
1801 0
945 498
1973 0
0 0
1035 50
84 1792
0 1065
2125 428
813 176
0 0
1959 160
0 0
1437 651
1547 1517
523 2054
796 146
1439 0
136 493
922 630
1179 1033
858 87
1274 61
879 669
1279 1075
149 1739
1711 751
1977 2122
77 516
598 0
0 1655
1911 0
1269 666
0 446
0 0
1099 1470
1314 819
1094 1819
305 1450
2118 954
0 1969
898 1454
2 273
1367 345
740 1444
0 368
658 11
1689 0
725 1575
115 0
0 0
1242 373
1501 213
222 0
0 1101
0 2078
402 1554
758 605
0 0
708 0
556 0
700 753
631 360
1941 1736
334 128
1751 90
1594 1397
0 1329
929 1062
1640 1589
1140 1399
1461 2053
0 877
389 1902
258 915
2045 0
0 0
0 0
1648 155
1247 1451
1723 4
1576 942
1780 0
1281 0
45 212
430 0
937 232
1769 1733
1252 918
1388 422
378 1797
1670 1206
1566 1674
1989 0
582 1428
1793 1223
691 0
486 0
76 12
1474 0
967 797
2036 1901
2004 79
963 1685
0 0
1157 923
456 668
377 2081
0 1419
2145 1947
1834 333
1003 1204
255 172
1542 1765
1818 1420
0 414
119 0
1400 1316
687 1971
0 1071
2070 411
1191 1104
364 1718
1998 227
1216 82
576 1637
1142 599
941 46
1719 1649
1583 1838
1031 432
1888 2061
1804 468
661 1207
584 1656
1687 626
1335 1359
0 0
0 1253
337 96
896 129
1628 270
264 497
985 2156
1676 964
1563 0
723 1057
1465 926
2043 601
397 1357
993 0
1907 2011
390 0
1516 644
869 1489
224 325
147 400
1843 1829
1908 1981
1746 29
41 0
711 1503
1890 1178
1933 0
1005 1427
0 0
0 0
1720 2151
286 0
1411 1236
0 1372
1210 431
323 0
2071 1192
1070 449
0 978
48 190
1759 842
726 0
57 766
1365 1082
27 20
1209 110
0 0
0 1289
279 988
1121 1579
1976 0
0 51
0 0
499 1867
1875 1525
0 0
0 1073
1061 1774
1007 442
1951 0
1992 0
1574 335
2136 852
1303 1773
1198 1582
1302 1421
1913 0
657 1787
1532 862
728 2100
645 0
495 1815
111 1164
0 2022
223 538
1570 1778
984 1906
1881 1016
0 0
2052 214
1869 620
1229 299
2038 1903
0 0
135 424
610 314
0 1692
0 627
470 1342
1912 10
0 0
150 461
823 42
1722 132
1545 2124
2001 965
1602 911
0 443
1852 103
2099 689
415 1238
1331 1857
1097 1382
1536 454
545 1043
1486 1105
1116 1113
485 0
0 2066
2116 0
1745 0
1840 0
331 2064
1215 0
1089 210
125 460
63 500
0 0
0 643
1025 471
0 1086
1340 1543
467 0
1190 618
0 568
0 238
0 237
0 2111
1159 974
2135 2062
0 756
0 1196
1742 1000
2148 1298
1956 1343
354 0
565 2103
375 59
1757 901
2157 577
688 0
1789 0
0 2120
1304 0
1087 683
95 195
2033 1682
1020 946
1348 1957
840 1273
387 981
0 0
1782 1423
234 707
1022 186
0 1561
1255 794
1317 1239
108 1235
0 0
381 1600
1434 0
0 0
109 347
835 1453
1662 682
16 0
1272 0
508 1612
1127 1968
1040 209
0 0
0 1356
1368 1415
2153 56
1112 1767
1611 1900
0 0
0 927
1477 0
479 1171
120 1193
1344 1333
529 1716
391 2097
1143 772
0 105
0 0
1614 704
2090 1786
1580 1383
1677 928
0 640
1715 1653
0 1488
0 0
827 562
759 527
2021 776
1310 1808
0 0
455 703
0 1567
393 698
1630 1629
0 1681
1345 170
573 216
1245 1694
0 0
1306 1494
14 1753
403 775
181 0
0 0
308 1115
1407 148
131 0
546 0
370 706
1313 1332
900 1338
0 200
0 0
613 931
0 0
1864 1076
350 1918
1405 671
124 1972
309 1527
947 1948
686 107
384 765
434 0
1509 623
654 1565
465 1654
1713 1160
158 854
1717 899
0 509
0 722
441 0
1983 1544
1251 1118
647 1790
632 2117
1894 1657
0 275
1962 1945
405 1749
283 936
1937 2082
0 1039
1514 0
699 884
0 1240
1738 0
806 2114
826 881
0 1293
1936 1422
0 1449
1069 2096
1755 0
507 503
0 1220
528 349
0 0
1928 1868
1156 0
157 1492
0 1537
1211 1599
0 622
1540 113
603 2041
1202 1883
1822 0
547 1459
679 1307
0 662
1766 0
0 0
0 235
1011 966
1593 1523
167 2086
1820 2059
243 1572
873 118
530 54
1122 126
1922 1201
0 1478
1336 1387
0 0
1558 553
1513 0
0 664
0 0
2126 843
474 0
903 0
1830 1675
977 1873
0 357
1994 0
733 268
1106 0
99 665
1480 321
1696 1909
906 1410
795 701
534 717
425 2140
282 1896
1752 1606
1256 914
196 552
156 674
127 193
916 0
1330 1389
140 1409
1177 9
1870 1262
1607 0
319 254
1839 1380
2013 94
226 1944
0 0
714 2158
799 0
1060 579
2034 1413
1763 192
1827 0
380 846
948 894
1616 261
0 1507
1276 2139
244 240
935 1246
1131 1002
1496 1006
215 874
1482 180
897 2138
768 0
2019 638
0 824
1291 0
0 0
1271 1699
2119 1970
310 481
604 512
182 28
1504 1781
633 531
420 0
1360 1300
86 1886
1138 882
1051 483
436 1485
908 0
1931 1985
177 0
998 1980
2068 33
1442 187
0 469
1278 1519
0 912
466 23
0 1264
1817 971
934 1979
477 0
97 979
2049 1836
1661 277
867 892
183 0
875 0
1511 913
925 564
2141 206
328 0
1761 0
1631 1680
418 1568
1707 848
1249 1227
866 763
292 0
298 1378
1319 1041
1508 0
0 324
570 2005
2047 895
769 1287
1225 1280
1964 168
1626 1564
2030 2046
1493 1919
2065 560
1813 1429
1275 0
1145 853
1920 2051
510 878
841 312
940 1029
1096 1126
917 3
407 30
972 743
1433 1374
1117 1377
0 1895
0 152
660 1184
38 302
1724 1324
861 0
608 1929
0 791
818 1436
0 0
558 656
1613 586
401 1141
1604 133
5 697
1807 1017
69 1441
0 1036
0 0
241 0
1783 2113
667 720
833 1893
2087 445
362 1518
0 1498
0 0
989 1396
1578 1740
829 0
31 489
1846 0
1744 850
2079 0
231 1603
0 649
2102 1851
0 0
578 611
535 1621
1605 2027
93 1706
1134 0
388 1505
0 0
1125 0
1499 1361
634 1521
1917 287
1155 1850
0 1237
734 0
0 0
1548 2057
575 1866
617 619
532 161
621 2023
0 0
1487 1370
369 413
580 1799
311 376
1438 1858
0 1634
0 513
256 0
317 594
288 1708
1659 1672
745 353
0 205
36 0
537 44
593 484
0 0
920 1147
924 2080
55 230
1703 2105
1760 820
1776 1445
0 1285
1175 74
1133 81
329 566
1538 624
0 336
0 0
1587 991
648 839
1386 810
1710 1584
709 0
1322 248
1010 1785
685 1167
1403 1093
1825 0
0 1384
114 956
515 1323
0 0
233 0
2037 0
482 870
1833 0
684 73
550 1647
1172 1673
0 0
122 636
1862 0
0 0
1015 71
1107 280
179 91
1633 986
1301 0
355 1728
0 1809
932 1709
32 0
1899 139
801 1146
0 0
406 995
1334 297
1932 541
1058 0
408 0
1844 0
2067 1013
1412 225
0 773
1376 0
476 1953
678 1638
1772 830
1259 1286
433 1481
52 202
1686 1318
1958 1212
1878 102
0 0
1904 1350
0 0
494 1341
1369 955
284 1213
1669 0
121 194
19 204
62 1129
2144 0
563 1120
1678 1351
361 386
1136 1355
417 83
1500 303
1044 0
962 0
1729 1260
266 504
856 1066
572 462
1955 0
891 2050
540 0
0 1021
741 0
348 2009
1691 249
1018 1658
1641 1176
423 22
0 396
1615 747
0 0
1849 2016
1693 779
1826 72
1282 1735
1339 1111
0 0
2018 1187
952 0
0 0
1257 496
0 1770
1702 13
1394 307
0 0
162 85
374 1352
1967 1884
943 2003
1798 25
0 731
1230 1510
409 487
2007 1617
778 1619
0 518
1871 1049
2101 0
17 1416
78 1950
957 0
1823 0
1320 0
219 808
1162 1161
1788 0
1218 137
670 1721
1683 1802
338 1512
1577 1001
145 1779
0 1080
1337 332
1591 1824
694 860
453 451
787 755
1550 8
1549 394
0 0
313 1618
587 0
1027 185
15 1181
754 1183
1292 1483
1217 272
0 66
0 245
1938 730
849 1063
2055 0
1026 2088
1139 2134
1762 2108
340 490
0 2092
1731 921
1831 2074
0 517
398 0
1447 865
1019 116
1743 1905
1098 1737
1114 0
2042 2072
1914 1596
0 203
1935 1163
2063 306
996 744
2040 250
1219 1244
75 1349
0 2098
1221 1195
0 569
1390 246
1991 939
770 1231
1466 2115
1495 1794
1398 533
88 229
291 1562
159 905
919 1635
448 1135
464 675
742 1995
2132 346
2127 1250
410 207
1266 2160
681 1775
0 0
1471 1595
735 143
0 0
0 0
0 0
2056 944
2130 339
692 2159
1559 673
1885 525
1371 1393
2123 2150
1882 0
1154 1845
1047 293
1892 1842
1130 1391
1299 488
1055 58
1028 761
1023 281
837 1541
1698 588
0 2000
1064 1091
502 0
1054 1990
718 416
1100 559
1764 653
1484 0
1835 0
320 475
383 976
0 646
1346 958
0 1555
2094 26
803 0
0 1732
480 1241
994 289
1311 197
0 0
0 171
1832 452
1666 130
1103 117
1811 1144
1258 1366
2109 590
0 35
1228 1942
0 0
506 2015
933 262
382 429
153 1053
437 968
997 1848
296 0
1853 0
812 175
64 450
269 259
798 1874
154 585
951 0
0 710
438 0
0 1987
2048 544
0 784
0 0
0 0
724 2147
1876 164
49 379
628 702
1168 1837
992 151
1426 859
2076 910
0 0
2152 1841
0 1954
511 1479
1056 1915
0 0
0 0
1741 1940
650 1265
574 1748
1671 0
1090 973
0 260
1814 990
236 1137
201 0
0 1861
1358 2146
1048 969
615 1552
1431 1734
0 0
800 1784
0 539
366 1652
0 0
1993 1688
1362 1712
1305 1455
888 188
2014 80
0 1984
1446 106
1321 1347
1205 542
857 0
0 1624
276 519
1806 1534
1424 637
0 602
1284 522
1627 607
581 0
2035 1404
868 809
1084 404
1946 419
614 0
1727 0
1312 0
1186 0
1149 847
1821 0
1546 1232
1188 0
457 358
184 447
1557 0
0 343
0 1457
1960 816
732 980
1052 561
1551 774
395 1406
0 1795
0 0
501 909
43 1325
439 1986
0 713
0 557
595 0
0 0
1452 247
715 2155
0 0
385 514
1966 60
536 1294
0 2012
1283 1435
1645 228
0 736
1880 2026
1847 0
0 2142
871 0
1777 1456
0 0
764 0
1364 67
712 1636
1037 1402
1925 242
0 2112
253 1803
330 1695
1697 0
0 1050
412 904
1151 1173
1535 0
0 2032
0 1939
0 0
1586 1315
274 1916
2104 1254
0 1150
1385 399
1030 750
458 0
101 1533
2110 1921
0 0
0 0
21 478
1704 144
1490 629
2085 1081
589 1463
1165 492
1506 737
1185 591
1277 1414
2029 1468
1004 1200
0 2028
1148 0
24 1520
1592 1401
220 1208
0 294
1531 1585
2025 960
567 1169
1418 341
1679 889
0 1620
1632 1072
138 1930
838 1034
652 165
1714 526
1949 592
1725 1978
1529 1243
855 1392
2093 1199
0 166
1009 1381
0 141
0 0
2137 616
0 0
1012 1644
1309 1379
0 0
0 2017
0 0
1189 0
0 0
0 0
0 0
0 0
0 0
0 0
0 0
0 0
0 0
0 0
0 0
0 0
0 0
0 0
0 0
0 0
0 0
0 0
0 0
0 0
0 0
0 0
0 0
0 0
0 0
0 0
0 0
0 0
0 0
0 0
0 0
0 0
0 0
0 0
0 0
693 0
0 0
0 0
0 0
0 0
0 0
0 0
0 0
0 0
0 0
0 0
0 0
0 0
0 0
0 0
0 0
0 0
0 0
0 0
0 0
0 0
0 0
0 0
0 0
0 0
0 0
0 0
0 0
0 0
0 0
0 0
0 0
0 0
0 0
0 0
0 0
0 0
0 0
0 0
0 0
0 0
0 0
0 0
0 0
0 0
0 0
0 0
0 0
0 0
0 0
0 0
0 0
0 0
0 0
0 0
0 0
0 0
0 0
0 0
0 0
0 0
0 0
0 0
0 0
0 0
0 0
0 0
0 0
0 0
0 0
0 0
0 0
0 0
0 0
0 0
0 0
0 0
0 0
0 0
0 0
0 0
0 0
0 0
0 0
0 0
0 0
0 0
0 0
0 0
0 0
0 0
0 0
0 0
0 0
0 0
0 0
0 0
0 0
0 0
0 0
0 0
0 0
0 0
0 0
0 0
0 0
0 0
0 0
0 0
0 0
0 0
0 0
0 0
0 0
0 0
0 0
0 0
0 0
0 0
0 0
0 0
0 0
0 0
0 0
0 0
0 0
0 0
0 0
0 0
0 0
0 0
0 0
0 0
0 0
0 0
0 0
0 0
0 0
0 0
0 0
0 0
0 0
0 0
0 0
0 0
0 0
0 0
0 0
0 0
0 0
0 0
0 0
0 0
0 0
0 0
0 0
0 0
0 0
0 0
0 0
0 0
0 0
0 0
0 0
0 0
0 0
0 0
0 0
0 0
0 0
0 0
0 0
0 0
0 0
0 0
0 0
0 0
0 0
0 0
0 0
0 0
0 0
0 0
0 0
0 0
0 0
0 0
0 0
0 0
0 0
0 0
0 0
0 0
0 0
0 0
0 0
0 0
0 0
0 0
0 0
0 0
0 0
0 0
0 0
0 0
0 0
0 0
0 0
0 0
0 0
0 0
0 0
0 0
0 0
0 0
0 0
0 0
0 0
0 0
0 0
0 0
0 0
0 0
0 0
0 0
0 0
0 0
0 0
0 0
0 0
0 0
0 0
0 0
0 0
0 0
0 0
0 0
0 0
0 0
0 0
0 0
0 0
0 0
0 0
0 0
0 0
0 0
0 0
0 0
0 0
0 0
0 0
0 0
0 0
0 0
0 0
0 0
0 0
0 0
0 0
0 0
0 0
0 0
0 0
0 0
0 0
0 0
0 0
0 0
0 0
0 0
0 0
0 0
0 0
0 0
0 0
0 0
0 0
0 0
0 0
0 0
0 0
0 0
0 0
0 0
0 0
0 0
0 0
0 0
0 0
0 0
0 0
0 0
0 0
0 0
0 0
0 0
0 0
0 0
0 0
0 0
0 0
0 0
0 0
0 0
0 0
0 0
0 0
0 0
0 0
0 0
0 0
0 0
0 0
0 0
0 0
0 0
0 0
0 0
0 0
0 0
0 0
0 0
0 0
0 0
0 0
0 0
0 0
0 0
0 0
0 0
0 0
0 0
0 0
0 0
0 0
0 0
0 0
0 0
0 0
0 0
0 0
0 0
0 0
0 0
0 0
0 0
0 0
0 0
0 0
0 0
0 0
0 0
0 0
0 0
0 0
0 0
0 0
0 0
0 0
0 0
0 0
0 0
0 0
0 0
0 0
0 0
0 0
0 0
0 0
0 0
0 0
0 0
0 0
0 0
0 0
0 0
0 0
0 0
0 0
0 0
0 0
0 0
0 0
0 0
0 0
0 0
0 0
0 0
0 0
0 0
0 0
0 0
0 0
0 0
0 0
0 0
0 0
0 0
0 0
0 0
0 0
0 0
0 0
0 0
0 0
0 0
0 0
0 0
0 0
0 0
0 0
0 0
0 0
0 0
0 0
0 0
0 0
0 0
0 0
0 0
0 0
0 0
0 0
0 0
0 0
0 0
0 0
0 0
0 0
0 0
0 0
0 0
0 0
0 0
0 0
0 0
0 0
0 0
0 0
0 0
0 0
0 0
0 0
0 0
0 0
0 0
0 0
0 0
0 0
0 0
0 0
0 0
0 0
0 0
0 0
0 0
0 0
0 0
0 0
0 0
0 0
0 0
0 0
0 0
0 0
0 0
0 0
0 0
0 0
0 0
0 0
0 0
0 0
0 0
0 0
0 0
0 0
0 0
0 0
0 0
0 0
0 0
0 0
0 0
0 0
0 0
0 0
0 0
0 0
0 0
0 0
0 0
0 0
0 0
0 0
0 0
0 0
0 0
0 0
0 0
0 0
0 0
0 0
0 0
0 0
0 0
0 0
0 0
0 0
0 0
0 0
0 0
0 0
0 0
0 0
0 0
0 0
0 0
0 0
0 0
0 0
0 0
0 0
0 0
0 0
0 0
0 0
0 0
0 0
0 0
0 0
0 0
0 0
0 0
0 0
0 0
0 0
0 0
0 0
0 0
0 0
0 0
0 0
0 0
0 0
0 0
0 0
0 0
0 0
0 0
0 0
0 0
0 0
0 0
0 0
0 0
0 0
0 0
0 0
0 0
0 0
0 0
0 0
0 0
0 0
0 0
0 0
0 0
0 0
0 0
0 0
0 0
0 0
0 0
0 0
0 0
0 0
0 0
0 0
0 0
0 0
0 0
0 0
0 0
0 0
0 0
0 0
0 0
0 0
0 0
0 0
0 0
0 0
0 0
0 0
0 0
0 0
0 0
0 0
0 0
0 0
0 0
0 0
0 0
0 0
0 0
0 0
0 0
0 0
0 0
0 0
0 0
0 0
0 0
0 0
0 0
0 0
0 0
0 0
0 0
0 0
0 0
0 0
0 0
0 0
0 0
0 0
0 0
0 0
0 0
0 0
0 0
0 0
0 0
0 0
0 0
0 0
0 0
0 0
0 0
0 0
0 0
0 0
0 0
0 0
0 0
0 0
0 0
0 0
0 0
0 0
0 0
0 0
0 0
0 0
0 0
0 0
0 0
0 0
0 0
0 0
0 0
0 0
0 0
0 0
0 0
0 0
0 0
0 0
0 0
0 0
0 0
0 0
0 0
0 0
0 0
0 0
0 0
0 0
0 0
0 0
0 0
0 0
0 0
0 0
0 0
0 0
0 0
0 0
0 0
0 0
0 0
0 0
0 0
0 0
0 0
0 0
0 0
0 0
0 0
0 0
0 0
0 0
0 0
0 0
0 0
0 0
0 0
0 0
0 0
0 0
0 0
0 0
0 0
0 0
0 0
0 0
0 0
0 0
0 0
0 0
0 0
0 0
0 0
0 0
0 0
0 0
0 0
0 0
0 0
0 0
0 0
0 0
0 0
0 0
0 0
0 0
0 0
0 0
0 0
0 0
0 0
0 0
0 0
0 0
0 0
0 0
0 0
0 0
0 0
0 0
0 0
0 0
0 0
0 0
0 0
0 0
0 0
0 0
0 0
0 0
0 0
0 0
0 0
0 0
0 0
0 0
0 0
0 0
0 0
0 0
0 0
0 0
0 0
0 0
0 0
0 0
0 0
0 0
0 0
0 0
0 0
0 0
0 0
0 0
0 0
0 0
