3430
919 1316
0 438
2640 2487
1136 3162
1173 2027
221 0
1197 266
1603 1220
223 0
1196 502
3254 525
416 0
499 1023
2112 1825
267 1132
3346 125
1129 3265
326 457
1741 2263
1302 2593
2960 2590
654 382
1582 2883
1574 3141
2329 3260
2699 123
3125 538
3307 2260
1776 408
1512 1450
0 1976
0 0
1176 610
2630 0
168 2169
0 0
34 788
1947 30
0 0
3197 1507
0 1207
2999 2210
679 1348
3427 2917
0 0
0 0
2465 345
3308 0
0 3188
0 3273
1670 0
2102 0
233 493
0 3032
1112 914
0 0
2175 778
2111 1266
518 2781
2036 0
1433 190
2662 2488
2079 2080
1526 3020
0 149
360 130
1724 2862
927 2671
1938 0
1159 2315
563 0
203 888
1391 678
0 2907
0 905
1537 432
1532 955
0 0
3278 211
982 2908
3091 0
2063 0
1080 677
1864 1181
0 0
1696 288
615 832
1052 0
0 1327
2498 1966
3374 2838
2589 0
445 421
1607 1803
1350 2094
0 2966
2454 1468
188 327
0 1399
1517 11
0 333
570 1047
133 2983
448 1771
0 0
591 0
0 0
3230 2536
2047 2507
1778 0
0 375
1599 0
297 214
0 0
2809 2334
3039 2249
255 1462
115 1044
1974 0
1474 921
0 1643
2158 810
700 2369
2031 3045
1421 1317
842 976
1143 0
0 0
0 0
2846 0
2545 1673
0 979
0 0
0 0
1625 2090
0 373
0 1900
0 0
1730 1604
3149 419
1274 0
0 1758
0 2122
0 2926
2775 2173
1915 427
1408 2981
250 2915
2669 1564
0 2541
0 2277
2463 3083
1015 0
787 533
400 3123
2506 985
2955 2038
1809 578
2893 2419
568 1764
3299 835
794 1740
1713 900
0 1333
0 0
2073 1103
0 263
2380 851
2576 751
2875 1548
337 1651
1904 0
307 0
1845 2362
1439 725
3153 1543
0 3037
0 1725
0 0
762 1234
680 1116
2033 2364
2890 1355
1345 0
0 619
1573 723
607 3144
117 3252
132 2581
2427 0
0 2292
689 0
3157 0
2830 1379
0 0
1198 1514
2825 0
2763 2508
3154 2179
58 0
2948 264
988 1175
1377 2794
2182 1992
877 1586
0 2306
0 2370
0 2444
2918 1211
2684 2211
2920 0
0 0
1343 3213
1782 1732
195 3338
2747 1282
0 10
3223 1551
2016 1671
52 649
417 1742
2812 501
1707 1847
648 174
1973 0
0 167
632 1083
1516 1857
2233 2054
3320 1567
79 564
1566 1443
638 2042
2923 2424
0 2527
2393 728
0 2975
0 3002
182 1184
2553 1929
2649 0
2701 1454
2976 2707
879 1388
486 1628
3076 3000
29 3333
1794 3061
506 2146
3241 871
230 1374
0 3290
1158 974
0 2877
0 0
2399 235
197 939
2070 1009
0 2867
747 984
121 1511
0 3133
2616 0
0 200
1300 2297
1239 3394
693 0
1786 521
2743 138
2713 1247
1261 553
1438 2959
399 69
3013 2072
1264 3306
0 1305
1690 500
924 0
225 749
3263 2
0 0
3287 3408
2810 0
2131 1638
0 3385
0 727
1717 1738
2185 745
1788 2096
2752 0
1728 3216
2757 0
2388 1748
588 0
248 0
609 1370
1950 1365
0 3068
0 0
1527 2299
0 0
980 577
3383 2561
3389 1393
1706 1002
0 845
3209 302
229 1416
2065 447
3405 460
890 2605
3075 656
0 478
1497 1478
2447 781
292 2964
0 241
2322 2060
287 1335
2712 1553
3323 440
916 926
2719 3041
0 0
2207 798
885 1571
0 0
3052 2806
253 0
1372 194
2618 756
1138 1979
0 1656
0 46
476 886
3262 1248
688 2688
566 1935
2304 2687
2735 1060
641 2126
0 2909
2929 1177
531 252
330 2905
0 2587
1035 3021
777 3366
0 1970
3271 0
434 823
3029 2501
1467 508
119 2421
904 3303
859 2348
143 3243
1672 1140
3186 2109
1091 3105
2431 3003
0 0
2685 1170
1541 1757
891 2295
3403 2176
0 3361
1780 424
2195 2279
0 1712
3232 244
2067 1256
2425 2897
2432 2288
299 0
0 1190
2998 1304
154 2691
495 1595
827 2215
0 2183
0 0
3355 0
2709 0
0 1907
2704 726
328 1971
873 3
2639 1695
0 148
251 0
347 2982
0 410
1994 1087
2282 1661
1099 3081
558 0
2595 2937
0 0
2680 484
76 708
63 2365
1871 1065
192 1875
0 2730
691 0
2187 2161
0 1783
1591 0
0 0
0 3178
3364 1535
981 0
1313 2160
0 2625
3348 1870
2970 2859
1873 3018
0 1155
1736 73
3180 3025
2235 671
3171 0
0 0
1829 169
1925 2274
0 0
0 2994
2003 2255
1872 2005
451 463
2206 3023
3143 1773
2229 2804
2300 1851
2538 1046
868 1655
2025 760
0 0
0 1590
0 488
4 1429
931 2788
3388 0
160 3224
1258 2829
838 2068
491 973
668 0
2932 332
711 3221
93 2007
3109 599
0 0
0 0
1525 1107
3257 1244
0 0
2485 2648
467 0
1686 2852
2659 2087
2898 1877
1139 1853
541 2222
0 2759
1790 3217
227 120
2045 2521
2554 2069
54 3174
978 567
1798 724
2032 1193
2436 2921
1555 714
2973 3258
0 0
2656 1349
769 3279
401 2769
706 311
2411 1323
258 0
0 2053
405 466
3370 268
2219 0
2841 237
3220 2010
1930 1515
0 0
582 381
1615 1942
1547 118
3282 2758
0 821
3131 2037
2879 0
2832 243
1768 0
2745 1346
3397 2484
1496 608
741 3017
304 2723
621 846
1385 870
0 857
2375 2117
3070 3055
2159 0
2873 968
265 393
0 1277
3321 1886
0 0
0 228
1494 0
1623 1477
0 3297
19 2808
3022 1283
1163 1629
1869 1858
21 1491
1418 603
354 2420
72 2878
1405 204
1309 863
1221 2401
898 2672
2946 0
189 0
442 969
1612 1899
1278 387
103 0
3047 1642
1614 2834
1784 1279
3340 2565
3372 2497
0 0
0 872
3313 670
0 1414
1667 1931
0 1318
3350 3155
2933 0
1801 1012
2248 2578
2212 1272
2571 219
0 0
289 207
3283 3339
3043 1380
556 3347
329 935
0 3417
0 1620
651 2403
153 490
0 1358
0 0
881 903
1470 1841
0 0
497 1928
351 1275
1338 2610
314 2024
3128 2715
993 0
1200 385
1945 673
0 1653
941 2503
2062 0
1203 1336
341 441
3414 1122
2540 1814
1102 3080
3034 1490
1733 1164
1154 768
2278 2148
2237 1075
0 1634
0 1432
0 0
2186 1691
2355 0
1294 549
308 539
1657 736
895 3048
3148 1964
2913 0
3310 2741
1500 1600
1530 752
1340 552
1922 715
0 0
1552 1149
0 2205
0 3268
0 156
420 0
3087 2663
1887 1909
2624 2611
0 1698
597 1312
1881 47
586 2753
2496 0
1513 894
1967 1807
53 3322
2984 1763
614 3242
0 3426
3115 3406
2378 2831
953 1040
249 557
1005 576
2089 1957
3293 2889
2949 0
3266 1674
2664 1098
1878 2389
2103 3088
1085 480
2147 0
1025 0
2500 1745
2604 1018
0 0
2615 0
1319 2722
3400 2903
3118 2145
836 1057
48 3026
1114 2474
2039 0
1968 0
12 0
1635 2583
3084 1739
1081 0
2566 3428
1722 3276
100 2201
2435 2385
389 404
2286 3166
2856 2562
0 0
0 0
864 3404
116 1949
315 573
2136 1322
129 0
3007 1898
0 0
2931 704
2009 2202
0 2943
867 1903
2194 1577
1792 1142
1423 765
363 2077
625 2082
1076 112
1369 3317
643 2695
3107 915
2522 734
1688 0
0 746
67 1366
2650 584
2546 1145
2323 797
2658 173
1411 0
2714 560
2398 464
995 0
2044 2184
2797 1663
1249 3012
0 783
866 0
2956 1011
2725 0
259 7
2822 2192
1288 437
934 5
2308 2892
2448 2314
1029 2693
2239 569
1896 2372
2978 3100
14 1389
2871 2223
589 1483
0 2902
0 0
1609 0
2989 1988
587 3420
989 1341
202 2737
2357 336
2575 1100
3269 1789
3235 104
226 44
660 425
975 272
2066 2099
3164 181
1475 0
2469 3386
906 2048
0 0
1067 2499
3328 0
0 1424
1924 1354
1241 3392
843 3312
1744 1179
2105 2482
1960 1124
2015 828
0 1344
444 1484
2796 0
543 2767
951 2938
3198 1711
0 2339
1174 1560
3195 1746
1664 1130
507 2181
2245 187
1953 2803
928 1752
0 114
2331 1363
2442 618
0 0
349 1563
0 856
2075 106
232 1182
1710 659
88 3251
1868 134
844 713
57 2224
3181 0
2035 0
0 370
1409 1908
2064 0
0 802
813 1351
0 2095
305 1989
2343 0
2056 1293
0 1879
365 737
0 3367
0 3095
409 585
0 1171
2653 983
446 2698
3004 1402
1262 1687
1126 620
3362 1884
191 1360
0 1765
3250 1802
461 462
2861 0
2358 2335
3147 1157
2629 3089
1542 2251
40 0
2596 0
273 1375
1737 2428
672 2332
2029 1191
2218 1195
536 1134
0 0
3398 950
2560 406
2716 1299
743 2524
2191 3280
530 1032
1593 2328
3046 165
548 2992
923 1212
692 309
1639 2450
2827 1395
3078 3410
738 3116
0 1255
1476 1381
0 135
0 1437
2107 2189
0 0
909 2821
0 2749
1386 1404
1487 2347
1422 532
2814 0
1199 2439
3407 2742
75 101
1813 1996
3373 2162
0 1420
452 2319
318 1850
0 1895
2266 3311
0 944
1860 2464
0 954
2824 2140
3042 131
3079 218
2267 776
0 0
0 0
2700 1263
0 0
0 0
0 2963
0 0
1558 384
3049 1987
366 0
436 215
0 860
1396 0
1837 2670
166 510
2642 1897
1959 901
0 1315
2813 1991
2868 2969
598 3352
1585 2876
1153 2514
0 0
1943 0
0 663
435 2681
3137 3319
3028 2273
2768 897
2906 2515
2416 2051
994 2564
0 0
0 90
2865 937
686 1676
2911 2076
3156 1214
0 2204
2041 732
1578 2119
2532 1161
1118 0
0 0
105 368
0 0
1001 0
0 0
1749 2137
3005 0
0 0
2030 2114
0 1268
3365 3172
1708 3318
2556 2422
0 0
592 338
0 0
0 831
565 0
2167 0
344 111
2858 3142
2927 1495
281 960
1946 0
816 2135
0 0
3093 0
1933 0
2793 1616
730 2631
505 899
0 396
2214 2884
3094 1844
1721 2242
3334 1502
2269 1105
0 0
0 2293
2461 0
0 0
653 2311
626 992
2171 2489
205 0
3238 1982
3219 2512
1090 0
0 0
1779 0
1658 1534
2243 940
0 1444
2341 2504
0 0
22 1919
3117 271
1110 1307
0 196
3358 830
0 0
2869 0
2654 1852
0 0
0 348
683 1215
95 0
1821 383
575 0
0 0
0 1617
2061 2668
0 2028
2170 0
2437 3391
3387 841
1505 1074
3101 2855
0 0
2129 1228
159 2954
0 1460
0 0
0 753
3244 87
65 2708
2291 957
524 1598
883 2996
0 3227
1621 1816
61 2002
2529 77
1951 1726
3429 815
2689 240
2098 2303
2325 0
0 94
1559 2919
1627 312
3014 504
880 2118
0 0
824 1545
1115 3163
1131 0
213 3146
2289 1485
2729 2728
848 0
1093 1680
2232 278
1986 1565
2925 1456
0 0
3071 2120
2634 1347
1660 2097
2495 1068
2019 590
342 1287
2563 3277
624 2528
1185 2261
431 2936
50 0
0 2518
0 0
1048 0
1720 3324
1818 1010
3237 2607
16 1917
0 1219
257 2570
703 2412
0 372
512 2478
2548 0
0 1882
0 1326
0 0
2517 2164
0 2661
0 2942
144 2396
1465 3382
0 2492
645 947
2228 142
1403 1934
3315 234
3092 0
2142 155
0 0
1520 335
0 1006
3196 1041
2675 426
0 0
1166 151
2866 2526
2265 2801
634 1626
1504 0
2238 0
350 2433
1533 3054
0 1723
1889 0
3291 459
2250 3264
2336 3246
1588 662
0 1251
193 0
334 254
1334 3231
1995 1766
498 0
2381 1357
0 0
2309 3226
849 2940
613 1311
1756 1412
0 0
0 0
107 2190
1133 2817
644 1165
2705 0
0 209
411 2811
3218 473
2828 2874
164 963
99 2750
162 3132
1141 2402
2762 3379
0 402
1187 1008
3302 414
0 0
2569 627
429 1678
1769 2734
2203 3360
2294 0
2316 3113
1892 0
1156 1233
1833 2476
3150 0
2305 0
1718 892
2573 933
3176 925
1320 1079
3006 3228
0 0
2645 1147
31 3182
790 2985
2778 2667
2764 1719
3301 0
1842 3205
1280 0
1352 1281
2511 712
526 1242
722 2390
1521 1831
1295 0
242 3295
2034 2264
3036 2952
546 1529
542 2945
319 0
1677 2327
681 630
2130 0
2756 3102
0 763
1977 655
2860 175
0 2592
3430 3390
1524 1810
2333 0
2049 1956
3384 418
1188 0
1926 784
2014 0
139 1240
0 472
0 0
3134 296
3108 966
2770 1459
1229 1216
2441 865
825 0
0 0
2627 2783
3343 2547
2153 2882
0 0
0 0
428 179
3193 1819
735 2430
1303 2391
991 0
0 1202
126 1576
256 1291
602 2577
2413 377
998 0
2746 0
1146 1876
2253 0
0 1601
1954 1038
1481 2766
1912 456
2805 562
3099 2525
1606 3040
1636 637
3225 0
0 1536
0 2854
2637 2166
0 0
1633 1426
1751 0
68 2864
1448 1192
1984 1890
3158 1413
2468 2724
1117 171
1572 1301
0 3344
1447 2839
3050 0
1206 2555
1510 2967
85 124
246 1632
1373 170
796 0
0 581
0 1911
1649 3044
3175 306
1270 32
0 176
0 0
3275 136
2543 376
3309 0
0 0
2088 1509
1071 1647
1940 1958
2567 481
1183 2641
3177 152
0 2974
0 2816
2847 2736
0 0
1893 2414
184 2886
2632 2870
0 3342
1353 3413
0 1209
2451 1682
2252 774
0 1828
1862 2373
2731 0
3206 3030
423 1835
2988 2310
0 1743
1570 137
2108 1549
837 0
1269 361
2128 0
3058 2674
70 2074
1376 646
1189 2151
2386 2477
3274 2241
2071 917
2324 1331
2935 2790
800 0
1910 3015
0 0
0 2256
2011 2894
2213 1451
0 1070
1539 1608
1104 3375
2470 494
0 0
2406 3336
2666 1306
3363 0
0 0
97 1624
2017 0
2519 0
0 2836
2795 2531
1637 661
2197 3208
997 0
1406 1286
163 2230
3190 2600
1245 667
3184 367
1734 0
1936 3415
0 1000
0 2280
403 339
3191 0
1449 775
2690 291
0 0
3057 523
0 0
295 3126
3145 3288
2125 0
2168 2986
3053 3192
0 2271
593 2199
158 355
1767 0
2198 817
2568 0
2900 2340
2738 28
0 2977
496 1781
0 394
1993 81
2352 210
918 1108
96 785
0 0
3292 1285
0 771
1036 3419
516 1839
0 0
2455 3337
3421 1662
2710 1442
0 346
3349 740
1128 3027
3064 3065
2138 1055
0 1584
1152 996
3124 1445
0 42
687 1944
0 0
1058 604
2093 535
0 1689
3135 571
270 750
1797 2418
1528 1436
3187 0
1223 2409
731 862
0 0
0 443
640 2550
0 0
2217 2833
759 1201
0 0
362 217
1364 1384
17 51
2283 514
1051 1392
0 2683
2258 310
3067 465
2221 2084
3229 2727
2290 2236
3183 920
378 574
987 275
0 301
0 0
669 572
805 485
39 2777
1461 889
2457 3140
3069 2493
0 0
0 33
3110 2987
850 0
0 0
2888 2732
474 0
799 2800
3424 907
2462 89
3222 2744
422 2896
580 3314
1704 1675
2916 0
1927 2586
2606 1774
0 0
652 2950
1568 371
1644 1759
0 1486
0 3097
0 1014
3316 2209
1466 2939
2703 3325
2353 1918
858 37
177 2055
1508 1004
1834 0
0 1796
2284 1791
0 2246
3402 1361
2993 2857
633 2718
2617 0
990 650
2270 0
0 2208
3170 2141
487 1891
0 2359
2771 2702
0 2997
2591 0
0 2533
1162 1064
3173 3412
2620 0
2240 1923
1250 2133
1846 1383
1613 1622
0 1472
0 0
2944 1082
2231 2193
1714 1544
0 3239
2733 2479
3077 1498
412 0
1681 2379
2863 0
0 1137
3305 2513
2281 1975
0 0
0 3119
2819 1894
1356 929
0 284
554 2268
676 55
1652 222
1914 1260
948 2995
779 1941
1901 2818
1237 639
2052 2400
0 869
2792 0
2366 2765
2345 3256
2799 0
324 964
0 0
0 0
0 579
2891 1427
1482 1665
3259 1760
0 2842
1276 2726
2623 1113
388 0
3062 20
1867 82
0 0
3399 1799
1641 2930
2361 1978
1489 198
0 2134
922 1518
1135 854
896 2349
782 1084
3335 2657
2023 1849
3377 2123
1772 469
949 2434
1587 2820
3201 0
0 0
1096 2387
1866 3369
2609 1056
2751 884
0 26
224 647
2991 43
0 1594
0 321
3425 3396
1257 3345
157 792
1144 1180
1492 622
1119 3016
2320 2452
1053 2301
767 0
1817 1546
2449 1998
2679 1407
0 0
1003 178
3008 550
0 282
1848 1479
274 0
698 3169
930 1755
1019 0
2177 2647
2490 1222
971 449
1330 3286
2302 2216
1820 3001
0 0
1602 2397
1592 1562
364 623
2887 0
1920 80
3035 1610
2552 0
2057 2971
2426 1194
1522 2665
701 0
2643 2677
357 1880
2438 3072
468 3233
3138 0
2594 1371
2717 0
439 684
1750 3073
1488 1453
2572 0
1440 2459
2791 415
0 0
0 1937
717 1033
1538 458
3011 2155
2453 2502
666 3409
0 0
1501 1580
2516 0
2460 744
1339 0
358 601
2382 716
1325 2026
2330 2621
0 290
313 596
2350 1727
545 1088
0 231
2354 2644
0 1054
294 470
1905 2408
0 0
180 761
145 1061
0 2312
2152 15
2785 1997
0 0
2200 1471
729 269
1854 1939
1561 3161
2720 0
695 0
0 0
0 770
2802 0
0 1111
1503 2022
2774 1805
503 0
2597 2602
1435 818
2106 0
262 172
2972 699
0 1410
2317 2196
3376 0
1232 1292
3167 109
2423 2001
0 1430
2405 1729
1367 128
1963 3380
2843 1049
2523 789
1965 6
682 0
0 0
2682 391
0 1699
1793 2466
2895 0
1523 1800
2376 3090
819 390
2619 1428
1050 0
2633 0
1415 959
540 806
3194 343
2968 967
0 2104
0 0
1811 664
2149 0
0 283
2377 3248
3211 594
1238 1225
1097 1480
3371 2445
397 2711
1856 2338
0 83
1284 1419
35 1824
1024 0
2786 1827
2772 812
1224 2132
0 2006
392 0
1066 1962
807 2622
2613 945
1253 2761
3111 3289
2673 913
146 2962
946 0
791 636
0 606
0 0
2475 1999
3356 0
3281 1808
2247 0
1329 86
201 316
303 642
2539 2807
3082 3215
3038 1709
1985 1830
2840 3074
1630 0
0 0
0 0
1007 629
826 279
902 3418
1840 773
0 0
25 1631
631 3236
2337 0
1640 758
2483 1859
0 0
1883 0
2953 247
0 0
3056 1902
1452 113
0 3130
972 786
1836 2234
2296 2826
1731 878
795 0
2226 0
0 0
1314 1697
398 453
3106 1692
1328 2588
0 847
3378 2542
2086 1441
3202 2018
1027 1387
1754 1787
0 611
2904 1983
1254 3423
2614 0
0 482
839 0
910 519
3247 492
2115 110
1705 2958
803 353
893 3304
0 0
2360 3160
320 1398
380 0
286 2180
2706 2697
0 793
0 2534
1589 1086
0 1650
2922 1246
2549 1874
0 0
1493 657
0 595
276 2020
2739 483
721 811
1619 829
386 2124
2404 3249
1550 1843
8 0
3129 2608
1806 2356
0 0
2101 1310
0 1332
0 395
1172 1020
2912 0
1747 1089
0 2100
2313 1021
1815 1980
2157 1753
1916 2417
1062 1693
0 1243
1694 102
1913 0
3272 2557
1434 1186
2626 2116
2787 2174
1231 2285
2287 1770
1469 3085
1030 561
3240 2259
3381 24
84 2510
908 2407
1169 1042
0 1204
2947 1208
2012 3120
374 280
2121 2646
3401 0
1431 0
2351 2582
0 0
0 1703
1597 2872
3330 0
3395 1583
2776 3245
293 1059
0 0
0 1506
0 2755
1863 509
185 0
1838 1659
675 1455
2257 755
1290 183
559 1540
2628 2275
0 455
0 0
1646 2486
2429 3103
3416 3253
1227 0
0 3179
150 2227
3122 1150
2558 186
1865 0
2551 748
1073 212
3212 1259
23 2410
855 2638
60 2494
430 742
2579 0
2636 1932
2544 2188
0 18
3185 0
961 1446
161 1359
2694 1921
1321 912
1092 2598
1579 2220
3411 875
583 1273
2537 0
1213 1109
3285 38
2721 1499
2853 1464
853 2789
71 64
0 658
2008 2321
3200 834
709 3152
2599 323
1812 3024
932 517
3151 0
1700 1043
2835 2676
0 3368
206 697
2910 874
685 1679
1028 2924
3353 3341
942 2559
356 1969
2844 1948
1401 3033
720 3332
1148 1210
1120 2509
986 1390
1972 98
2046 2043
0 1826
2584 719
2346 1668
936 0
764 2535
1397 3359
1961 0
3114 0
1618 962
3019 3136
2480 0
616 754
1101 2696
285 1297
9 56
1556 1022
2040 2773
840 718
2505 2272
1463 1645
665 1226
2371 3139
0 0
527 2154
1683 1178
3063 1785
2262 1095
2163 2491
2394 2000
450 1775
2815 0
216 766
882 1296
808 2143
511 1654
1016 0
0 3284
2058 612
0 0
2392 3207
690 325
2144 2784
2004 2363
0 757
3210 0
2443 876
0 2928
2110 2091
702 0
2456 1575
999 1123
0 147
2574 515
359 1888
2467 0
2760 0
0 140
2471 1861
0 0
0 0
1037 1094
0 3393
0 0
0 0
0 0
0 1906
1267 3096
0 3270
801 3059
1716 628
2754 1235
1605 49
1669 0
0 0
2965 1648
3329 710
0 0
1569 0
127 537
1289 1795
814 2415
1265 3354
2601 1400
2990 236
520 1473
2686 2934
0 0
1761 0
1205 2660
2520 27
2782 2368
2652 3294
1557 379
3168 965
3098 555
261 780
2165 0
1063 1230
852 3127
2899 1151
977 2678
1034 3214
2980 3010
407 1337
433 0
2244 2979
3255 3086
1425 2961
2603 2318
2612 0
1823 3204
0 0
0 1013
199 1236
1981 3066
1077 2941
0 1298
2446 0
0 1217
0 0
2021 352
2081 0
0 1026
0 1666
2848 475
13 2740
820 0
317 1069
2823 2635
696 943
0 0
78 1777
1822 3060
1417 635
1684 0
1702 298
1685 2585
2307 2440
2113 833
1855 3203
74 733
2951 2837
1218 3121
2085 2374
1078 331
547 0
956 2458
3031 3159
0 108
958 2481
0 3009
0 0
2472 413
340 59
1031 2298
1127 1382
528 600
0 208
1762 2914
0 2139
2845 471
1394 2172
2779 0
1039 2326
551 2901
2156 2885
0 2850
1457 2150
0 2880
2957 3261
238 3296
2473 1458
2344 479
3267 1519
277 2655
1885 1952
1611 2078
705 694
809 1531
1554 0
0 2050
3234 739
0 0
2367 2384
970 534
3327 1121
1832 605
707 1125
260 2013
0 1045
91 2127
1324 2225
0 674
529 1342
0 3189
454 220
0 2651
1106 0
1378 36
2276 0
2092 322
2881 3165
0 1701
3199 0
1715 3422
1252 3331
92 0
1160 0
2083 0
0 2580
45 0
0 0
300 1271
2178 0
3112 62
0 2849
122 513
0 0
0 0
2780 1362
0 2383
861 617
369 1735
489 2059
2530 1596
887 0
66 1308
3300 0
2254 0
3051 2342
3104 0
2798 41
3298 0
141 239
3351 2748
1368 522
804 0
938 0
1804 1990
544 952
3357 772
0 0
1072 1581
477 1167
2851 0
1955 911
1168 0
0 0
0 0
3326 2692
245 822
0 0
0 0
0 2395
0 0
0 0
0 0
0 0
0 0
0 0
0 0
0 0
0 0
0 0
0 0
0 0
0 0
0 0
0 0
0 0
0 0
0 0
0 0
0 0
0 0
0 0
0 0
0 0
0 0
0 0
0 0
0 0
0 0
0 0
0 0
0 0
0 0
0 0
0 0
0 0
0 0
0 0
0 0
0 0
0 0
0 0
0 0
0 0
0 0
0 0
0 0
0 0
0 0
0 0
0 0
0 0
0 0
0 0
0 0
0 0
0 0
0 0
0 0
0 0
0 0
0 0
0 0
0 0
0 0
0 0
0 0
0 0
0 0
0 0
0 0
0 0
0 0
0 0
0 0
0 0
0 0
0 0
0 0
0 0
0 0
0 0
0 0
0 0
0 0
0 0
0 0
0 0
0 0
0 0
0 0
0 0
0 0
0 0
0 0
0 0
0 0
0 0
0 0
0 0
0 0
0 0
0 0
0 0
0 0
0 0
0 0
0 0
0 0
0 0
0 0
0 0
0 0
0 0
0 0
0 0
0 0
0 0
0 0
0 0
0 0
0 0
0 0
0 0
0 0
0 0
0 0
0 0
0 0
0 0
0 0
0 0
0 0
0 0
0 0
0 0
0 0
0 0
0 0
0 0
0 0
0 0
0 0
0 0
0 0
0 0
0 0
0 0
0 0
0 0
0 0
0 0
0 0
0 0
0 0
0 0
0 0
0 0
0 0
0 0
0 0
0 0
0 0
0 0
0 0
0 0
0 0
0 0
0 0
0 0
0 0
0 0
0 0
0 0
0 0
0 0
0 0
0 0
0 0
0 0
0 0
0 0
0 0
0 0
0 0
0 0
0 0
0 0
0 0
0 0
0 0
0 0
0 0
0 0
0 0
0 0
0 0
0 0
0 0
0 0
0 0
0 0
0 0
0 0
0 0
0 0
0 0
0 0
0 0
0 0
0 0
0 0
0 0
0 0
0 0
0 0
0 0
0 0
0 0
0 0
0 0
0 0
0 0
0 0
0 0
0 0
0 0
0 0
0 0
0 0
0 0
0 0
0 0
0 0
0 0
0 0
0 0
0 0
0 0
0 0
0 0
0 0
0 0
0 0
0 0
0 0
0 0
0 0
0 0
0 0
0 0
0 0
0 0
0 0
0 0
0 0
0 0
0 0
0 0
0 0
0 0
0 0
0 0
0 0
0 0
0 0
0 0
0 0
0 0
0 0
0 0
0 0
0 0
0 0
0 0
0 0
0 0
0 1017
0 0
0 0
0 0
0 0
0 0
0 0
0 0
0 0
0 0
0 0
0 0
0 0
0 0
0 0
0 0
0 0
0 0
0 0
0 0
0 0
0 0
0 0
0 0
0 0
0 0
0 0
0 0
0 0
0 0
0 0
0 0
0 0
0 0
0 0
0 0
0 0
0 0
0 0
0 0
0 0
0 0
0 0
0 0
0 0
0 0
0 0
0 0
0 0
0 0
0 0
0 0
0 0
0 0
0 0
0 0
0 0
0 0
0 0
0 0
0 0
0 0
0 0
0 0
0 0
0 0
0 0
0 0
0 0
0 0
0 0
0 0
0 0
0 0
0 0
0 0
0 0
0 0
0 0
0 0
0 0
0 0
0 0
0 0
0 0
0 0
0 0
0 0
0 0
0 0
0 0
0 0
0 0
0 0
0 0
0 0
0 0
0 0
0 0
0 0
0 0
0 0
0 0
0 0
0 0
0 0
0 0
0 0
0 0
0 0
0 0
0 0
0 0
0 0
0 0
0 0
0 0
0 0
0 0
0 0
0 0
0 0
0 0
0 0
0 0
0 0
0 0
0 0
0 0
0 0
0 0
0 0
0 0
0 0
0 0
0 0
0 0
0 0
0 0
0 0
0 0
0 0
0 0
0 0
0 0
0 0
0 0
0 0
0 0
0 0
0 0
0 0
0 0
0 0
0 0
0 0
0 0
0 0
0 0
0 0
0 0
0 0
0 0
0 0
0 0
0 0
0 0
0 0
0 0
0 0
0 0
0 0
0 0
0 0
0 0
0 0
0 0
0 0
0 0
0 0
0 0
0 0
0 0
0 0
0 0
0 0
0 0
0 0
0 0
0 0
0 0
0 0
0 0
0 0
0 0
0 0
0 0
0 0
0 0
0 0
0 0
0 0
0 0
0 0
0 0
0 0
0 0
0 0
0 0
0 0
0 0
0 0
0 0
0 0
0 0
0 0
0 0
0 0
0 0
0 0
0 0
0 0
0 0
0 0
0 0
0 0
0 0
0 0
0 0
0 0
0 0
0 0
0 0
0 0
0 0
0 0
0 0
0 0
0 0
0 0
0 0
0 0
0 0
0 0
0 0
0 0
0 0
0 0
0 0
0 0
0 0
0 0
0 0
0 0
0 0
0 0
0 0
0 0
0 0
0 0
0 0
0 0
0 0
0 0
0 0
0 0
0 0
0 0
0 0
0 0
0 0
0 0
0 0
0 0
0 0
0 0
0 0
0 0
0 0
0 0
0 0
0 0
0 0
0 0
0 0
0 0
0 0
0 0
0 0
0 0
0 0
0 0
0 0
0 0
0 0
0 0
0 0
0 0
0 0
0 0
0 0
0 0
0 0
0 0
0 0
0 0
0 0
0 0
0 0
0 0
0 0
0 0
0 0
0 0
0 0
0 0
0 0
0 0
0 0
0 0
0 0
0 0
0 0
0 0
0 0
0 0
0 0
0 0
0 0
0 0
0 0
0 0
0 0
0 0
0 0
0 0
0 0
0 0
0 0
0 0
0 0
0 0
0 0
0 0
0 0
0 0
0 0
0 0
0 0
0 0
0 0
0 0
0 0
0 0
0 0
0 0
0 0
0 0
0 0
0 0
0 0
0 0
0 0
0 0
0 0
0 0
0 0
0 0
0 0
0 0
0 0
0 0
0 0
0 0
0 0
0 0
0 0
0 0
0 0
0 0
0 0
0 0
0 0
0 0
0 0
0 0
0 0
0 0
0 0
0 0
0 0
0 0
0 0
0 0
0 0
0 0
0 0
0 0
0 0
0 0
0 0
0 0
0 0
0 0
0 0
0 0
0 0
0 0
0 0
0 0
0 0
0 0
0 0
0 0
0 0
0 0
0 0
0 0
0 0
0 0
0 0
0 0
0 0
0 0
0 0
0 0
0 0
0 0
0 0
0 0
0 0
0 0
0 0
0 0
0 0
0 0
0 0
0 0
0 0
0 0
0 0
0 0
0 0
0 0
0 0
0 0
0 0
0 0
0 0
0 0
0 0
0 0
0 0
0 0
0 0
0 0
0 0
0 0
0 0
0 0
0 0
0 0
0 0
0 0
0 0
0 0
0 0
0 0
0 0
0 0
0 0
0 0
0 0
0 0
0 0
0 0
0 0
0 0
0 0
0 0
0 0
0 0
0 0
0 0
0 0
0 0
0 0
0 0
0 0
0 0
0 0
0 0
0 0
0 0
0 0
0 0
0 0
0 0
0 0
0 0
0 0
0 0
0 0
0 0
0 0
0 0
0 0
0 0
0 0
0 0
0 0
0 0
0 0
0 0
0 0
0 0
0 0
0 0
0 0
0 0
0 0
0 0
0 0
0 0
0 0
0 0
0 0
0 0
0 0
0 0
0 0
0 0
0 0
0 0
0 0
0 0
0 0
0 0
0 0
0 0
0 0
0 0
0 0
0 0
0 0
0 0
0 0
0 0
0 0
0 0
0 0
0 0
0 0
0 0
0 0
0 0
0 0
0 0
0 0
0 0
0 0
0 0
0 0
0 0
0 0
0 0
0 0
0 0
0 0
0 0
0 0
0 0
0 0
0 0
0 0
0 0
0 0
0 0
0 0
0 0
0 0
0 0
0 0
0 0
0 0
0 0
0 0
0 0
0 0
0 0
0 0
0 0
0 0
0 0
0 0
0 0
0 0
0 0
0 0
0 0
0 0
0 0
0 0
0 0
0 0
0 0
0 0
0 0
0 0
0 0
0 0
0 0
0 0
0 0
0 0
0 0
0 0
0 0
0 0
0 0
0 0
0 0
0 0
0 0
0 0
0 0
0 0
0 0
0 0
0 0
0 0
0 0
0 0
0 0
0 0
0 0
0 0
0 0
0 0
0 0
0 0
0 0
0 0
0 0
0 0
0 0
0 0
0 0
0 0
0 0
0 0
0 0
0 0
0 0
0 0
0 0
0 0
0 0
0 0
0 0
0 0
0 0
0 0
0 0
0 0
0 0
0 0
0 0
0 0
0 0
0 0
0 0
0 0
0 0
0 0
0 0
0 0
0 0
0 0
0 0
0 0
0 0
0 0
0 0
0 0
0 0
0 0
0 0
0 0
0 0
0 0
0 0
0 0
0 0
0 0
0 0
0 0
0 0
0 0
0 0
0 0
0 0
0 0
0 0
0 0
0 0
0 0
0 0
0 0
0 0
0 0
0 0
0 0
0 0
0 0
0 0
0 0
0 0
0 0
0 0
0 0
0 0
0 0
0 0
0 0
0 0
0 0
0 0
0 0
0 0
0 0
0 0
0 0
0 0
0 0
0 0
0 0
0 0
0 0
0 0
0 0
0 0
0 0
0 0
0 0
0 0
0 0
0 0
0 0
0 0
0 0
0 0
0 0
0 0
0 0
0 0
0 0
0 0
0 0
0 0
0 0
0 0
0 0
0 0
0 0
0 0
0 0
0 0
0 0
0 0
0 0
0 0
0 0
0 0
0 0
0 0
0 0
0 0
0 0
0 0
0 0
0 0
0 0
0 0
0 0
0 0
0 0
0 0
0 0
0 0
0 0
0 0
0 0
0 0
0 0
0 0
0 0
0 0
0 0
0 0
0 0
0 0
0 0
0 0
0 0
0 0
0 0
0 0
0 0
0 0
0 0
0 0
0 0
0 0
0 0
0 0
0 0
0 0
0 0
0 0
0 0
0 0
0 0
0 0
0 0
0 0
0 0
0 0
0 0
0 0
0 0
0 0
0 0
0 0
0 0
0 0
0 0
0 0
0 0
0 0
0 0
0 0
0 0
0 0
0 0
0 0
0 0
0 0
0 0
0 0
0 0
0 0
0 0
0 0
0 0
0 0
0 0
0 0
0 0
0 0
0 0
0 0
0 0
0 0
0 0
0 0
0 0
0 0
0 0
0 0
0 0
0 0
0 0
0 0
0 0
0 0
0 0
0 0
0 0
0 0
0 0
0 0
0 0
0 0
0 0
0 0
0 0
0 0
0 0
0 0
0 0
0 0
0 0
0 0
0 0
0 0
0 0
0 0
0 0
0 0
0 0
0 0
0 0
0 0
0 0
0 0
0 0
0 0
0 0
0 0
0 0
0 0
0 0
0 0
0 0
0 0
0 0
0 0
0 0
0 0
0 0
0 0
0 0
0 0
0 0
0 0
0 0
0 0
0 0
0 0
0 0
0 0
0 0
0 0
0 0
0 0
0 0
0 0
0 0
0 0
0 0
0 0
0 0
0 0
0 0
0 0
0 0
0 0
0 0
0 0
0 0
0 0
0 0
0 0
0 0
0 0
0 0
0 0
0 0
0 0
0 0
0 0
0 0
0 0
0 0
0 0
0 0
0 0
0 0
0 0
0 0
0 0
0 0
0 0
0 0
0 0
0 0
0 0
0 0
0 0
0 0
0 0
0 0
0 0
0 0
0 0
0 0
0 0
0 0
0 0
0 0
0 0
0 0
0 0
0 0
0 0
0 0
0 0
0 0
0 0
0 0
0 0
0 0
0 0
0 0
0 0
0 0
0 0
0 0
