5120
2306 2572
3965 753
4005 2573
0 3096
1512 4802
500 3199
2875 2194
0 4264
1144 1082
4551 1297
0 0
1338 1939
0 3883
4130 3487
4190 2507
1546 3583
2192 3632
847 2070
4607 1571
0 119
951 4845
4797 3307
0 441
2747 71
5034 3599
1657 2086
4997 4396
0 0
4509 508
2641 3725
0 0
2313 0
3187 841
1087 27
0 805
0 0
0 619
1887 1402
4714 1758
0 37
1048 3674
4091 522
4238 1816
2724 359
694 1078
1125 218
810 319
0 1188
1187 0
4307 86
0 0
3169 0
4273 0
2427 2655
2359 3970
727 2707
5045 1607
1804 621
3665 4715
4405 3065
925 4483
4101 4143
0 2888
3126 1861
4086 4910
102 4366
3328 1042
0 227
4859 442
0 4441
3156 1336
1564 3952
3541 2059
1592 3378
4861 2648
237 4478
3249 2212
4554 1974
4111 409
1783 4401
78 1294
1992 0
3982 0
142 1595
2475 3976
4308 1028
3463 838
209 4296
34 0
4749 3250
666 1180
0 4553
4731 425
3122 674
2057 4796
266 4400
2003 0
0 3088
4323 0
2254 1958
859 2147
0 0
4770 4765
3879 1769
4667 1782
2378 1052
0 0
2272 1409
0 3164
1223 4940
887 501
2903 3239
668 2543
4539 3094
1908 1247
4993 693
673 836
4503 1877
1539 0
4718 3339
149 0
0 0
2123 4146
3288 0
4293 637
4635 2914
3049 1545
0 0
745 0
0 0
4512 905
0 2177
0 351
1154 357
942 4121
418 681
1301 4191
3103 3593
5000 743
0 0
1771 690
0 4954
1004 2457
3621 302
1419 3039
3441 2979
216 2146
134 0
5001 1562
0 824
2278 581
4633 38
3805 3738
3721 1748
1660 2716
605 4003
1369 2102
2290 1193
3828 0
3969 263
1311 1609
3154 1065
0 0
0 0
2504 2557
855 716
0 4549
204 2210
2741 4562
1107 2687
0 3959
3342 3898
2341 2905
0 2869
0 126
0 1476
2934 4956
3950 384
4640 1901
4642 3155
3125 4518
343 0
2000 2089
303 4452
1876 0
4811 0
689 2555
1371 287
965 1474
3810 4447
0 0
2518 4046
3385 3796
2873 5061
2225 0
4082 0
2715 4102
0 0
1947 4390
1900 0
0 0
0 4725
0 4743
2488 1460
624 2800
106 3077
3353 4092
2437 0
0 2710
462 4197
1960 3157
1189 0
2281 322
2945 1591
0 0
2219 2259
3098 4808
0 4935
0 1380
4240 4465
2812 2864
1995 2373
107 3097
20 1010
695 4386
1115 602
1487 2217
3591 3862
0 1000
410 640
653 2106
1614 2149
3057 2350
517 4127
521 0
0 3047
0 4068
1745 3634
1127 247
919 4487
93 1416
0 4249
3230 1598
438 2469
3273 719
3280 3448
70 520
4570 1108
3987 3473
2096 1511
1444 722
2252 162
2110 444
4034 1265
2193 4541
4083 1955
2681 94
578 2927
3033 2339
4449 3510
2458 0
3014 4022
0 0
4218 4677
1197 2135
2859 1330
4021 59
953 0
4044 4015
3884 4349
4901 4694
0 2545
2775 1875
960 2039
966 3202
678 1659
1262 3993
1827 0
1663 4185
0 0
447 3407
1257 1747
3395 3373
1212 2167
0 4053
4089 2414
4587 1019
949 116
831 2309
1266 0
587 0
3853 1411
4361 1219
5116 0
0 2180
3223 4830
1715 1795
1151 3197
3153 3787
4248 3460
68 5023
228 1360
4278 1793
4989 1008
4588 3904
238 3562
3625 0
0 1261
1912 4828
4982 3282
4328 2245
1120 2536
0 2082
1463 4250
4176 0
0 4103
1858 1123
3040 0
3055 1050
1081 4628
1375 3107
2094 4992
1910 5060
683 2568
2067 686
4871 1194
3007 3716
3315 2957
1002 962
0 0
885 3617
3614 3277
5046 0
3051 0
3806 0
4907 2073
1166 3666
4816 4205
250 4664
3252 3389
0 4827
4999 3604
775 4955
2559 0
2214 4484
3348 1130
3471 1753
3152 0
531 533
613 3493
0 0
568 1638
379 4944
1676 0
4639 290
360 1292
1067 3254
939 5073
0 1450
1252 22
0 436
3609 2544
4733 4896
265 1418
0 922
4595 1490
2589 4477
4453 3847
4804 195
708 3064
1464 246
60 4164
0 2476
4818 0
2503 4977
2595 0
3340 4475
829 549
0 4983
0 1722
524 0
620 0
1986 3589
0 0
3502 2300
1295 0
0 0
1831 5029
564 5016
0 0
3661 1140
1839 4750
2769 242
1461 1287
1544 1342
2270 0
0 5070
5030 2749
1517 1945
947 2826
180 755
0 2805
72 1285
1499 2009
0 3387
896 2667
2525 0
4842 4740
672 3793
699 4773
5056 3545
0 1095
3549 0
389 3858
0 983
4186 3808
220 1091
0 703
0 2916
3833 5092
2088 4981
502 2441
4604 3822
2028 1309
961 335
0 1772
4583 0
0 1284
1752 5044
0 3931
3567 3484
3645 473
3552 0
1632 2661
709 3413
4373 5091
0 4546
0 0
337 1015
1619 943
4836 4636
701 236
3120 3371
3597 2908
5098 191
401 7
3975 1267
3770 26
0 3714
1685 2043
267 2596
0 157
0 1568
3291 0
8 1145
0 4095
3954 0
3275 4854
0 2165
4113 2885
4488 2244
5049 0
1732 0
2879 4133
4077 1941
65 5068
0 3286
0 1946
781 0
1458 2433
222 4244
1836 310
0 0
3560 3248
3181 2090
0 136
2005 1176
861 542
2045 3105
0 0
0 3148
0 289
1381 3439
2074 474
4703 1628
0 635
4084 0
4422 120
1603 342
1969 1443
4392 4098
0 1357
4027 3525
3193 2324
4048 0
1356 1921
4163 2943
0 0
1163 1085
1746 1378
820 4708
1815 529
4542 4863
0 0
0 0
4462 4418
1367 0
1190 4702
3680 3140
3490 1914
1936 4838
2077 3285
2242 3072
244 761
0 2411
2325 5065
0 1364
1693 0
2405 1063
1770 4695
0 0
2822 726
2176 2666
3226 2268
1447 1636
3384 393
159 5033
0 332
3792 0
187 4412
4415 4311
0 0
4228 1276
2233 4924
1427 4586
5059 4575
0 4375
4760 667
2788 2699
0 0
610 4203
875 2855
4688 483
3459 0
1530 0
2528 3491
2187 0
2758 3893
2360 644
0 2637
4112 3322
4652 1471
5047 1894
2581 0
2754 3866
488 721
1343 4246
4026 3724
0 5075
1377 1335
1718 1799
326 2565
0 0
1401 3283
552 4416
2696 2692
0 0
156 0
4229 4803
0 0
0 0
0 0
352 2284
0 2709
0 0
0 2126
702 0
0 2384
2291 4131
758 2159
1919 5064
1006 2211
2451 1313
28 1132
472 4580
2444 0
3939 2933
1576 4473
1361 1749
1314 0
1579 4606
0 4388
3112 0
3590 3766
4878 2142
3061 0
760 2085
2354 579
555 0
3499 3765
0 652
4265 2257
2563 1723
4561 2229
4880 225
2969 1744
3142 3542
3635 2396
1109 3417
2860 662
0 4245
1137 387
0 649
2949 1848
0 0
4343 427
0 871
1637 293
0 0
0 3219
2745 4931
1873 772
51 4751
4922 1584
3756 4724
2133 506
979 0
5120 0
4771 113
3613 2184
957 3881
4522 4234
0 0
2594 4620
4631 3423
2778 5102
2203 235
834 1878
4456 315
4271 3393
4968 1339
6 0
706 4052
0 4105
0 0
476 2669
0 0
3568 3851
3776 258
895 1101
176 495
0 0
186 0
241 3068
3717 4938
2685 2620
0 3579
4 1777
0 2992
0 1538
0 3870
255 2500
607 138
2675 4093
432 663
0 888
4346 1680
1319 1100
4932 449
3235 3788
1917 0
2117 2836
948 3478
0 3227
3669 3480
2722 0
2506 1857
4394 4526
1168 1475
3942 5069
1054 2368
2857 547
3713 2806
3388 3298
4090 4380
1047 641
5062 1818
296 3111
3513 2618
365 2215
4260 740
2579 0
2965 1652
1254 4321
2241 0
19 4458
64 2460
370 562
3475 2513
4502 0
271 530
1105 2639
3727 3804
4622 767
5058 0
3944 765
2757 937
3301 3657
0 4899
3967 5010
4825 5108
0 1931
4291 4853
0 2263
0 4682
3924 2938
206 0
0 139
4464 141
1519 1566
0 4499
4621 2161
3350 74
2580 0
3546 4565
0 2524
2909 5008
1034 2064
941 3338
4329 0
0 1030
3945 2772
1920 4434
4193 0
121 1056
1347 814
2541 3281
1621 4192
4114 696
5009 0
4788 0
3178 1567
784 2134
2041 313
3561 1337
1597 1524
1393 1133
4568 4737
906 0
458 2477
3823 1924
1296 5022
4597 5072
0 4941
3747 1966
2076 375
1318 4085
4253 0
3961 3811
0 0
3229 1245
812 131
0 3037
4674 4025
2328 4285
422 1117
3106 3581
4683 1244
2598 4498
1397 0
1118 0
207 3151
714 0
2634 4109
2695 2171
4723 3141
1950 2911
2615 2546
1366 484
0 4269
3667 2959
0 710
3573 1014
823 2357
4272 2540
4060 177
203 0
5019 4435
3760 3336
1589 1178
0 5082
0 3017
4705 3798
2988 3837
2150 1540
0 1667
2183 2720
3564 2791
0 155
572 3695
0 590
388 1320
2509 2962
3075 1721
596 3036
1998 0
1277 4638
2804 0
1027 3934
1290 1852
3404 2031
312 2333
470 0
4756 3919
3569 456
356 0
0 5004
799 4414
4406 3173
642 3693
720 4184
3920 2560
0 0
4182 1830
0 705
174 3256
4283 1840
2499 1832
2276 0
1429 2170
1446 1788
1370 0
1323 1273
1792 3659
2670 2279
0 1979
5096 2795
4493 4251
3722 1405
4096 1586
4864 4495
0 2955
0 3757
55 4368
926 3297
4920 3293
1829 2923
3968 2363
0 1396
1372 1161
0 4042
4429 2624
723 411
4372 453
0 63
1312 30
353 2197
0 4856
4959 284
0 3242
3998 4713
4807 0
3905 0
0 0
638 1909
4438 3821
0 880
0 294
2450 4781
0 2178
0 4858
595 4057
2258 53
2422 985
0 5087
1956 886
2218 1514
0 3923
398 2614
3543 2629
0 117
2226 0
3947 5007
4984 3466
3335 1436
3091 2122
0 4829
2643 2494
1757 2060
1386 2794
3224 2902
1700 1773
3446 4930
0 0
2204 4668
1534 0
1192 2671
3165 397
817 3761
0 1205
2665 3817
2510 1374
2622 4225
0 67
0 0
2456 3702
179 3205
0 3454
4846 4641
4948 2599
4358 798
0 0
273 5036
2740 1258
2398 5031
3066 2250
145 3375
4078 81
4169 4029
4341 3470
1139 0
1134 0
2294 0
2961 1980
0 0
4107 4360
0 2542
0 97
3720 2386
636 46
561 0
0 3745
987 2727
0 4019
3840 4315
4009 2348
0 0
1415 1552
1204 4513
1871 4670
0 2972
2400 3690
0 589
2656 4701
1349 1694
4791 1989
0 0
0 3846
0 3795
3308 757
0 0
5077 3325
3241 4897
2848 3323
1886 3912
3093 4768
2689 0
3830 3997
5052 4351
2247 1238
0 1083
4675 2937
3139 4152
910 2832
0 0
0 4902
4529 1911
4217 3217
1896 3185
4403 3260
4370 519
1698 2179
1889 923
3318 2200
0 3888
3174 465
827 3639
4995 2335
0 3663
2390 3008
2719 407
4059 3932
0 0
3580 2814
0 0
0 1103
1841 2844
5038 769
0 2097
4339 2550
3354 4917
3356 0
0 4527
2586 1976
32 4448
4507 4596
2881 339
0 725
4727 1689
2099 4476
1299 0
4312 1142
4151 394
0 0
1175 1541
4174 691
4116 3547
0 3110
2843 3612
2253 1162
276 1488
2128 1322
1334 4439
1220 735
2322 0
1031 1741
301 306
1413 2404
4780 3421
2490 4914
0 0
2144 4213
1136 1811
1442 1122
0 0
4437 1328
4430 4200
2835 4672
0 0
0 1968
45 4747
4531 1439
1641 2532
3910 684
1425 1639
3426 3517
3751 0
3744 0
0 0
3505 2917
1984 4657
0 464
0 4472
1978 1727
556 3116
0 2295
800 3842
4532 2968
2419 4928
2674 214
4847 4759
0 540
2941 280
2684 1588
2030 2277
2730 4719
3957 3358
2824 2311
2319 1086
1633 4996
0 2970
0 433
1495 3222
3873 76
1128 2635
842 3189
1826 4898
1200 4033
3901 1814
5071 791
2539 1345
2932 840
0 4643
0 11
1222 0
0 2286
3402 16
904 4650
1587 1907
4879 1181
3457 2977
4918 1315
4070 0
4593 1368
0 334
971 2345
777 2344
3930 4905
0 0
2659 2105
573 2986
0 0
96 3570
4754 3472
1479 0
4297 3655
527 3989
1972 1159
0 3253
3650 1574
950 1272
2776 2989
4031 4654
0 563
0 2366
1884 4752
0 1206
297 4964
5103 902
4868 0
0 4627
3553 2660
863 0
0 4210
0 2658
4137 0
133 1324
0 0
167 0
4097 0
1651 1392
2735 0
1726 3610
1232 3218
300 2151
1615 3974
541 1855
0 0
3831 3838
3684 4243
963 0
997 1634
1278 0
3073 2613
1090 92
4603 0
0 2118
366 4517
4136 1468
3955 1394
4481 0
828 1160
3060 1186
3410 3777
2113 0
0 2792
4156 0
2845 428
414 83
0 4841
2374 3166
0 1699
3682 730
0 2261
839 1800
1739 4826
911 4823
1687 732
688 1250
0 4445
0 52
0 2087
2283 285
0 4851
712 1750
2601 647
122 309
1733 194
1362 2750
1282 2587
1897 4815
173 1613
0 0
2688 0
1656 378
2334 4774
1147 0
2523 2371
2468 2019
2721 3238
4514 2995
1821 876
4292 0
257 1778
0 0
2646 109
4468 774
1333 837
108 763
543 4742
566 1719
0 4194
5115 675
1535 1808
4764 3799
1885 724
367 3269
3083 1321
5084 2162
54 3746
4196 2592
1196 3511
4601 1492
4067 0
1207 1024
0 0
2585 2738
0 3438
4432 1077
2829 1215
1870 0
87 4891
0 2024
0 3741
445 931
0 0
3577 1064
1470 1806
3416 190
4239 2394
0 0
3405 1233
0 0
575 3818
3392 1681
2496 654
164 0
3316 908
0 114
917 4128
493 2321
0 3843
2125 507
4572 4172
2994 0
0 0
1167 2813
0 0
972 100
515 4821
368 1662
3206 2940
4761 0
1608 2514
362 31
3317 4536
1348 3768
3790 4304
2578 3555
3246 4219
803 1044
3474 2393
0 1645
3660 741
0 0
3236 1434
1088 1249
3728 1268
629 3044
2098 5025
3739 0
2423 3672
821 3907
3984 0
2027 4333
3623 4281
5035 4100
801 3871
0 0
3383 1738
2537 2606
2575 0
1611 3076
2054 3755
0 858
3495 5117
0 1383
1797 5119
69 3467
0 3347
1965 3203
3292 982
4785 184
0 1437
2385 0
611 0
4659 2517
1547 4160
0 0
123 1599
9 1243
2904 1781
5012 4987
0 1554
420 3781
0 2397
4793 4457
3679 3113
3411 0
994 0
4953 0
0 1930
2461 2246
62 1932
0 2761
2388 0
1111 1288
4706 762
0 395
811 5105
0 0
251 5101
4254 2358
2752 3839
1697 0
0 144
0 3953
2033 3397
0 419
3018 1760
3326 305
4908 197
0 3021
2280 0
3827 4492
3237 0
0 0
0 1391
655 3814
4314 1695
3016 1617
0 3231
2083 4936
0 0
4504 4569
3207 3147
4424 2739
1569 2119
4929 3289
4538 0
3908 2519
308 4064
3028 4227
4510 224
3449 4252
0 2728
4409 1624
0 3191
4567 402
481 0
2571 4208
4413 0
2847 3618
4461 3300
0 0
2936 981
392 452
924 4129
14 1785
0 1928
2130 807
650 3677
0 0
3080 1578
0 0
4235 201
4198 631
4469 158
1635 0
4166 2224
4079 4919
4353 324
2976 3368
0 0
1353 0
4813 3749
4648 3305
3071 1563
5090 426
4241 945
3676 2446
3190 2786
0 2351
3168 3117
3458 1503
3488 3276
0 2352
4697 150
1156 0
2553 2108
2672 1775
2049 3425
1686 5
3329 5040
3192 0
0 1217
4104 3752
0 185
0 3497
1575 3530
0 3732
2628 3892
4173 1300
36 5093
3476 1340
101 550
0 1080
0 0
1230 3079
0 955
1708 2448
1555 2582
4812 3442
3279 2017
0 4547
633 2678
2774 3681
850 3444
3876 4159
2235 0
245 3706
95 1763
795 0
2315 348
656 0
1536 1388
3981 4028
0 2370
1630 4144
748 329
3929 3558
0 1725
3735 3631
1310 2299
852 525
3161 2893
0 2032
5055 1498
0 4951
0 0
1623 746
3345 2026
4327 1767
2260 2564
18 4574
1387 4108
4010 0
461 0
0 3027
77 0
416 3856
1073 2289
29 510
3130 5104
4224 1157
3514 3431
854 1834
2447 279
3872 3935
4216 4008
3201 2682
3825 3648
873 2785
0 1179
350 1152
3850 50
4777 3701
1813 23
3081 3911
316 4330
3638 657
4647 4474
128 4592
2380 1051
1557 3889
2619 24
1227 4894
3709 0
2867 630
623 3531
2861 4204
5112 2327
0 0
1412 0
3435 0
4451 1964
0 4344
3352 2633
4071 3067
4211 4860
4884 0
0 0
2649 189
2174 2464
1060 2112
3607 3664
2415 75
0 0
4350 2974
1997 3726
0 0
3971 0
2484 5032
1131 0
2987 1833
3540 787
0 2896
0 0
1705 1506
0 5080
0 0
889 0
152 2751
2115 1882
3123 0
4035 3640
789 0
408 497
0 3195
4236 0
0 0
3996 3337
3643 2487
1779 0
975 1845
588 2127
0 0
1796 1560
5079 0
0 0
4056 4778
991 2942
3740 4428
4080 2830
1515 0
1529 3769
0 2012
1199 2399
3452 1135
4496 0
3960 161
2900 3689
277 0
4555 528
2600 1717
4558 1239
3763 4988
2801 3520
0 0
1774 3135
600 4247
3432 1035
169 3775
1484 1756
2169 1289
3797 0
361 492
1927 278
4903 534
4734 1522
3003 3306
3004 3927
1235 3861
0 3737
3532 4425
1929 0
0 0
486 4049
2686 2207
1626 1724
2604 2297
3245 3973
2435 1854
4442 58
851 980
2767 363
4965 2621
0 2736
1893 0
3043 1537
0 372
3691 4489
2706 0
1465 648
0 916
0 0
4779 292
3443 1961
2978 1183
3406 3045
2999 3654
1502 0
1570 3764
213 626
4345 2744
3620 1605
0 0
5005 4316
4411 2698
0 3915
3179 914
2052 893
976 1304
0 17
1743 0
1466 0
0 0
1195 2080
0 0
2574 3422
0 124
1867 2101
1952 2379
3731 4061
2548 1173
4385 288
0 0
1713 4873
4387 2021
4769 3794
2308 2533
3255 1565
2191 1789
3516 4376
1528 2512
1018 4187
73 2413
3948 1453
496 2810
3539 3885
4671 3588
2093 2527
3032 680
2714 1957
713 487
2913 2817
0 0
1424 3820
4500 1601
3978 1542
2642 0
0 0
4259 3506
423 4440
421 3360
687 3489
830 0
0 4157
4637 3636
544 2616
4632 1809
0 3668
3455 3059
2136 415
4832 4471
33 1096
1385 0
0 773
104 3809
1754 915
1058 1126
4183 2392
2239 0
1456 0
4148 4609
0 5028
0 264
262 0
406 3848
3990 718
2482 1526
5109 3917
1654 958
3719 3626
2950 330
4232 3507
5081 1761
2195 2369
0 0
704 1452
3914 1902
1959 2065
4012 2605
3180 857
0 0
3551 2925
2577 4711
752 2493
0 1906
5086 140
2424 2851
2549 4202
1531 3266
3469 682
1883 3240
1241 3204
4946 0
2114 3616
2492 1904
0 3481
3115 944
3521 934
0 4206
0 0
0 0
759 2607
622 2929
0 3374
3802 1926
3380 4155
1844 928
2050 4362
3437 0
4326 0
1866 3711
2007 2797
0 2654
298 4874
0 2839
2996 2704
3733 1923
4150 0
1509 0
0 3773
0 2062
88 2793
2430 1493
3801 2302
1246 272
0 4286
3124 0
4736 259
1843 4030
5003 4180
4680 471
1802 4817
2554 2443
4220 3686
2121 2132
4783 3355
4364 1384
0 3129
3897 2237
4745 584
4050 677
4147 671
2018 5083
5113 1061
0 4655
3131 0
0 0
1264 1863
2763 3150
3138 2199
4295 2473
3578 4043
0 4573
0 2323
1165 382
4436 1214
2275 1480
4762 967
12 4972
1602 0
2781 4939
0 3899
4691 317
1970 2889
2037 2346
1445 860
1709 3000
1629 48
4789 1817
586 2202
3894 2432
1716 3386
80 89
0 485
2282 4000
1937 2570
2238 4237
0 1618
0 2819
2784 4135
3574 1317
2421 2438
0 3903
1410 4214
4279 3398
2221 5074
2053 4877
4421 1467
0 3332
0 4161
4018 946
1302 1658
0 1102
5099 1390
2856 320
349 2189
1683 2465
1755 347
2022 2454
3089 968
4301 2231
659 3819
1486 3408
509 4125
1604 862
4276 1711
4303 2693
4024 2296
2690 4909
1451 4589
2825 3729
0 5050
4167 526
2340 3366
986 3167
2883 1786
4978 3225
10 1346
0 1389
1344 0
4063 2827
4262 929
3522 868
1940 202
4485 3946
2534 0
0 256
3041 4617
0 0
2141 0
0 0
2636 4141
0 877
0 2759
4950 0
1038 499
1404 1527
3712 0
892 4039
0 85
0 883
0 0
2495 2679
3429 3606
3210 200
333 2815
21 4875
2120 2711
4170 3675
0 797
260 4347
2850 3344
4470 4757
0 0
1559 0
1768 1182
443 0
1513 901
4201 2001
0 2535
3627 0
1556 429
454 1803
4520 4309
4494 3698
3900 3815
2502 0
645 737
0 3244
1828 1678
936 3234
2981 127
0 404
2820 3926
0 0
3988 3331
0 0
4233 4122
0 1837
1684 215
4862 2664
1962 182
874 2708
1041 0
4038 3586
1631 2472
345 4559
1899 846
2583 4417
2617 4831
4256 2983
1023 2255
3485 4352
1033 921
2838 3362
4787 0
1759 0
0 459
4290 0
125 3566
2470 0
2463 2312
2410 2895
1093 4651
0 2657
0 0
1582 4363
2431 0
2486 386
2182 3456
639 4886
5106 881
4454 1423
1075 2753
4658 1341
0 4666
3172 2048
3082 1043
4045 0
2756 2558
4798 1558
1677 4379
4890 3523
3875 2439
4991 2453
4630 0
2764 1916
0 0
3394 3011
0 2998
2939 4704
4443 3718
391 2920
2501 0
2960 1644
3259 0
512 5076
2025 1853
2990 230
0 0
5041 0
4212 1174
1237 643
132 1661
2395 3909
782 3002
3137 3886
232 0
0 4611
3144 66
0 0
0 4287
1433 153
3119 1260
4534 3274
4384 3624
463 1331
3118 0
1472 3391
3216 995
3671 2694
1150 49
1734 91
323 5097
1414 2765
2868 3937
0 5013
3710 2799
1283 3964
0 3767
3351 1177
2320 2980
4605 1943
848 0
84 2816
1881 4017
1728 3633
355 3208
4739 523
3646 3196
2383 2787
2919 2236
165 4222
4313 1209
2480 0
2409 4957
1807 4120
932 4519
4947 1918
412 897
2854 2673
274 938
3791 1653
0 3149
4722 845
2602 2892
1164 3845
0 0
223 978
2248 756
2853 4317
4618 3158
2871 2780
4395 318
243 3127
451 1812
0 1879
3700 1426
0 0
0 4696
2376 0
2515 1097
2208 4653
4367 1224
0 0
0 0
0 3656
5027 3874
3956 2251
1141 3512
1079 4649
2331 439
1352 4342
0 3615
376 3343
0 3401
0 4331
4748 1248
4790 0
1710 964
4263 4267
4681 0
390 4423
3046 1737
973 4382
1483 2216
1428 0
0 0
3220 4171
3986 577
2020 1672
2713 4870
3877 3715
4766 4872
0 560
2008 822
0 2069
0 0
4970 0
806 430
2131 2466
4916 1655
2952 2691
4479 2770
3596 3812
1787 3304
2818 2967
780 1170
1110 786
3436 4459
548 3813
0 0
2569 3251
434 1438
1913 4094
340 574
1847 3670
4545 3619
4625 1751
538 1478
5054 1682
1784 4397
1216 0
2811 770
2958 1868
0 3163
3992 0
344 711
2954 536
2508 505
1242 3977
2526 2712
3006 1104
3759 2870
346 1888
4002 0
2768 3526
3364 0
1092 1581
3133 1221
0 1203
5094 3100
4482 3177
0 4721
0 0
0 3800
0 4081
1376 685
0 193
4119 1022
3022 4967
4819 2743
2056 5018
1674 1846
3109 4270
4623 3941
0 0
4505 1596
0 0
0 43
450 2175
0 0
3913 328
3762 825
4822 660
2562 3966
0 0
2445 0
779 4707
3963 4402
2004 4207
0 3063
3031 1714
3243 2668
1967 4741
3784 1696
2899 0
0 618
571 4975
2874 1577
0 1994
0 0
3084 4590
1880 1098
0 3486
0 3412
3902 0
3921 3537
0 1610
1069 0
4020 0
2103 576
2153 551
0 3310
3916 4912
570 3841
1275 819
2951 0
3694 327
1003 4614
818 2944
4613 4717
1801 1072
927 4726
3296 4809
3949 295
4869 2717
2381 2966
2389 2010
1646 0
4110 0
0 2036
2109 1408
0 4073
670 1255
1553 2858
3629 41
3860 4305
0 0
580 2471
482 4990
0 2489
1021 4365
4738 2075
3029 137
3005 1691
4961 4576
0 440
2029 3940
2013 135
4876 0
3183 651
2603 15
2798 0
2156 3585
2035 0
2186 890
4508 4889
1790 115
0 4810
3085 2361
1822 491
1953 882
154 129
867 299
0 0
3653 2872
4900 130
0 0
3980 3572
3979 1001
0 0
3707 0
4223 3019
0 1382
3782 0
3519 1606
988 0
0 3742
3312 3200
3309 567
2522 4881
0 4134
4354 4117
5006 4040
0 3705
503 2702
794 4132
0 3272
0 0
1616 2100
4616 4359
380 4579
1690 899
4888 2129
3836 634
3999 2849
4843 4446
175 1944
969 2408
2887 4795
208 4215
2343 2481
1068 0
0 4062
783 764
4844 1007
0 1398
734 1585
1271 2906
0 0
0 336
3101 1898
1218 0
0 0
1905 1701
2330 3143
2734 3852
1990 3891
0 4037
1981 1975
0 2420
766 35
4149 4634
0 0
3010 0
0 514
707 1507
2417 0
2828 2748
3092 0
0 558
3445 0
4294 4692
954 248
4673 0
2455 168
0 1798
3184 1892
0 0
261 3334
2918 2023
2232 2459
1198 532
2377 4985
3943 0
3869 872
2181 79
1191 4158
0 2157
2953 1226
2434 469
3882 2975
4006 1039
1351 498
3369 4118
3099 1794
3826 1620
2264 4255
0 4051
1766 1485
2249 4730
4915 940
0 1627
1121 3504
4501 381
0 3359
2137 1949
0 0
3865 4927
2078 3346
2530 1407
0 0
4619 4356
4690 1185
4865 1406
0 0
0 3468
591 2547
0 4007
1999 2625
4892 4945
3450 4230
0 0
0 3212
4195 0
5014 178
2516 399
1665 4833
4746 338
4937 3095
2040 0
0 0
4591 1516
974 4420
2332 956
4629 2152
1825 4698
0 0
1977 3933
557 2626
4179 0
3427 2991
1764 2567
1491 612
1169 4839
39 0
3535 211
2807 698
0 0
0 146
0 4383
4231 3128
0 4427
0 0
3013 1922
2576 1647
0 0
2271 0
0 0
1805 3500
4678 2353
0 977
4772 0
4371 3262
2930 2084
1730 5107
1112 0
0 1055
569 234
3023 1712
2956 4840
1269 4923
0 0
0 0
2901 1057
4566 0
477 3563
3576 4300
1036 2145
2511 4261
0 2640
3527 0
0 0
2505 3009
0 0
0 0
446 4805
2467 3501
0 0
1016 3972
1735 3303
2531 1291
2154 768
3528 282
4710 1202
1590 3333
3042 0
0 0
4887 0
4689 2474
3652 4837
3363 0
2014 1895
3313 435
3146 4106
3857 3382
2921 4850
2164 4393
0 2375
3376 1229
0 3834
4883 1303
3198 2840
0 3403
608 311
2234 2155
4758 744
2645 3278
291 5042
2846 1116
4646 989
4973 4885
3859 2653
0 0
4533 424
494 1765
808 2273
843 1865
3644 2591
377 3750
0 2705
615 2697
0 2301
597 0
1543 751
3270 865
4893 2015
2732 3420
4338 1153
0 0
0 3349
3228 4775
2262 2556
3863 354
1358 866
0 1650
4933 4280
1066 4602
1963 0
3440 2006
0 4582
4181 0
4645 2766
4676 3864
844 4189
669 0
4139 2985
3692 5021
2588 5118
728 3263
1500 959
0 2737
4145 1508
4882 3803
5053 1059
0 4913
3622 2882
2143 2227
3708 3896
4663 2483
4491 4408
2651 371
3261 0
3736 1903
240 3367
205 3687
0 0
2701 2293
0 869
1954 0
3320 2228
3868 788
0 0
3160 3786
490 1062
1702 3699
3878 1253
4460 1462
4543 749
3494 3074
118 2429
5011 4684
1489 2834
2561 1720
1399 4814
5114 0
4849 870
3595 5026
3271 4556
3789 0
3213 3433
3186 2314
0 4537
229 4389
0 3034
0 0
321 0
467 1742
4949 4516
1053 504
4530 192
4763 1432
1938 4971
835 0
3419 4679
5067 0
2265 4274
4552 1948
4952 0
0 0
2256 3214
3257 0
5057 0
2188 0
816 3465
0 0
1494 4058
4966 2612
2223 4732
3704 3415
4377 4820
4165 715
4548 4744
4282 4610
4188 3498
0 0
3400 632
2529 5100
2387 1213
0 4824
4857 3587
1510 0
0 0
3508 4398
4486 1045
3696 1455
1011 3575
4431 2912
2890 1850
3985 1736
0 0
1518 738
4801 2044
5095 3381
2111 2627
2552 3771
4175 99
4540 0
4563 1622
3565 1430
3054 1307
1274 700
1891 1074
1996 4544
3594 3035
4337 226
1762 1838
4242 4444
3867 0
998 3171
3287 253
0 217
0 4404
0 999
785 4074
3053 1114
0 3779
1869 148
1263 0
3559 4564
646 219
4598 984
894 2303
0 4410
3743 554
2852 2305
4528 739
1504 802
4088 0
616 3
2172 3536
3294 3605
2948 0
0 405
3748 3357
1171 111
475 233
0 4348
270 1355
4298 0
369 1856
4355 3102
0 4209
3319 2038
2185 1146
5039 599
935 2148
0 4369
4221 0
0 0
4958 1851
1459 2046
0 0
4753 1403
1448 513
2072 2676
2877 878
0 4036
1208 2891
4712 4016
3341 4578
3447 4665
742 3424
2782 460
1520 4455
3658 1329
0 0
3188 1071
2924 0
249 790
4511 4378
4686 3611
331 0
1332 4324
1469 2584
1550 0
1354 3396
2329 3379
307 2307
1849 2608
2091 3052
3844 0
2240 3550
3734 5017
90 4407
1148 2356
3730 2304
0 0
314 930
4325 0
2993 2837
2173 3774
231 3824
2367 0
4979 3078
3015 2198
832 4524
884 3399
0 4490
2907 2726
537 2662
1454 2898
5002 4011
1281 3020
3418 4866
105 4943
1988 3086
736 4535
4963 0
0 1532
3925 2428
0 0
1890 3056
1671 4998
0 3311
2771 1400
1119 0
4320 3462
4911 5078
4257 1211
2372 2842
4041 0
196 239
2042 4332
1070 3026
1431 2449
2677 3264
0 3361
0 3170
3295 0
1625 0
3534 2316
4557 1993
0 2092
3642 2116
1251 909
4599 2138
4626 0
553 3554
0 731
0 0
1149 4302
4177 1155
2779 1481
5063 1670
2796 601
2016 796
2391 4433
5024 4615
0 1583
3518 4336
2462 1256
793 3895
3938 4867
1435 4720
1675 598
0 1823
4258 3479
2362 2725
1593 2317
0 0
0 516
2160 0
1859 2230
4178 3001
2790 2168
1933 112
1308 0
4969 2631
2266 2593
2382 0
2425 4521
4047 0
1780 0
2746 2733
3922 545
2452 3832
2034 1327
1286 4669
0 479
4123 729
2915 4299
1505 1862
2478 2984
468 2703
2963 0
4709 3175
0 0
0 3548
4925 0
0 0
4154 0
4318 1231
4848 212
1706 3267
1810 0
4716 61
4799 3958
0 0
3012 3492
374 1533
2520 3673
3211 664
0 990
2402 25
1259 604
3592 4906
3284 4399
269 0
0 1049
1729 2285
1473 3662
1640 1934
2158 3890
3024 0
0 4729
3703 0
0 0
692 1305
2066 0
4994 0
4266 864
3451 1350
2884 2095
170 4480
2269 2047
0 4980
383 0
103 1664
2973 281
907 4357
3994 3025
697 0
2347 2910
4942 1573
4142 3630
3482 585
0 2342
559 2652
44 4794
171 1076
2623 1692
0 143
2802 199
1417 3048
627 717
2894 565
3697 4560
2440 1172
658 160
3854 4594
3483 3258
2610 3807
0 1106
1113 286
2063 2055
2416 0
0 183
1316 1225
4962 3321
3058 4310
0 2407
2789 4776
4023 0
4904 4806
1457 4577
3070 1395
4960 4735
0 0
0 2680
2982 0
1496 3556
2287 970
2865 3651
0 4319
1326 2630
3145 4550
0 3783
1040 2928
2426 2521
0 2479
2760 0
0 3571
1572 993
1740 2104
1819 0
0 2140
3087 4834
5020 628
2298 3232
1089 0
221 4162
1359 0
0 625
0 0
0 0
614 4835
1129 3780
4784 2068
3503 3649
2886 0
2723 2946
2403 5037
3538 2878
0 0
2166 4581
856 2876
2833 4391
2412 172
358 3928
4466 4268
4140 1983
5043 4584
3104 2364
4226 2862
2773 3221
2124 676
0 3390
996 0
2644 4340
478 592
3132 489
0 2718
1704 809
0 2190
1973 1420
0 3753
3090 661
0 0
4523 1872
198 804
4467 2538
3365 0
4124 417
3637 2831
1025 2497
2011 2213
2139 4072
0 2349
0 2491
1991 400
13 5111
1501 1835
3247 2821
4075 4450
0 4926
1548 1017
4099 0
912 3678
0 3772
4661 900
151 2700
2777 3453
0 1549
1731 3062
0 1842
2683 2355
1228 920
3114 3723
47 4335
1860 3602
5089 3991
3647 1791
3069 0
3906 0
776 0
0 3962
0 2243
2 0
4624 4115
992 0
0 2863
325 3159
853 4660
0 5015
0 0
2590 3829
3983 1521
4782 1379
2051 480
0 0
0 0
582 1648
2058 0
2609 4054
3430 4014
1669 0
2742 2318
754 2611
3030 2196
3215 4612
1184 403
2866 4334
3372 3324
1009 1143
4126 304
1440 3414
3370 413
0 0
891 2436
2823 283
1824 1293
254 1925
2418 42
57 2809
4974 268
1029 778
1234 4087
3685 4001
2841 3918
2209 546
0 3849
4895 4306
3428 2597
733 5066
1580 3314
0 4855
4065 518
2663 5085
1279 3835
3628 0
4525 3515
4419 1935
594 3377
4608 4277
2997 4792
0 2326
1236 3584
0 4976
3995 0
0 4786
4426 1046
952 4066
2002 1971
0 4013
2401 3533
3880 3265
3603 163
0 0
4506 0
4800 3641
82 583
2947 813
3134 5088
511 1673
3544 2803
1820 466
1365 0
2935 3038
4755 918
3330 3582
1201 1005
3302 1012
2897 3778
0 1099
0 3529
0 4600
3951 4284
396 3233
0 275
1668 0
0 3464
1026 2964
2880 2267
0 4497
617 0
0 1666
1776 3601
4168 0
110 2551
4199 0
1649 4138
2632 2783
3162 1525
1280 3683
4921 4693
903 252
3290 1987
0 4275
3608 4585
385 1084
3816 1240
3209 1270
679 747
0 1158
2365 1642
1013 2731
665 3785
1094 0
448 2163
166 2107
0 2442
0 1037
4381 1124
4004 5048
4076 4728
40 4153
1982 913
0 5051
1032 1523
1373 4055
4322 4986
0 2971
147 0
0 4685
879 2566
0 1497
4656 1915
0 4571
1942 4852
1594 181
188 1482
3194 2647
0 535
1864 3688
0 4032
2222 2638
2071 0
3496 2755
0 0
3182 3598
2926 1643
0 2206
3524 4515
2931 3557
1325 0
457 2061
4662 933
373 0
2338 0
0 0
0 4767
4687 833
3108 0
3434 210
0 2288
0 4288
2808 750
2485 1138
0 455
0 1306
0 609
341 3600
1422 3327
2650 3754
1985 4699
1449 0
4374 2220
2336 3121
2201 1612
1679 56
0 2081
2498 1020
0 593
1707 3136
792 364
898 4069
849 2274
3477 1210
606 0
815 539
98 4934
0 0
3509 0
1441 431
5110 0
1363 2337
3176 1703
2205 1298
437 1561
2079 4463
3050 0
2729 0
0 0
2762 3936
0 603
0 4700
0 0
3461 0
0 0
0 0
4644 1688
1951 1600
771 0
1477 1874
0 2922
2292 0
1551 3887
0 826
3268 3855
3758 4289
3299 0
2406 0
0 0
3409 1421
0 0
0 0
0 0
0 0
0 0
0 0
0 0
0 0
0 0
0 0
0 0
0 0
0 0
0 0
0 0
0 0
0 0
0 0
0 0
0 0
0 0
0 0
0 0
0 0
0 0
0 0
0 0
0 0
0 0
0 0
0 0
0 0
0 0
0 0
0 0
0 0
0 0
0 0
0 0
0 0
0 0
0 0
0 0
0 0
0 0
0 0
0 0
0 0
0 0
0 0
0 0
0 0
0 0
0 0
0 0
0 0
0 0
0 0
0 0
0 0
0 0
0 0
0 0
0 0
0 0
0 0
0 0
0 0
0 0
0 0
0 0
0 0
0 0
0 0
0 0
0 0
0 0
0 0
0 0
0 0
0 0
0 0
0 0
0 0
0 0
0 0
0 0
0 0
0 0
0 0
0 0
0 0
0 0
0 0
0 0
0 0
0 0
0 0
0 0
0 0
0 0
0 0
0 0
0 0
0 0
0 0
0 0
0 0
0 0
0 0
0 0
0 0
0 0
0 0
0 0
0 0
0 0
0 0
0 0
0 0
0 0
0 0
0 0
0 0
0 0
0 0
0 0
0 0
0 0
0 0
0 0
0 0
0 0
0 0
0 0
0 0
0 0
0 0
0 0
0 0
0 0
0 0
0 0
0 0
0 0
0 0
0 0
0 0
0 0
0 0
0 0
0 0
0 0
0 0
0 0
0 0
0 0
0 0
0 0
0 0
0 0
0 0
0 0
0 0
0 0
0 0
0 0
0 0
0 0
0 0
0 0
0 0
0 0
0 0
0 0
0 0
0 0
0 0
0 0
0 0
0 0
0 0
0 0
0 0
0 0
0 0
0 0
0 0
0 0
0 0
0 0
0 0
0 0
0 0
0 0
0 0
0 0
0 0
0 0
0 0
0 0
0 0
0 0
0 0
0 0
0 0
0 0
0 0
0 0
0 0
0 0
0 0
0 0
0 0
0 0
0 0
0 0
0 0
0 0
0 0
0 0
0 0
0 0
0 0
0 0
0 0
0 0
0 0
0 0
0 0
0 0
0 0
0 0
0 0
0 0
0 0
0 0
0 0
0 0
0 0
0 0
0 0
0 0
0 0
0 0
0 0
0 0
0 0
0 0
0 0
0 0
0 0
0 0
0 0
0 0
0 0
0 0
0 0
0 0
0 0
0 0
0 0
0 0
0 0
0 0
0 0
0 0
0 0
0 0
0 0
0 0
0 0
0 0
0 0
0 0
0 0
0 0
0 0
0 0
0 0
0 0
0 0
0 0
0 0
0 0
0 0
0 0
0 0
0 0
0 0
0 0
0 0
0 0
0 0
0 0
0 0
0 0
0 0
0 0
0 0
0 0
0 0
0 0
0 0
0 0
0 0
0 0
0 0
0 0
0 0
0 0
0 0
0 0
0 0
0 0
0 0
0 0
0 0
0 0
0 0
0 0
0 0
0 0
0 0
0 0
0 0
0 0
0 0
0 0
0 0
0 0
0 0
0 0
0 0
0 0
0 0
0 0
0 0
0 0
0 0
0 0
0 0
0 0
0 0
0 0
0 0
0 0
2310 0
0 0
0 0
0 0
0 0
0 0
0 0
0 0
0 0
0 0
0 0
0 0
0 0
0 0
0 0
0 0
0 0
0 0
0 0
0 0
0 0
0 0
0 0
0 0
0 0
0 0
0 0
0 0
0 0
0 0
0 0
0 0
0 0
0 0
0 0
0 0
0 0
0 0
0 0
0 0
0 0
0 0
0 0
0 0
0 0
0 0
0 0
0 0
0 0
0 0
0 0
0 0
0 0
0 0
0 0
0 0
0 0
0 0
0 0
0 0
0 0
0 0
0 0
0 0
0 0
0 0
0 0
0 0
0 0
0 0
0 0
0 0
0 0
0 0
0 0
0 0
0 0
0 0
0 0
0 0
0 0
0 0
0 0
0 0
0 0
0 0
0 0
0 0
0 0
0 0
0 0
0 0
0 0
0 0
0 0
0 0
0 0
0 0
0 0
0 0
0 0
0 0
0 0
0 0
0 0
0 0
0 0
0 0
0 0
0 0
0 0
0 0
0 0
0 0
0 0
0 0
0 0
0 0
0 0
0 0
0 0
0 0
0 0
0 0
0 0
0 0
0 0
0 0
0 0
0 0
0 0
0 0
0 0
0 0
0 0
0 0
0 0
0 0
0 0
0 0
0 0
0 0
0 0
0 0
0 0
0 0
0 0
0 0
0 0
0 0
0 0
0 0
0 0
0 0
0 0
0 0
0 0
0 0
0 0
0 0
0 0
0 0
0 0
0 0
0 0
0 0
0 0
0 0
0 0
0 0
0 0
0 0
0 0
0 0
0 0
0 0
0 0
0 0
0 0
0 0
0 0
0 0
0 0
0 0
0 0
0 0
0 0
0 0
0 0
0 0
0 0
0 0
0 0
0 0
0 0
0 0
0 0
0 0
0 0
0 0
0 0
0 0
0 0
0 0
0 0
0 0
0 0
0 0
0 0
0 0
0 0
0 0
0 0
0 0
0 0
0 0
0 0
0 0
0 0
0 0
0 0
0 0
0 0
0 0
0 0
0 0
0 0
0 0
0 0
0 0
0 0
0 0
0 0
0 0
0 0
0 0
0 0
0 0
0 0
0 0
0 0
0 0
0 0
0 0
0 0
0 0
0 0
0 0
0 0
0 0
0 0
0 0
0 0
0 0
0 0
0 0
0 0
0 0
0 0
0 0
0 0
0 0
0 0
0 0
0 0
0 0
0 0
0 0
0 0
0 0
0 0
0 0
0 0
0 0
0 0
0 0
0 0
0 0
0 0
0 0
0 0
0 0
0 0
0 0
0 0
0 0
0 0
0 0
0 0
0 0
0 0
0 0
0 0
0 0
0 0
0 0
0 0
0 0
0 0
0 0
0 0
0 0
0 0
0 0
0 0
0 0
0 0
0 0
0 0
0 0
0 0
0 0
0 0
0 0
0 0
0 0
0 0
0 0
0 0
0 0
0 0
0 0
0 0
0 0
0 0
0 0
0 0
0 0
0 0
0 0
0 0
0 0
0 0
0 0
0 0
0 0
0 0
0 0
0 0
0 0
0 0
0 0
0 0
0 0
0 0
0 0
0 0
0 0
0 0
0 0
0 0
0 0
0 0
0 0
0 0
0 0
0 0
0 0
0 0
0 0
0 0
0 0
0 0
0 0
0 0
0 0
0 0
0 0
0 0
0 0
0 0
0 0
0 0
0 0
0 0
0 0
0 0
0 0
0 0
0 0
0 0
0 0
0 0
0 0
0 0
0 0
0 0
0 0
0 0
0 0
0 0
0 0
0 0
0 0
0 0
0 0
0 0
0 0
0 0
0 0
0 0
0 0
0 0
0 0
0 0
0 0
0 0
0 0
0 0
0 0
0 0
0 0
0 0
0 0
0 0
0 0
0 0
0 0
0 0
0 0
0 0
0 0
0 0
0 0
0 0
0 0
0 0
0 0
0 0
0 0
0 0
0 0
0 0
0 0
0 0
0 0
0 0
0 0
0 0
0 0
0 0
0 0
0 0
0 0
0 0
0 0
0 0
0 0
0 0
0 0
0 0
0 0
0 0
0 0
0 0
0 0
0 0
0 0
0 0
0 0
0 0
0 0
0 0
0 0
0 0
0 0
0 0
0 0
0 0
0 0
0 0
0 0
0 0
0 0
0 0
0 0
0 0
0 0
0 0
0 0
0 0
0 0
0 0
0 0
0 0
0 0
0 0
0 0
0 0
0 0
0 0
0 0
0 0
0 0
0 0
0 0
0 0
0 0
0 0
0 0
0 0
0 0
0 0
0 0
0 0
0 0
0 0
0 0
0 0
0 0
0 0
0 0
0 0
0 0
0 0
0 0
0 0
0 0
0 0
0 0
0 0
0 0
0 0
0 0
0 0
0 0
0 0
0 0
0 0
0 0
0 0
0 0
0 0
0 0
0 0
0 0
0 0
0 0
0 0
0 0
0 0
0 0
0 0
0 0
0 0
0 0
0 0
0 0
0 0
0 0
0 0
0 0
0 0
0 0
0 0
0 0
0 0
0 0
0 0
0 0
0 0
0 0
0 0
0 0
0 0
0 0
0 0
0 0
0 0
0 0
0 0
0 0
0 0
0 0
0 0
0 0
0 0
0 0
0 0
0 0
0 0
0 0
0 0
0 0
0 0
0 0
0 0
0 0
0 0
0 0
0 0
0 0
0 0
0 0
0 0
0 0
0 0
0 0
0 0
0 0
0 0
0 0
0 0
0 0
0 0
0 0
0 0
0 0
0 0
0 0
0 0
0 0
0 0
0 0
0 0
0 0
0 0
0 0
0 0
0 0
0 0
0 0
0 0
0 0
0 0
0 0
0 0
0 0
0 0
0 0
0 0
0 0
0 0
0 0
0 0
0 0
0 0
0 0
0 0
0 0
0 0
0 0
0 0
0 0
0 0
0 0
0 0
0 0
0 0
0 0
0 0
0 0
0 0
0 0
0 0
0 0
0 0
0 0
0 0
0 0
0 0
0 0
0 0
0 0
0 0
0 0
0 0
0 0
0 0
0 0
0 0
0 0
0 0
0 0
0 0
0 0
0 0
0 0
0 0
0 0
0 0
0 0
0 0
0 0
0 0
0 0
0 0
0 0
0 0
0 0
0 0
0 0
0 0
0 0
0 0
0 0
0 0
0 0
0 0
0 0
0 0
0 0
0 0
0 0
0 0
0 0
0 0
0 0
0 0
0 0
0 0
0 0
0 0
0 0
0 0
0 0
0 0
0 0
0 0
0 0
0 0
0 0
0 0
0 0
0 0
0 0
0 0
0 0
0 0
0 0
0 0
0 0
0 0
0 0
0 0
0 0
0 0
0 0
0 0
0 0
0 0
0 0
0 0
0 0
0 0
0 0
0 0
0 0
0 0
0 0
0 0
0 0
0 0
0 0
0 0
0 0
0 0
0 0
0 0
0 0
0 0
0 0
0 0
0 0
0 0
0 0
0 0
0 0
0 0
0 0
0 0
0 0
0 0
0 0
0 0
0 0
0 0
0 0
0 0
0 0
0 0
0 0
0 0
0 0
0 0
0 0
0 0
0 0
0 0
0 0
0 0
0 0
0 0
0 0
0 0
0 0
0 0
0 0
0 0
0 0
0 0
0 0
0 0
0 0
0 0
0 0
0 0
0 0
0 0
0 0
0 0
0 0
0 0
0 0
0 0
0 0
0 0
0 0
0 0
0 0
0 0
0 0
0 0
0 0
0 0
0 0
0 0
0 0
0 0
0 0
0 0
0 0
0 0
0 0
0 0
0 0
0 0
0 0
0 0
0 0
0 0
0 0
0 0
0 0
0 0
0 0
0 0
0 0
0 0
0 0
0 0
0 0
0 0
0 0
0 0
0 0
0 0
0 0
0 0
0 0
0 0
0 0
0 0
0 0
0 0
0 0
0 0
0 0
0 0
0 0
0 0
0 0
0 0
0 0
0 0
0 0
0 0
0 0
0 0
0 0
0 0
0 0
0 0
0 0
0 0
0 0
0 0
0 0
0 0
0 0
0 0
0 0
0 0
0 0
0 0
0 0
0 0
0 0
0 0
0 0
0 0
0 0
0 0
0 0
0 0
0 0
0 0
0 0
0 0
0 0
0 0
0 0
0 0
0 0
0 0
0 0
0 0
0 0
0 0
0 0
0 0
0 0
0 0
0 0
0 0
0 0
0 0
0 0
0 0
0 0
0 0
0 0
0 0
0 0
0 0
0 0
0 0
0 0
0 0
0 0
0 0
0 0
0 0
0 0
0 0
0 0
0 0
0 0
0 0
0 0
0 0
0 0
0 0
0 0
0 0
0 0
0 0
0 0
0 0
0 0
0 0
0 0
0 0
0 0
0 0
0 0
0 0
0 0
0 0
0 0
0 0
0 0
0 0
0 0
0 0
0 0
0 0
0 0
0 0
0 0
0 0
0 0
0 0
0 0
0 0
0 0
0 0
0 0
0 0
0 0
0 0
0 0
0 0
0 0
0 0
0 0
0 0
0 0
0 0
0 0
0 0
0 0
0 0
0 0
0 0
0 0
0 0
0 0
0 0
0 0
0 0
0 0
0 0
0 0
0 0
0 0
0 0
0 0
0 0
0 0
0 0
0 0
0 0
0 0
0 0
0 0
0 0
0 0
0 0
0 0
0 0
0 0
0 0
0 0
0 0
0 0
0 0
0 0
0 0
0 0
0 0
0 0
0 0
0 0
0 0
0 0
0 0
0 0
0 0
0 0
0 0
0 0
0 0
0 0
0 0
0 0
0 0
0 0
0 0
0 0
0 0
0 0
0 0
0 0
0 0
0 0
0 0
0 0
0 0
0 0
0 0
0 0
0 0
0 0
0 0
0 0
0 0
0 0
0 0
0 0
0 0
0 0
0 0
0 0
0 0
0 0
0 0
0 0
0 0
0 0
0 0
0 0
0 0
0 0
0 0
0 0
0 0
0 0
0 0
0 0
0 0
0 0
0 0
0 0
0 0
0 0
0 0
0 0
0 0
0 0
0 0
0 0
0 0
0 0
0 0
0 0
0 0
0 0
0 0
0 0
0 0
0 0
0 0
0 0
0 0
0 0
0 0
0 0
0 0
0 0
0 0
0 0
0 0
0 0
0 0
0 0
0 0
0 0
0 0
0 0
0 0
0 0
0 0
0 0
0 0
0 0
0 0
0 0
0 0
0 0
0 0
0 0
0 0
0 0
0 0
0 0
0 0
0 0
0 0
0 0
0 0
0 0
0 0
0 0
0 0
0 0
0 0
0 0
0 0
0 0
0 0
0 0
0 0
0 0
0 0
0 0
0 0
0 0
0 0
0 0
0 0
0 0
0 0
0 0
0 0
0 0
0 0
0 0
0 0
0 0
0 0
0 0
0 0
0 0
0 0
0 0
0 0
0 0
0 0
0 0
0 0
0 0
0 0
0 0
0 0
0 0
0 0
0 0
0 0
0 0
0 0
0 0
0 0
0 0
0 0
0 0
0 0
0 0
0 0
0 0
0 0
0 0
0 0
0 0
0 0
0 0
0 0
0 0
0 0
0 0
0 0
0 0
0 0
0 0
0 0
0 0
0 0
0 0
0 0
0 0
0 0
0 0
0 0
0 0
0 0
0 0
0 0
0 0
0 0
0 0
0 0
0 0
0 0
0 0
0 0
0 0
0 0
0 0
0 0
0 0
0 0
0 0
0 0
0 0
0 0
0 0
0 0
0 0
0 0
0 0
0 0
0 0
0 0
0 0
0 0
0 0
0 0
0 0
0 0
0 0
0 0
0 0
0 0
0 0
0 0
0 0
0 0
0 0
0 0
0 0
0 0
0 0
0 0
0 0
0 0
0 0
0 0
0 0
0 0
0 0
0 0
0 0
0 0
0 0
0 0
0 0
0 0
0 0
0 0
0 0
0 0
0 0
0 0
0 0
0 0
0 0
0 0
0 0
0 0
0 0
0 0
0 0
0 0
0 0
0 0
0 0
0 0
0 0
0 0
0 0
0 0
0 0
0 0
0 0
0 0
0 0
0 0
0 0
0 0
0 0
0 0
0 0
0 0
0 0
0 0
0 0
0 0
0 0
0 0
0 0
0 0
0 0
0 0
0 0
0 0
0 0
0 0
0 0
0 0
0 0
0 0
0 0
0 0
0 0
0 0
0 0
0 0
0 0
0 0
0 0
0 0
0 0
0 0
0 0
0 0
0 0
0 0
0 0
0 0
0 0
0 0
0 0
0 0
0 0
0 0
0 0
0 0
0 0
0 0
0 0
0 0
0 0
0 0
0 0
0 0
0 0
0 0
0 0
0 0
0 0
0 0
0 0
0 0
0 0
0 0
0 0
0 0
0 0
0 0
0 0
0 0
0 0
0 0
0 0
0 0
0 0
0 0
0 0
0 0
0 0
0 0
0 0
0 0
0 0
0 0
0 0
0 0
0 0
0 0
0 0
0 0
0 0
0 0
0 0
0 0
0 0
0 0
0 0
0 0
0 0
0 0
0 0
0 0
0 0
0 0
0 0
0 0
0 0
0 0
0 0
0 0
0 0
0 0
0 0
0 0
0 0
0 0
0 0
0 0
0 0
0 0
0 0
0 0
0 0
0 0
0 0
0 0
0 0
0 0
0 0
0 0
0 0
0 0
0 0
0 0
0 0
0 0
0 0
0 0
0 0
0 0
0 0
0 0
0 0
0 0
0 0
0 0
0 0
0 0
0 0
0 0
0 0
0 0
0 0
0 0
0 0
0 0
0 0
0 0
0 0
0 0
0 0
0 0
0 0
0 0
0 0
0 0
0 0
0 0
0 0
0 0
0 0
0 0
0 0
0 0
0 0
0 0
0 0
0 0
0 0
0 0
0 0
0 0
0 0
0 0
0 0
0 0
0 0
0 0
0 0
0 0
0 0
0 0
0 0
0 0
0 0
0 0
0 0
0 0
0 0
0 0
0 0
0 0
0 0
0 0
0 0
0 0
0 0
0 0
0 0
0 0
0 0
0 0
0 0
0 0
0 0
0 0
0 0
0 0
0 0
0 0
0 0
0 0
0 0
0 0
0 0
0 0
0 0
0 0
0 0
0 0
0 0
0 0
0 0
0 0
0 0
0 0
0 0
0 0
0 0
0 0
0 0
0 0
0 0
0 0
0 0
0 0
0 0
0 0
0 0
0 0
0 0
0 0
0 0
0 0
0 0
0 0
0 0
0 0
0 0
0 0
0 0
0 0
0 0
0 0
0 0
0 0
0 0
0 0
0 0
0 0
0 0
0 0
0 0
0 0
0 0
0 0
0 0
0 0
0 0
0 0
0 0
0 0
