266 207
18 19
2 6
24 21
10 11
14 24
13 19
23 18
6 22
5 12
6 21
2 21
14 18
5 8
19 9
8 6
20 4
4 21
24 11
23 17
22 7
3 23
9 21
13 5
25 4
11 19
10 23
25 24
11 6
25 8
16 21
6 12
11 20
7 5
22 9
19 7
7 7
8 8
8 3
24 18
22 23
15 19
15 17
9 20
20 12
9 14
23 20
22 13
23 19
20 24
22 15
3 7
9 3
25 12
8 15
22 5
3 4
18 10
13 17
5 9
11 3
25 1
12 10
9 23
18 4
16 16
25 9
6 24
9 17
10 8
10 4
6 7
18 2
3 5
7 15
19 1
10 25
22 4
11 14
1 23
18 11
16 4
12 3
23 2
20 2
10 1
1 11
9 6
19 12
1 4
22 1
10 13
15 11
12 13
8 4
14 4
17 7
24 8
2 9
8 14
19 8
10 9
17 22
20 18
12 9
17 4
20 19
7 21
21 23
25 15
14 7
21 11
1 18
2 13
11 2
20 16
1 9
8 7
15 2
8 12
10 24
13 3
24 15
23 24
18 9
13 4
14 15
16 18
7 16
3 17
21 15
4 6
7 12
6 3
18 8
6 1
21 3
4 24
16 1
3 2
18 21
22 3
20 5
10 6
12 17
22 10
8 11
5 5
7 24
24 17
5 16
25 17
14 14
24 22
2 8
3 25
20 6
13 14
10 7
19 4
14 23
5 15
2 17
4 5
8 13
23 15
4 4
21 12
21 10
11 17
25 22
9 15
4 12
16 11
1 1
20 17
25 23
19 2
17 18
5 17
9 9
5 14
7 9
4 7
10 10
5 25
19 3
7 23
1 12
14 10
20 14
22 21
6 25
9 8
16 19
14 19
16 22
16 6
12 16
19 5
19 21
4 2
6 19
2 25
15 18
17 8
24 24
5 18
13 23
7 2
2 12
13 1
3 14
25 7
5 2
21 17
17 1
1 15
5 6
21 8
17 16
14 1
16 23
4 9
7 13
12 11
3 1
22 8
13 20
1 2
12 18
3 20
6 13
3 10
15 3
24 2
20 25
25 21
24 1
22 19
6 23
7 11
15 12
11 9
22 22
22 12
12 12
18 22
11 5
18 13
11 25
24 3
5 24
16 2
23 23
20 22
20 21
8 20
22 11
18 25
18 18
15 15
14 2
23 12
15 20
25 25
16 13
18 13
21 20
14 14
20 1
6 23
14 17
24 14
22 24
6 5
7 24
23 21
8 4
22 19
4 24
3 7
23 12
12 11
4 14
22 11
16 21
2 7
24 25
9 16
21 20
3 2
8 18
10 3
1 14
10 8
23 7
20 1
22 5
7 13
8 15
2 1
4 2
3 25
9 1
25 12
4 17
4 8
3 11
12 13
25 11
8 12
6 8
9 24
13 7
23 6
3 10
2 19
9 15
18 12
4 13
22 11
16 23
16 4
20 25
12 6
2 3
17 15
15 17
17 2
3 12
17 5
12 25
10 18
1 22
6 24
6 6
6 11
19 7
22 8
19 8
25 24
8 7
4 21
19 23
17 10
19 13
4 22
7 13
16 21
23 10
16 3
15 17
15 21
3 14
21 3
21 21
12 2
5 8
24 9
21 15
5 14
3 25
15 20
7 23
9 20
7 9
15 12
9 6
9 10
18 18
24 10
13 8
9 10
19 9
17 7
1 18
19 17
2 22
20 7
18 9
13 11
19 18
23 14
19 14
1 8
14 15
19 14
22 7
2 2
10 20
25 23
25 20
7 14
16 21
14 24
8 24
3 5
19 20
19 21
18 24
22 10
3 20
2 11
4 24
4 2
17 18
2 17
24 5
19 4
23 2
16 16
22 20
2 5
23 17
23 11
14 23
21 14
5 19
12 4
17 4
5 11
14 1
6 25
24 22
3 1
19 12
11 21
15 1
18 14
16 7
23 3
17 8
6 19
17 13
9 12
15 8
9 21
3 19
5 6
2 18
21 18
9 9
16 22
22 9
2 8
19 6
17 15
13 17
4 20
15 10
17 3
7 11
14 13
24 16
7 13
14 4
10 24
4 14
14 16
6 5
4 8
11 17
16 15
13 6
23 12
25 20
3 15
19 3
11 9
19 11
2 12
2 16
5 23
