282 376
4 32
6 19
6 27
26 31
35 33
16 29
24 7
26 19
7 3
2 19
6 28
16 26
31 34
35 16
5 18
10 28
2 25
2 10
23 22
7 13
1 32
26 15
29 27
35 5
17 29
35 20
35 32
19 11
14 19
28 9
6 26
10 35
24 28
21 24
11 16
25 6
22 30
5 33
18 3
21 34
20 29
5 26
19 25
6 33
13 11
23 14
34 6
15 4
6 15
30 10
12 16
23 2
14 22
34 24
24 3
31 1
17 13
30 34
2 35
24 11
12 27
14 12
26 9
35 31
31 22
19 15
4 22
32 12
7 35
19 19
10 7
6 24
14 35
13 22
15 28
13 26
1 16
32 32
24 10
26 17
31 11
8 5
33 13
30 26
6 23
24 29
10 22
31 19
35 17
8 18
11 17
25 30
22 3
16 23
5 6
27 30
10 8
20 6
1 9
16 27
20 28
35 9
30 11
13 3
20 21
16 10
30 6
4 25
23 13
12 35
32 8
22 24
19 16
19 18
27 35
11 9
22 1
18 10
12 23
22 19
26 10
3 35
20 11
24 26
4 20
32 2
20 5
7 6
21 35
19 23
7 11
16 5
31 4
9 29
19 12
29 23
7 12
8 34
12 33
9 17
11 1
3 26
22 2
1 5
24 24
2 3
11 8
11 33
7 17
11 11
8 31
27 24
17 6
34 35
12 9
2 31
1 35
11 2
24 13
8 23
4 10
20 19
30 19
24 1
19 1
18 34
4 3
32 17
18 16
12 1
30 21
24 33
8 30
23 10
3 14
10 9
9 8
9 16
8 15
4 23
11 23
26 21
21 15
23 9
19 10
25 34
35 11
3 8
12 26
14 4
5 4
9 13
8 17
27 28
32 23
5 14
2 17
17 25
21 2
1 18
14 16
12 11
4 1
14 6
20 23
15 25
22 17
28 12
3 11
33 1
7 22
20 22
30 12
4 18
31 31
8 2
2 16
29 6
16 3
7 23
13 5
5 27
16 6
15 15
31 20
31 24
22 5
34 17
9 31
17 24
19 32
14 14
14 31
14 30
7 20
25 24
11 21
13 28
13 6
30 23
26 8
1 6
1 30
21 16
32 13
17 33
15 7
22 33
20 25
23 24
33 21
3 34
10 27
32 21
31 21
5 17
18 14
34 23
29 15
14 17
20 20
17 27
18 28
27 11
16 20
23 31
18 29
11 34
12 5
3 23
20 13
19 21
21 1
28 23
18 17
27 8
18 26
2 18
19 3
11 4
9 15
7 14
26 4
10 30
35 33
26 20
4 24
28 29
4 11
24 4
12 23
14 24
25 4
24 1
17 6
32 13
9 34
7 12
4 14
15 6
31 23
8 3
2 16
18 16
23 10
30 5
23 34
17 26
25 33
12 35
24 29
32 21
17 6
19 18
11 28
16 16
18 15
16 10
21 13
21 4
7 27
17 12
3 16
18 35
26 13
31 31
24 14
8 23
16 13
11 4
7 7
19 33
13 1
30 26
20 22
3 12
15 22
17 32
12 5
30 13
31 19
12 33
18 26
4 5
5 35
18 14
10 8
22 19
7 32
31 18
19 1
17 14
10 28
34 29
30 20
22 32
24 24
12 9
31 1
6 4
26 3
2 6
13 22
14 32
10 16
18 14
22 34
30 8
23 22
29 24
24 15
10 2
18 29
18 17
34 27
25 9
29 23
25 34
8 5
25 23
20 2
17 22
4 14
20 30
11 1
2 32
13 3
3 35
18 34
16 4
22 4
24 11
12 16
12 29
20 35
35 21
22 26
9 9
35 1
2 10
11 19
3 6
30 29
17 4
12 12
16 2
23 27
19 26
10 28
4 23
24 31
2 32
6 34
18 27
3 16
31 25
34 18
35 2
14 14
22 11
21 26
20 22
16 20
13 16
15 32
17 16
17 25
15 6
31 26
32 22
10 2
23 20
34 15
20 11
31 23
8 11
32 35
28 23
27 27
14 18
8 22
26 31
12 26
29 20
32 19
1 18
9 23
12 27
29 22
24 1
20 33
7 6
1 7
22 3
10 9
21 26
16 9
23 23
1 19
17 22
13 24
7 24
1 10
18 26
15 22
35 14
22 30
21 8
16 29
7 13
3 4
17 12
33 9
3 30
16 7
26 8
14 31
14 31
33 32
23 19
27 34
12 7
10 8
10 6
9 11
20 17
9 26
9 1
2 11
29 6
5 12
26 1
32 24
26 15
17 7
15 29
17 32
24 24
17 8
2 8
26 5
16 17
21 26
31 19
31 33
23 10
20 22
14 35
4 20
5 29
16 33
1 31
33 29
4 24
13 23
19 17
35 34
28 27
27 6
19 33
34 28
11 17
2 31
29 3
16 19
19 18
23 20
24 23
22 25
6 29
18 1
18 5
2 5
18 24
3 16
2 8
15 8
34 11
34 18
2 31
31 28
23 8
31 21
21 2
6 7
7 11
23 7
18 8
9 18
31 24
13 32
15 28
29 6
20 19
11 32
5 27
35 21
28 16
17 25
17 11
1 2
11 31
12 5
29 16
14 27
17 26
8 32
7 22
14 8
35 2
9 17
16 12
10 7
21 19
33 1
10 20
33 30
2 16
21 12
6 24
11 2
24 20
3 21
35 15
19 19
10 16
11 17
4 1
17 8
32 19
27 24
17 29
34 11
1 14
14 14
24 28
2 17
15 6
33 33
6 18
35 11
21 13
20 16
17 2
21 14
3 24
12 9
32 19
26 16
31 27
13 3
27 7
14 28
1 4
21 27
11 29
17 7
26 8
34 28
13 26
31 11
18 32
23 16
9 20
9 1
27 5
6 4
2 4
24 31
26 28
1 11
17 15
14 4
25 14
6 12
15 2
22 4
7 24
5 3
12 11
33 16
30 14
14 20
24 29
28 13
17 34
28 18
35 6
11 31
24 18
8 5
28 19
6 2
14 31
29 10
17 7
32 25
31 32
