303 236
90 143
141 116
34 98
45 34
55 115
11 108
133 104
105 26
65 125
51 134
65 45
15 99
69 107
56 11
61 63
122 62
39 68
99 23
56 66
91 80
93 34
15 118
81 80
124 117
127 70
93 80
113 134
9 137
75 33
103 114
105 109
13 74
68 48
24 102
101 30
10 70
42 48
80 87
58 100
50 20
75 56
6 25
13 127
125 28
78 35
5 104
27 124
100 27
64 51
63 134
137 20
47 23
21 48
20 146
109 78
146 128
1 122
83 123
30 76
75 16
107 104
128 126
77 103
130 114
110 22
26 12
83 46
98 53
4 108
27 15
23 65
144 63
79 72
70 49
49 78
62 48
17 126
66 42
102 40
128 52
16 43
14 76
11 127
88 52
48 26
33 136
141 91
69 91
46 122
23 61
1 26
111 79
134 64
11 15
128 1
84 74
113 67
21 138
56 96
93 135
132 75
56 38
28 64
61 99
63 66
143 17
49 68
38 141
22 37
31 11
4 97
14 142
115 81
56 138
66 124
11 24
25 40
83 120
112 4
36 1
100 127
104 94
47 69
133 16
142 141
81 2
53 107
90 52
4 7
83 53
50 32
100 145
2 54
2 60
106 18
24 141
110 68
80 125
113 36
102 112
98 10
99 101
129 29
72 100
15 68
53 106
84 93
128 17
64 66
5 30
60 14
131 35
133 81
90 113
143 20
43 121
94 28
55 6
105 100
53 27
105 93
42 10
48 24
34 116
3 146
110 73
144 132
58 73
136 39
18 133
127 87
88 95
60 142
63 104
46 11
2 58
119 50
130 101
106 135
64 27
6 8
55 90
143 5
107 138
134 16
76 7
52 5
88 103
28 146
115 25
42 77
78 125
143 30
105 20
79 9
87 117
136 134
59 66
137 91
100 39
27 23
62 82
96 144
14 143
122 121
41 56
18 38
119 7
132 123
134 59
72 145
115 56
73 135
117 48
42 125
84 143
78 90
126 52
49 23
12 131
78 42
32 115
105 64
55 39
137 11
54 97
120 37
38 135
91 133
41 118
85 143
144 86
6 78
31 139
63 143
21 73
10 108
59 43
124 4
51 9
30 50
86 20
107 36
143 57
65 141
125 59
22 56
59 16
11 73
48 36
63 86
14 111
30 68
18 99
21 100
101 128
62 39
141 128
108 100
78 101
106 49
32 51
58 90
124 80
93 22
110 50
121 120
4 58
11 67
16 110
62 16
118 64
108 123
100 57
17 145
122 133
62 145
79 28
117 145
37 75
26 2
111 112
30 83
39 35
27 95
42 18
74 29
55 103
6 130
136 137
90 99
131 132
87 98
72 14
44 31
88 29
55 28
139 122
47 112
36 116
110 126
38 9
62 141
94 66
86 21
53 27
141 128
11 67
129 2
46 11
21 20
122 85
6 111
34 95
53 60
109 46
140 76
41 143
109 78
39 46
106 53
42 117
90 117
92 38
95 5
32 122
48 42
129 93
120 121
11 127
138 56
18 105
45 14
134 51
38 135
92 118
8 36
44 45
107 138
21 59
22 33
46 89
3 38
104 33
83 123
42 125
12 15
134 134
56 22
65 125
25 70
7 67
125 13
64 66
69 91
3 56
73 55
85 33
14 11
22 20
58 17
137 36
132 115
56 85
37 22
6 141
42 3
48 117
37 22
37 54
98 10
11 15
22 130
120 68
4 103
119 104
30 83
53 131
53 52
27 53
108 83
28 16
98 57
96 17
132 131
93 135
130 101
88 14
63 63
9 119
145 6
109 7
36 107
48 62
97 103
36 133
101 9
28 64
35 1
99 15
131 53
146 28
79 110
40 35
134 63
132 8
134 16
59 16
100 105
77 127
15 99
142 67
133 16
144 47
12 26
40 68
69 37
104 110
108 34
69 47
96 3
143 63
35 84
128 117
118 53
101 35
64 27
58 78
7 119
49 106
18 133
79 44
5 104
58 45
99 33
100 39
65 74
136 39
16 43
25 31
2 54
88 7
10 60
47 24
9 38
98 62
37 39
48 26
100 108
130 114
87 66
78 42
39 100
3 70
120 5
130 145
64 1
95 113
21 6
18 99
133 5
1 120
31 44
40 113
10 94
49 68
120 83
57 23
27 68
105 69
111 112
100 57
48 42
73 44
30 33
72 30
97 42
68 30
52 135
47 112
22 146
79 92
80 46
106 135
59 134
100 90
60 14
100 126
144 71
114 36
64 28
102 10
144 134
94 28
59 107
53 144
37 120
7 7
55 142
15 139
16 42
22 90
25 71
27 71
18 31
47 55
122 47
16 72
118 64
75 36
143 17
30 59
104 107
61 55
126 45
67 28
55 115
123 90
134 106
38 137
112 3
27 100
35 104
2 60
22 139
106 135
135 35
50 139
65 23
66 64
9 95
4 117
10 42
144 86
146 124
50 24
4 90
6 14
105 26
