313 396
51 60
77 68
78 89
18 8
68 8
26 80
22 71
81 84
89 66
53 50
65 15
18 47
27 90
89 90
27 14
84 27
5 37
46 83
44 48
58 43
14 75
52 84
43 55
53 74
43 68
89 89
19 79
31 36
30 70
16 68
71 44
1 13
3 1
54 79
68 64
68 56
26 27
40 9
10 4
79 50
21 28
19 23
33 16
64 14
55 77
89 72
7 49
59 76
17 67
67 76
49 22
3 63
36 18
33 18
56 12
10 39
39 84
30 78
86 15
79 60
29 53
88 58
70 11
68 74
50 84
58 10
17 12
24 18
63 57
76 43
55 74
23 38
21 8
32 34
49 9
4 5
35 10
45 29
12 60
48 50
38 61
1 86
51 91
69 65
64 37
32 63
75 85
71 47
75 17
64 84
50 52
31 84
26 62
60 65
63 11
7 50
40 48
64 62
54 91
29 1
22 75
21 44
9 55
31 33
54 90
51 72
49 2
33 5
46 85
20 47
34 41
66 59
81 14
76 49
68 52
66 34
12 82
71 60
46 54
53 28
27 55
43 21
25 5
43 54
66 58
84 44
27 30
88 85
60 52
82 11
83 59
10 7
93 79
23 63
32 64
23 52
14 17
45 13
88 17
33 10
18 32
52 73
18 31
11 2
38 26
65 68
54 59
64 85
28 91
69 15
6 88
63 88
50 77
27 80
93 61
39 20
85 7
74 21
41 57
83 60
46 88
17 81
55 17
58 46
69 12
86 45
9 79
4 57
3 2
47 13
26 64
24 35
80 60
46 76
33 34
41 56
90 60
44 12
31 10
1 7
28 64
11 6
79 51
19 51
13 39
22 47
93 57
79 79
74 93
59 26
33 61
19 30
79 30
10 45
27 47
32 61
30 43
60 35
47 65
11 66
39 12
62 13
39 68
49 32
45 76
57 16
1 63
73 93
20 1
53 63
55 56
61 81
61 19
37 59
1 57
68 57
85 93
21 61
43 43
18 52
16 81
87 48
24 4
75 25
8 88
30 25
26 93
57 6
12 6
40 81
68 4
6 51
38 37
23 46
86 40
26 54
67 13
24 2
76 82
42 52
20 22
11 68
47 19
4 89
87 9
64 45
39 45
88 14
34 15
92 52
8 12
53 48
10 88
30 53
69 81
33 79
45 65
29 64
52 12
59 15
5 85
44 67
69 49
57 9
51 92
27 91
44 32
19 88
12 25
83 73
93 64
80 68
49 65
53 20
10 10
10 30
24 57
76 80
26 77
12 85
81 50
58 67
80 10
39 87
89 63
58 12
31 21
68 27
12 16
24 54
18 88
41 87
91 48
85 45
28 24
68 5
63 76
44 70
53 5
69 69
11 41
76 73
57 91
44 20
38 40
33 65
28 48
11 31
46 32
30 92
92 63
36 86
60 64
35 46
7 30
91 7
87 36
86 35
69 69
86 64
16 33
9 34
50 61
11 68
42 45
93 59
59 64
81 17
15 9
55 56
11 6
60 52
88 63
15 69
16 84
57 74
85 58
18 5
5 49
24 2
10 21
41 18
33 78
46 83
67 18
2 10
47 13
20 55
32 44
11 70
34 66
84 55
82 76
33 85
7 37
71 37
53 34
31 2
67 79
3 43
48 53
73 74
24 74
84 52
66 5
10 39
53 32
10 35
51 40
54 31
7 73
15 13
2 11
16 8
83 76
32 81
34 89
84 53
40 59
17 24
53 80
4 39
19 87
86 44
58 31
16 91
87 45
4 51
87 39
90 25
57 12
72 2
36 86
47 20
32 13
13 47
81 43
11 2
31 85
79 79
5 78
67 44
41 85
4 42
88 10
20 49
85 88
30 27
5 55
84 31
61 21
18 8
89 36
87 39
83 27
42 45
1 29
23 63
55 49
33 10
11 53
83 41
65 45
64 37
23 46
19 55
14 88
73 4
62 64
4 88
10 43
34 91
6 51
24 28
54 59
70 4
56 38
84 27
19 38
69 49
47 20
17 76
12 33
58 88
63 17
76 66
47 13
31 63
47 14
82 35
92 4
82 16
55 51
8 68
77 38
62 49
7 25
30 38
33 20
38 62
9 38
63 8
41 49
57 68
26 57
91 28
81 71
84 37
55 53
19 33
43 53
24 35
61 28
10 80
5 50
52 62
89 78
59 3
4 59
62 82
68 60
93 26
11 15
58 50
57 51
12 15
28 54
16 12
56 81
52 84
50 26
64 71
36 51
6 41
43 13
75 25
25 62
57 65
21 66
76 14
66 92
23 87
9 55
15 39
83 76
35 42
26 38
19 26
8 68
30 30
20 73
45 43
60 35
11 57
22 32
47 85
19 61
16 5
9 40
16 57
50 45
40 83
60 64
83 59
33 13
41 88
46 76
37 38
41 57
15 13
14 14
85 41
12 72
58 66
5 53
23 52
46 52
83 46
20 35
12 49
14 39
10 40
80 76
21 59
21 42
87 48
26 77
81 40
93 51
6 56
39 13
64 47
62 6
70 27
73 2
4 71
5 25
76 80
34 53
53 19
48 92
83 22
68 93
43 87
36 86
50 79
49 79
36 6
26 59
9 66
30 79
44 70
22 88
20 76
57 48
17 81
32 60
21 47
77 57
85 88
46 86
39 77
19 88
68 65
71 55
19 85
93 60
64 5
92 74
71 60
24 60
69 20
28 38
57 41
70 9
19 60
12 85
10 43
74 3
31 87
5 69
71 47
30 31
79 21
61 55
59 76
86 42
70 1
4 57
84 12
7 1
18 36
23 27
16 86
6 88
55 27
70 12
19 83
51 5
66 39
67 32
4 44
38 61
57 24
51 19
57 84
3 13
71 41
84 85
69 47
60 8
71 49
14 85
7 61
10 4
30 78
15 36
6 88
76 40
30 14
64 68
23 19
39 42
75 22
15 85
52 18
83 59
19 17
12 52
10 58
92 27
85 46
57 91
27 68
10 45
57 1
84 4
40 45
31 78
91 7
31 44
22 34
75 47
14 3
54 86
93 77
89 35
51 80
29 50
14 46
60 50
14 6
65 75
71 85
26 62
5 68
12 52
61 73
51 51
67 49
91 51
31 81
18 8
10 30
6 85
48 50
63 18
51 64
82 77
87 48
38 44
29 64
84 41
91 51
66 61
85 71
2 5
70 6
52 56
31 62
47 71
91 2
59 40
57 82
65 24
57 68
38 46
24 39
83 46
