85 296
8 23
38 12
5 5
5 25
38 8
41 41
65 64
7 45
54 13
40 19
63 22
39 32
53 25
37 50
24 59
55 18
47 35
39 52
53 50
63 5
35 65
21 8
19 10
63 40
48 22
57 9
58 60
4 48
61 32
43 6
29 59
4 36
19 2
6 20
13 46
57 65
30 57
42 36
25 29
32 55
30 19
32 26
39 6
16 50
38 33
24 37
1 50
34 2
39 43
31 19
47 53
50 20
40 37
30 23
19 26
29 64
58 40
7 14
38 44
10 12
36 52
27 2
26 33
31 48
49 30
44 24
38 53
44 39
17 33
40 64
59 27
51 39
31 45
33 61
33 8
39 39
18 45
10 37
9 11
32 20
52 4
21 51
6 61
12 1
3 35
15 37
53 28
32 61
2 50
21 44
25 56
47 33
26 10
9 2
4 65
34 35
19 36
24 44
13 3
30 32
46 52
10 20
9 6
35 61
40 8
45 33
5 43
36 4
5 28
64 65
50 51
39 52
59 27
42 10
59 24
33 26
38 7
59 24
18 21
59 30
64 40
39 33
52 25
35 63
3 35
38 10
18 43
26 29
61 1
50 53
31 48
48 53
54 61
55 48
30 3
57 30
10 37
48 41
27 2
36 4
26 22
65 64
36 42
6 39
55 5
11 8
53 8
59 5
57 30
33 5
7 7
48 4
7 11
8 42
27 2
34 25
55 27
35 25
59 29
31 3
52 2
64 4
24 22
55 60
10 19
46 26
30 23
5 63
4 62
51 23
15 23
65 22
29 16
26 5
52 52
10 63
44 12
8 46
45 18
64 40
48 4
62 54
56 65
43 2
26 9
22 48
23 62
40 20
4 41
30 41
26 33
17 32
53 25
25 53
9 57
37 56
39 52
13 46
34 28
45 22
38 25
2 34
37 10
30 44
37 50
14 12
41 50
57 9
42 36
28 59
36 64
16 56
4 21
39 39
8 49
8 51
63 24
44 12
32 20
17 33
44 64
56 30
13 46
22 3
6 20
57 30
19 53
59 56
7 1
8 61
17 47
18 41
22 10
49 20
44 47
29 42
54 25
64 29
14 7
1 50
62 15
26 33
12 38
13 46
13 58
11 4
49 30
6 62
59 55
26 41
58 47
48 22
15 11
15 21
14 7
44 24
39 61
2 47
28 13
52 55
17 36
61 32
33 17
62 24
33 34
41 5
53 38
27 20
8 59
31 14
23 25
16 63
63 1
58 28
41 37
32 20
28 60
23 39
39 28
14 3
23 30
12 10
55 51
57 49
43 23
64 29
18 55
14 7
26 11
55 32
64 25
22 19
19 52
47 53
42 36
50 52
61 6
7 22
11 5
54 5
29 57
35 19
58 40
65 46
50 12
16 22
11 9
55 47
26 19
4 12
42 41
1 38
38 12
65 54
59 45
49 30
54 25
59 29
31 40
15 49
2 27
18 59
48 36
58 40
63 5
39 56
20 19
14 61
21 18
37 24
31 19
46 63
57 33
52 50
61 60
22 49
38 53
19 30
30 57
22 63
22 59
33 51
6 41
35 60
21 56
20 6
34 15
59 4
39 63
30 41
30 23
39 43
52 39
44 39
9 47
59 9
30 57
4 8
49 18
12 37
47 53
33 61
20 32
59 60
34 16
25 29
2 19
29 59
19 47
22 17
39 43
37 35
31 44
36 39
23 8
49 35
59 27
33 44
45 7
55 18
52 39
