358 95
64 52
23 24
8 11
63 6
62 64
42 42
53 61
43 54
39 59
2 20
62 24
52 20
47 28
2 50
53 51
17 51
5 18
44 49
22 36
7 27
47 29
43 14
26 53
65 63
10 18
17 59
36 50
11 24
11 45
52 57
36 43
64 5
60 3
26 35
33 25
10 2
31 36
10 31
42 54
53 37
60 10
19 41
32 48
31 40
24 17
27 35
59 31
43 19
5 32
12 44
40 27
14 18
5 1
46 40
7 30
58 58
50 7
50 22
37 10
17 6
22 33
25 13
60 27
65 25
32 1
52 14
46 16
39 31
54 33
61 52
59 29
28 55
49 18
64 18
63 4
25 6
57 61
2 9
61 16
32 52
33 52
13 48
23 6
30 46
9 49
20 5
26 47
26 1
46 17
60 48
24 10
49 57
52 44
1 31
37 35
5 17
10 12
51 20
48 1
32 54
45 61
59 34
13 50
42 55
7 37
22 9
13 33
2 7
29 50
7 65
44 28
65 41
44 10
27 25
57 6
34 50
1 44
49 14
24 19
59 15
21 12
62 18
4 11
22 23
9 27
34 35
44 23
12 65
43 56
32 49
5 48
27 16
20 41
12 43
26 13
56 10
56 22
29 41
11 20
29 45
41 16
22 47
9 58
2 5
57 41
19 16
7 6
60 32
1 46
42 57
25 36
26 59
48 44
60 65
7 35
61 8
46 6
62 8
33 42
43 21
17 14
27 53
16 65
53 63
40 37
39 60
58 42
46 3
35 54
60 45
25 52
33 53
24 38
8 25
52 55
10 7
43 7
24 20
41 53
40 62
31 30
58 26
10 17
38 26
50 11
7 12
28 39
63 57
6 50
51 19
46 7
10 25
27 56
7 52
60 56
14 40
21 48
32 12
28 34
41 14
2 11
62 27
15 51
33 46
25 39
35 28
65 64
17 12
16 52
21 57
21 36
13 36
2 39
18 39
53 19
4 50
52 22
51 56
60 61
33 47
29 48
17 16
54 10
51 21
23 25
6 14
12 33
21 14
39 35
22 65
39 46
20 9
34 45
9 21
61 23
61 25
62 59
8 21
56 29
12 4
29 2
44 22
17 4
30 36
3 59
5 7
52 23
31 3
2 25
48 30
1 40
8 19
64 26
35 43
64 16
53 6
34 47
13 45
4 55
41 18
3 40
55 9
53 62
60 11
51 49
6 6
56 44
13 21
11 22
53 35
28 27
9 44
11 56
52 41
64 59
35 4
60 40
56 61
43 27
43 41
28 2
9 63
22 54
10 34
25 46
46 59
6 55
49 61
19 37
59 57
22 2
18 12
23 56
27 12
38 14
52 24
15 47
36 63
27 17
45 1
6 13
55 22
30 41
31 23
54 38
17 54
63 46
31 49
60 35
55 18
60 31
22 15
61 12
49 3
31 32
1 18
22 31
64 41
9 18
46 36
37 1
43 23
7 49
39 54
58 1
10 22
56 41
52 50
8 31
43 31
40 25
61 58
20 60
8 15
51 10
44 44
3 55
32 14
15 62
55 11
40 59
35 57
40 65
16 38
10 20
60 58
16 37
46 31
21 55
8 5
34 63
13 18
59 25
53 15
61 51
35 46
47 12
52 39
51 10
59 9
20 47
19 43
51 56
50 8
60 20
57 43
56 41
7 27
10 56
21 55
21 36
46 40
31 49
10 60
33 3
29 60
54 26
26 31
42 56
12 33
40 60
59 39
2 9
47 63
54 59
12 65
21 42
41 12
4 55
17 27
18 49
17 59
8 23
29 31
9 43
50 43
63 57
24 35
47 34
41 47
6 45
1 23
45 39
13 65
42 55
15 13
14 49
17 35
27 65
65 3
45 47
51 34
47 15
35 41
64 32
60 19
32 1
37 29
9 22
10 61
34 56
23 31
31 38
33 63
11 2
61 25
28 15
24 15
16 5
33 65
43 7
7 40
5 55
17 18
59 31
11 16
43 43
30 52
2 26
53 50
60 56
44 45
6 53
18 62
37 63
28 61
32 5
41 18
41 51
52 9
27 40
64 20
1 46
