262 166
26 38
115 43
59 37
88 76
5 86
30 121
64 151
32 96
78 61
2 128
25 118
1 23
5 139
96 62
10 145
61 124
53 57
56 123
4 80
143 88
151 46
29 129
120 39
138 76
86 115
82 5
110 22
29 88
110 13
64 104
131 51
40 106
110 80
47 47
27 25
27 47
115 148
11 143
116 52
67 28
60 107
60 22
28 147
93 142
127 30
26 80
72 42
148 41
9 133
35 53
65 48
131 28
81 142
98 89
82 108
4 52
155 34
48 101
100 108
106 113
77 98
142 128
73 81
36 66
133 35
37 114
142 141
136 137
22 51
40 25
141 151
137 45
110 134
29 142
51 31
98 3
19 69
25 21
14 140
49 134
74 130
44 139
137 104
101 107
49 70
62 146
111 31
4 53
7 114
73 80
156 72
93 134
63 131
88 131
100 138
14 92
81 82
5 91
97 12
23 33
128 77
8 72
121 66
18 32
89 104
137 56
86 70
66 65
26 144
66 115
85 140
132 145
80 31
103 122
100 71
153 47
74 78
105 79
156 65
42 120
123 50
155 100
151 142
54 24
44 91
80 112
27 18
103 71
8 60
127 137
45 151
17 14
31 26
77 56
54 112
34 59
75 41
107 124
14 49
44 12
114 90
49 30
16 84
6 24
146 83
133 70
15 81
47 36
150 21
17 78
129 123
54 100
48 116
92 110
15 12
101 32
66 51
106 114
134 137
154 44
132 118
84 96
100 137
120 68
117 138
113 105
96 117
67 56
14 145
127 84
6 50
76 24
78 35
27 63
4 139
92 38
48 80
103 98
40 135
107 95
40 153
118 111
153 126
109 118
4 93
23 10
54 97
4 62
135 61
57 136
147 29
16 111
27 136
112 30
22 7
149 58
147 139
93 78
147 86
1 144
78 118
90 7
62 114
71 53
99 33
132 16
54 144
98 79
111 107
55 95
113 156
122 27
52 107
133 60
154 11
5 13
103 146
42 147
34 32
6 6
93 126
66 76
40 39
112 102
57 18
55 115
44 25
55 133
133 69
113 83
6 136
118 11
39 149
78 27
61 132
15 99
65 35
148 154
27 139
104 63
20 124
142 56
41 37
2 27
92 36
52 84
53 135
47 118
23 131
49 13
147 19
33 59
56 64
89 46
23 4
77 13
61 65
16 151
90 8
133 116
61 77
140 1
127 9
141 54
69 30
71 123
51 68
41 73
32 106
152 44
60 45
4 52
127 118
81 82
127 93
70 60
127 137
6 6
66 10
8 73
54 56
52 155
31 38
31 111
63 82
115 55
98 11
147 116
101 48
70 133
6 75
24 76
110 10
87 123
43 143
92 110
132 102
71 105
123 89
124 61
11 126
27 128
39 40
42 107
52 13
36 92
139 147
12 44
36 66
1 126
69 19
21 41
9 48
96 127
142 93
130 11
35 42
54 112
66 115
11 124
136 34
102 35
97 126
142 93
42 147
116 52
82 108
115 135
31 51
114 18
116 69
60 49
137 74
41 140
57 56
2 154
101 5
131 23
135 61
71 53
123 52
147 81
23 18
27 89
34 69
60 22
101 121
39 22
26 80
77 84
39 74
82 8
117 9
74 78
16 33
148 24
8 42
48 55
111 118
128 78
135 122
107 52
26 94
47 101
82 149
136 109
93 4
12 97
101 50
86 49
52 90
97 50
100 138
23 120
88 76
59 33
138 76
118 78
140 123
69 133
66 116
152 121
121 30
120 1
32 67
112 102
99 144
120 39
149 75
134 119
99 35
30 61
7 22
28 87
80 48
79 98
139 147
57 136
38 83
68 139
47 63
56 87
54 128
154 45
24 76
155 34
23 4
44 120
156 72
8 137
38 26
119 24
1 81
127 84
49 3
121 70
150 98
11 143
79 49
106 114
118 111
12 26
133 55
146 83
135 42
113 33
85 12
99 15
