208 380
15 19
13 11
36 33
1 15
37 1
1 16
28 24
2 10
28 1
28 6
31 1
11 9
10 34
26 14
29 8
17 8
8 15
15 29
11 33
1 18
34 29
8 20
3 28
19 36
28 19
21 7
20 1
13 1
15 6
35 18
18 32
3 23
19 38
24 34
11 1
10 26
22 25
4 16
31 15
17 31
28 4
14 3
19 17
27 25
7 13
30 28
7 34
35 15
16 27
32 11
22 4
6 37
9 28
5 13
18 20
14 16
4 25
9 23
27 28
5 28
1 3
16 34
30 31
3 32
20 31
27 26
19 35
35 37
8 25
9 3
17 17
17 4
27 37
19 2
22 30
16 23
28 13
36 4
25 3
21 5
22 17
13 2
24 11
11 23
7 12
12 19
9 24
21 11
18 33
20 17
18 2
24 8
7 26
6 14
34 22
18 28
13 31
11 2
27 29
17 36
15 38
27 9
24 26
26 19
24 27
36 38
23 30
12 18
18 26
7 36
23 23
2 25
36 14
20 38
22 33
35 11
9 18
18 29
17 26
15 4
35 33
15 16
34 31
17 15
6 11
11 8
30 30
3 33
22 32
3 35
6 20
1 7
10 18
15 18
5 22
34 17
30 8
24 31
29 13
38 22
34 27
24 18
17 16
37 36
3 17
11 3
18 21
15 12
7 4
29 29
4 13
21 4
14 17
21 20
3 19
33 1
6 24
7 8
8 5
7 9
4 6
20 33
10 3
23 22
16 12
38 26
14 11
33 23
2 8
35 16
1 22
21 27
3 27
29 35
35 30
4 4
5 37
29 33
5 17
7 29
23 15
3 7
29 36
27 17
14 22
3 3
16 20
14 1
38 5
14 23
19 34
5 36
25 6
26 12
9 32
27 35
16 6
2 24
10 16
4 37
9 6
20 12
38 13
16 18
16 28
34 9
19 20
12 5
2 36
11 15
19 3
1 28
3 14
19 20
35 18
34 33
18 28
21 28
10 23
7 14
29 22
6 27
3 19
21 11
22 2
6 28
31 18
31 13
18 5
19 6
37 8
9 4
28 30
17 19
9 7
2 4
5 23
19 14
7 2
1 16
38 2
18 17
4 28
18 9
18 32
20 36
37 6
26 12
25 4
8 21
2 18
10 21
16 5
20 12
35 33
30 37
12 20
32 34
15 5
29 17
15 12
9 7
6 29
5 1
7 29
31 24
31 21
38 10
37 16
15 24
24 29
28 24
4 37
37 30
20 6
7 11
7 25
23 20
5 12
17 33
25 13
18 38
2 2
1 20
2 31
15 27
12 20
36 2
7 12
1 24
14 11
13 11
9 15
14 16
5 29
15 23
4 10
9 22
34 32
14 25
10 37
8 25
31 15
27 17
16 13
9 18
12 21
10 5
24 16
11 23
6 19
29 32
11 2
25 4
18 33
36 4
34 24
36 9
21 15
4 19
17 6
5 19
17 32
38 4
36 19
2 7
36 9
2 16
9 11
7 8
21 20
4 22
12 8
1 31
9 22
15 20
28 33
9 38
22 25
38 22
8 27
5 15
1 14
32 25
18 10
23 28
9 10
32 12
15 18
9 34
38 20
33 7
11 21
35 16
21 18
35 18
11 27
10 11
23 23
26 10
19 11
22 33
7 12
33 19
35 33
3 28
14 15
13 31
4 31
11 25
37 15
3 17
10 16
24 5
11 2
29 8
32 32
25 31
14 22
3 11
8 2
3 20
37 21
31 15
28 22
23 16
9 18
14 38
8 6
27 20
35 15
28 23
24 30
33 32
7 2
16 10
34 1
16 31
1 22
11 34
5 37
26 16
22 35
30 12
13 4
11 38
26 11
5 21
29 1
34 16
11 35
21 7
16 27
5 25
8 5
37 37
36 27
32 3
17 34
29 36
21 8
32 31
19 11
21 7
18 16
12 20
4 7
38 22
4 17
22 14
2 7
24 14
31 15
37 6
32 24
16 27
35 5
8 20
29 8
24 28
12 27
16 15
6 13
37 36
26 10
12 28
17 20
15 37
14 16
4 21
27 26
24 26
22 18
31 34
4 15
25 34
10 16
1 29
19 14
32 15
24 24
16 34
33 11
15 6
10 34
33 22
5 14
2 25
23 9
6 37
16 5
4 6
5 3
9 3
3 32
32 22
1 15
3 16
29 27
7 32
3 7
10 34
13 10
15 20
35 7
2 35
13 6
21 5
19 38
27 21
8 28
38 36
33 29
1 29
9 18
36 32
30 3
36 24
24 18
38 15
2 11
14 18
13 32
22 36
16 1
15 1
26 2
1 12
12 20
19 28
11 9
12 14
33 3
38 20
28 37
17 5
9 24
24 8
10 14
17 15
22 25
5 19
37 23
31 1
1 30
17 1
15 6
33 10
31 22
23 15
32 3
26 10
8 30
31 25
8 21
37 29
18 31
15 32
28 37
31 27
37 2
14 12
37 2
12 6
38 31
17 8
9 19
26 17
31 29
13 18
24 37
36 28
13 38
9 32
17 35
18 30
13 1
17 3
4 6
18 12
27 26
29 33
22 35
6 12
13 28
25 17
34 19
17 38
9 33
37 24
21 14
33 30
17 11
27 25
8 3
24 20
15 5
16 1
2 25
23 9
3 12
18 13
20 6
19 17
16 20
27 29
18 26
12 9
