315 250
210 205
182 104
12 211
111 1
30 161
149 224
2 111
110 199
34 206
125 224
50 185
159 106
59 183
61 28
120 111
75 2
24 94
47 205
203 113
173 93
188 164
189 137
63 233
57 173
141 229
54 178
176 95
33 1
226 47
232 140
229 143
214 230
33 229
61 145
27 145
87 109
225 62
182 171
189 217
193 165
65 132
165 181
132 189
166 91
173 124
158 145
70 137
154 64
200 205
159 58
51 104
141 219
192 134
104 5
9 33
14 183
135 133
32 106
209 223
165 26
183 203
106 148
84 12
9 62
52 57
233 2
186 127
2 231
90 229
109 22
124 180
23 170
9 187
62 128
168 208
223 5
79 213
92 114
100 215
123 103
102 126
57 230
65 121
30 120
204 40
15 233
73 124
232 149
102 219
49 8
131 221
231 158
183 138
224 14
72 75
197 227
173 91
63 50
212 101
28 26
212 160
47 188
225 222
54 182
48 61
6 107
90 3
159 21
20 165
42 80
57 67
33 180
56 148
77 50
25 230
195 106
230 50
98 83
183 48
209 180
27 44
98 200
81 205
118 141
209 70
189 87
10 94
104 187
40 171
74 39
6 167
90 219
169 183
210 53
141 4
75 136
140 196
29 68
9 128
130 153
18 66
110 49
199 188
114 27
148 1
163 5
168 18
220 177
121 152
115 160
21 136
213 145
224 24
184 222
206 215
232 27
1 207
57 156
26 132
59 27
29 1
76 112
76 185
213 86
144 198
15 27
144 109
75 1
148 110
172 77
175 195
52 194
104 180
95 77
76 68
183 1
3 123
164 127
188 101
15 90
95 25
10 130
46 162
209 69
128 96
69 156
95 218
228 110
9 215
63 188
108 183
3 228
185 56
147 166
70 24
91 120
181 154
204 44
112 134
225 95
31 120
85 80
84 123
230 157
129 43
100 24
157 201
68 153
24 10
193 202
90 215
160 17
171 144
10 197
174 141
170 223
52 146
138 92
214 171
217 60
59 153
117 58
64 16
203 92
162 102
96 47
111 28
211 127
18 12
218 113
1 195
47 2
204 41
191 208
135 76
112 152
40 69
155 95
161 76
75 140
134 101
98 92
35 193
15 180
103 41
58 23
100 226
208 165
214 112
152 176
151 124
64 87
134 69
200 30
32 4
132 98
177 149
213 120
19 46
36 155
229 188
162 103
155 123
177 42
159 19
141 197
206 204
153 24
176 108
132 148
92 188
179 13
35 210
57 218
112 25
180 114
57 169
1 217
38 137
63 82
145 29
201 33
202 183
49 180
59 108
72 63
74 66
37 100
31 134
97 207
151 105
202 157
1 30
27 172
65 120
223 33
77 209
209 6
80 206
202 115
82 195
208 94
50 112
134 212
54 226
86 62
163 72
80 212
104 61
79 39
85 113
79 147
61 67
195 211
123 167
51 82
149 224
70 137
77 209
129 25
155 230
189 132
95 155
176 108
226 74
18 168
193 35
1 103
96 206
233 106
2 24
73 124
109 131
229 92
22 109
97 223
145 84
148 106
16 137
227 30
46 19
214 225
218 132
155 194
72 12
171 214
173 93
223 166
90 98
136 204
102 126
89 123
89 77
197 35
92 129
54 182
214 4
181 25
53 58
224 140
102 60
229 145
79 100
209 223
115 5
119 215
205 200
140 36
110 82
118 75
233 232
136 75
119 67
68 29
204 11
48 183
92 114
204 44
233 54
22 205
135 105
164 188
184 113
27 114
27 172
31 134
124 149
47 188
95 214
4 190
25 44
123 155
49 4
165 181
118 170
140 151
47 96
30 233
52 217
27 145
166 228
182 150
232 149
209 174
163 48
36 9
28 111
95 27
70 97
13 100
196 192
110 199
206 215
1 227
189 172
80 212
215 100
188 199
2 113
138 145
35 190
90 215
221 64
117 126
42 12
95 77
80 100
11 177
138 194
11 41
148 1
205 15
113 85
222 120
100 8
78 97
160 115
24 153
233 207
91 220
226 22
5 44
32 176
77 209
1 33
29 37
7 190
18 22
211 12
9 173
112 3
130 116
85 164
85 8
147 78
164 207
83 81
114 27
91 93
221 3
190 200
152 22
24 5
231 194
79 147
72 157
81 205
69 180
135 45
37 100
141 197
134 69
75 3
192 133
174 118
165 26
33 130
15 233
42 130
164 127
105 151
35 217
231 2
183 18
191 5
153 169
58 117
90 53
105 134
44 128
173 124
70 137
181 120
160 212
37 26
194 68
52 146
158 145
191 213
67 57
117 126
103 41
103 33
173 93
43 56
132 213
59 214
95 104
73 65
91 166
146 87
217 114
179 13
91 220
185 50
163 142
112 25
137 38
94 24
124 207
201 92
52 57
117 146
167 18
96 201
58 109
1 45
228 182
169 25
128 96
82 226
233 108
67 232
165 20
32 114
28 115
94 211
35 154
76 135
214 193
210 205
19 115
156 121
213 120
229 143
150 40
65 53
51 15
110 49
195 1
189 107
160 26
197 68
8 49
104 180
126 102
123 12
135 188
162 109
118 44
42 80
176 212
136 180
63 233
130 10
