271 229
67 66
59 51
21 31
5 28
84 68
68 50
80 62
33 48
30 33
38 43
36 83
18 83
19 53
57 75
14 8
70 72
12 86
43 75
35 5
87 5
56 87
65 7
69 32
55 30
40 55
12 74
57 77
21 14
72 52
48 76
56 56
10 8
30 27
20 17
81 81
6 87
50 23
53 20
22 78
83 75
76 45
16 40
54 33
35 3
37 79
49 80
61 64
29 85
16 28
39 14
12 25
29 36
20 15
20 7
55 37
67 67
19 83
35 58
53 74
33 51
57 32
82 75
8 50
43 25
78 64
85 80
31 78
54 17
5 37
76 85
78 39
61 50
56 48
61 18
45 20
17 35
22 68
16 6
35 8
58 86
57 39
17 34
16 18
44 56
61 49
17 83
64 26
10 36
87 69
23 44
75 87
51 79
51 11
4 4
36 78
47 25
34 30
59 75
44 63
56 9
12 21
62 56
82 26
43 7
56 47
82 9
8 34
30 64
7 83
55 76
71 79
48 65
33 50
76 57
4 61
64 18
82 48
50 48
33 19
51 15
16 9
61 75
55 29
2 33
10 73
29 40
83 3
16 76
42 86
50 44
55 13
54 82
36 2
64 44
71 68
29 60
7 15
50 78
16 55
83 31
42 17
85 23
79 25
81 54
69 6
53 26
34 18
20 25
27 61
18 71
72 44
51 41
34 29
31 7
85 51
22 62
15 36
70 69
86 44
72 11
36 33
41 73
57 45
62 2
26 24
12 80
63 61
2 87
49 87
35 31
59 29
29 9
74 44
48 13
56 26
34 83
22 73
84 64
79 2
47 44
43 68
48 49
20 30
78 86
56 12
78 24
43 54
39 13
25 74
48 2
27 40
42 7
76 11
11 35
1 53
85 43
5 7
54 34
17 80
4 13
85 22
58 74
73 31
43 9
67 13
73 32
31 39
19 28
30 60
50 37
81 13
72 51
84 67
38 19
54 19
17 66
51 83
69 57
52 63
27 25
85 45
52 20
36 3
29 30
40 78
75 54
12 19
50 54
1 69
34 64
56 33
4 20
34 16
28 62
55 25
30 2
32 22
9 69
39 32
11 21
44 1
37 36
24 21
31 4
70 73
14 83
48 46
56 76
79 87
84 41
73 71
81 47
77 46
45 37
4 43
83 65
39 60
77 85
52 76
54 48
41 70
52 69
36 1
10 21
75 64
71 55
7 62
34 38
25 41
65 68
25 42
85 16
17 4
12 25
20 53
56 76
77 46
38 51
66 28
84 68
60 76
45 55
8 14
79 60
56 47
43 38
83 3
26 57
37 28
61 27
69 57
76 78
83 17
49 11
52 69
74 53
76 29
54 47
25 38
13 54
69 47
40 9
32 27
22 47
51 9
26 47
75 64
56 83
60 22
42 70
1 83
68 17
47 4
59 20
23 22
75 83
82 25
87 15
2 62
35 33
29 60
40 27
19 54
21 12
80 17
32 22
82 9
31 20
22 82
19 73
85 45
29 60
26 82
19 53
19 4
70 7
2 87
70 78
52 52
81 47
65 10
48 62
25 24
56 9
21 31
16 16
1 30
55 46
57 85
27 40
29 40
85 77
66 54
7 42
41 58
52 82
25 80
83 70
75 59
59 51
21 78
31 35
82 86
25 79
18 35
83 31
25 43
25 74
49 80
13 71
8 31
8 55
62 77
11 62
1 1
14 21
59 1
54 84
81 42
86 78
70 56
21 31
11 21
45 29
30 60
24 63
83 70
38 1
75 29
20 25
52 72
3 65
31 67
18 34
25 9
7 31
53 67
39 71
6 9
86 12
71 68
40 35
70 46
77 7
23 38
18 64
34 64
37 83
75 14
55 27
13 75
75 82
55 17
67 20
31 40
48 43
82 58
69 35
85 77
57 75
74 21
59 29
27 25
85 45
72 50
14 18
28 19
62 28
85 51
2 87
72 51
24 5
31 73
77 46
47 73
28 38
32 9
39 31
43 7
61 61
67 40
23 44
28 19
19 9
2 21
21 10
65 7
85 24
53 22
32 32
30 33
16 86
5 81
60 5
75 87
17 80
34 25
51 59
12 40
2 30
35 68
64 29
57 4
54 35
8 74
83 17
34 30
12 21
44 1
76 5
83 19
33 78
51 11
85 23
35 27
62 61
7 31
16 65
12 57
66 4
43 4
67 66
17 63
42 31
37 84
68 84
4 70
30 27
10 32
84 67
44 9
15 50
41 48
68 44
77 18
31 26
13 46
6 13
53 84
36 78
