20000 8153 4486
8782 7173
5729 10912
8969 3611
18453 19707
2691 10651
522 9230
10837 4540
4199 1000
1123 2347
17426 5398
5964 2667
16634 14257
7831 9636
4369 12808
12003 8855
961 786
16027 6689
11697 4997
10300 10150
4705 12991
801 5226
2222 11637
9766 6421
12637 10888
8767 10063
16285 14730
12729 12919
8988 561
2556 13357
13368 14558
2212 14329
15344 18239
1018 7041
3236 11318
17191 7940
4309 17992
13165 6530
9630 2932
12951 2267
13819 1718
12329 10105
16448 5059
3024 5436
5619 5579
18792 18987
138 1004
13316 15481
19242 14334
2523 2479
5653 19713
10419 9961
17705 3585
16491 7335
6516 9442
9601 335
11160 1930
10439 7609
6989 13463
13044 12608
19042 11837
11595 19179
12841 4912
14661 12084
19246 17183
14562 4900
16896 4982
14861 14601
8566 11352
1936 15081
795 11537
15416 11955
13467 5855
19563 456
19318 12608
13063 18360
4445 4659
17539 17285
9571 12201
9370 8818
9384 3932
13717 6280
8913 8578
882 17479
19930 2818
12560 726
14354 7976
12680 7821
13831 12243
8277 13149
4851 1340
11509 9296
5999 9049
6581 15569
1250 15950
4388 10633
19882 18104
16913 8796
6682 17794
6275 6613
612 18835
7338 14965
6811 18
2787 642
12261 11063
13791 17112
12403 5300
6408 18401
14348 12989
13971 15598
8940 18358
6231 8822
16463 3144
17618 3146
939 3894
9758 1550
2729 17095
16515 9540
17113 19301
10182 9374
10365 3973
6486 2768
9273 12894
1170 3622
5883 15141
19219 14822
13500 5451
3645 9963
8595 1264
13109 9533
5157 2867
11083 7886
19962 7598
17426 17075
6900 7608
6450 17264
11581 12936
33 854
5830 1203
4475 11713
16343 3695
6535 9844
9146 10180
19807 17740
11443 12916
7274 16599
15783 18356
4486 15745
5955 1912
12821 12854
9519 19271
10118 1100
12207 10151
1954 18037
11353 6429
9750 7696
10123 16285
17540 19268
6465 17347
17009 17907
10263 4283
14507 6047
2640 18992
1792 8594
904 14613
1448 10422
13884 11566
11522 6092
1717 13476
4129 13070
19904 13879
767 10028
10165 18306
9297 16629
15653 6306
14537 5917
10589 9044
11963 13228
8036 13755
1823 8939
8369 3270
19361 2253
14836 10884
8345 16553
4360 12473
9623 4264
6353 10389
14291 16517
8696 3588
13147 4349
9894 7684
10266 483
16727 2230
13711 4763
15984 15533
13702 4353
18803 13063
6606 13639
3947 14950
10193 8307
7424 19816
12570 13776
10206 6862
10294 18901
10450 3441
3250 344
11125 13516
827 7852
15745 14537
12615 11729
10070 6317
16082 8873
19380 2688
2513 3328
17638 12706
11634 5062
12522 4205
18838 2728
11066 9133
1629 1517
12573 4879
1861 3699
18394 2687
11550 14139
17224 4166
5869 7294
10482 1951
16167 9863
4639 18680
13190 2277
11386 4825
7339 3908
9029 6177
6636 96
15309 8264
1612 7883
13143 3472
11581 11537
6159 3132
5677 3383
7297 11545
10677 17779
13495 6844
7642 18134
5525 833
411 16910
5657 7749
819 14686
13926 7454
14781 9235
15718 16392
17118 8861
19864 8700
399 6023
11831 6075
9406 19128
17619 83
16907 11115
6927 4550
9249 12451
5383 9660
9362 11040
17409 10180
5726 11336
17633 507
571 13352
16899 17689
2213 16763
6389 2611
2787 18219
8685 12192
17348 6305
12275 14255
17419 19201
18805 6669
11653 4188
16328 1015
15227 13738
11194 954
5074 8828
1460 5645
2180 18358
3334 4393
15122 9723
7003 17908
7943 15688
10101 5291
1993 2376
19545 19411
1578 18351
6081 13230
2539 2409
14244 17766
16147 5439
18719 1221
14267 180
6865 16446
18538 10199
839 13660
19921 7842
11569 7864
3530 1670
13154 5523
4046 12700
4935 5623
11052 11015
18852 13591
13424 13097
11357 9571
18536 10077
10792 12803
10256 17657
9250 8795
7856 10088
2455 7778
17930 14023
15642 1461
15693 8797
6983 19738
1497 11918
5361 12549
2933 4214
6140 16357
17310 17497
5928 15847
7574 16719
8650 17830
14376 17899
6625 2233
7988 9080
10010 5919
3103 5653
7379 18796
14449 14362
18535 15946
6280 3896
8495 9213
8110 14634
5570 5421
12131 11497
1268 19705
8217 9917
17535 2594
7817 4161
4827 15805
13240 14837
1724 16343
490 9102
15139 14938
3465 13674
10884 9744
17570 19378
18956 5680
14013 4526
11100 6144
16023 12368
5849 4241
2286 3385
6835 10102
7545 11661
5908 785
6498 7631
17127 6988
16733 12267
1926 198
5941 12810
9941 3511
12189 8898
9191 6202
13423 292
12345 9447
12659 18194
13687 14944
1579 522
5046 9123
12183 10953
9908 18680
18584 7035
5669 15318
19301 7594
15515 5243
405 5457
8754 12593
14354 17944
18794 7778
18236 11140
17224 10895
9334 10912
5839 10913
11434 10885
37 3617
1839 9944
2298 423
16979 7966
15740 16281
15560 11256
1525 15964
16712 10278
8557 11066
8223 7352
18844 6459
18491 16069
17353 7826
6981 3193
18738 18415
14077 18774
2032 15915
8719 4330
16337 5699
12295 12078
1981 7856
3334 3505
3820 47
13783 12377
11112 2007
19728 9957
8466 18220
6026 5819
6046 13007
9012 4784
11422 3089
3559 13454
19003 12278
17783 15341
17977 10079
7420 19957
17935 10754
3462 1756
10800 17245
14132 1913
19251 13861
11869 7717
12081 17895
13536 18126
10902 2548
2911 2324
5637 6469
15778 4641
18746 13561
19982 16723
3641 7402
16681 1576
18155 144
3331 8955
17388 17463
10867 16640
11324 2737
4357 3406
632 17893
1532 11533
442 4442
13857 6078
10911 9636
10718 9658
3198 10700
6382 6838
18102 3063
8414 16257
3206 11744
5213 595
9208 16080
17234 532
18817 1592
3938 19448
19484 5469
10982 19925
9911 4840
6003 822
14475 16721
10480 17672
7422 16861
4511 5524
19924 12924
1782 3130
4669 6995
3725 13876
3076 959
14408 1893
2550 18345
1342 2035
3814 12323
1960 13725
17163 7963
14547 11639
4685 5027
9311 12106
1889 13822
17629 1813
6747 19411
4943 11415
6406 8667
5291 9481
9626 19699
11374 12176
18044 12715
14210 1859
5038 16170
15583 2202
4134 10131
13840 8818
15157 3152
924 17045
16973 18553
18857 3720
17965 3800
15135 4371
12467 427
13852 2093
126 5226
14268 18170
17941 8478
29 2980
4649 15612
5181 8782
5743 19020
17599 901
2172 18523
17946 19145
17076 16804
2866 15041
605 18001
19412 13071
18427 13265
15163 18553
18490 9431
16723 16432
17909 16751
19411 2558
12363 4592
11339 18106
3612 8939
19006 5784
7462 16952
4930 4538
13756 7796
19579 14360
5797 18991
7432 4225
12257 2595
2778 10748
12026 19500
7180 9936
16252 6591
12494 8616
11182 3834
6722 14794
12772 5729
579 234
2682 5509
4772 16437
13304 4352
10798 19100
3343 18230
3325 15599
826 6103
6347 12851
5603 13527
2788 1855
118 15281
10471 11299
19115 17192
6094 11887
2921 6672
12121 5603
12180 16892
2041 5485
1244 12838
4585 4587
11069 7910
187 11894
14012 6534
4746 19615
61 7533
1471 178
2815 11941
11477 1930
9133 17571
13817 12054
4243 5938
17656 16423
2831 19696
1908 4075
12535 6493
8661 3605
14403 8848
15498 8415
15382 244
8031 15442
7777 9501
15620 10591
1442 7098
12521 10575
4669 6338
2630 8912
12275 287
5336 15105
19983 7244
19180 12519
13737 7841
16123 8140
16689 11621
16555 12071
11865 4586
7514 19641
14087 3134
10232 15528
10232 2754
6104 14901
9091 8733
3814 1367
9020 9149
16472 9003
16393 15652
1522 10130
3494 17645
18269 183
9266 14824
12253 1131
19410 19766
773 13497
2901 11004
9026 13133
13757 15129
8034 2849
3863 11848
4215 12882
997 687
1886 17389
16338 3408
7519 19831
1053 5789
15 10319
613 12267
11450 24
12034 12222
13520 14935
3227 2546
8069 16983
17675 16103
19832 1538
7951 4047
14420 8947
4734 16306
6337 1073
19713 13856
904 767
19644 918
11085 257
13185 2535
280 5220
14757 13800
156 17983
16345 8224
14967 14021
4327 14799
15559 12277
18846 9980
1224 3580
6286 7561
4652 6000
1417 5556
6766 1061
6474 17851
1318 19659
387 1598
4879 15143
15397 5034
13126 11743
13257 8094
5765 17583
2893 1324
9861 1740
11303 11085
5319 17589
18645 9971
3589 62
15526 10355
1123 2000
8206 2440
1659 8593
4038 6538
3736 19435
11571 16862
11178 4829
4956 16942
2413 7849
18266 12273
9588 9569
3358 14907
7158 2004
4878 10747
2065 404
1102 3188
2404 9307
5627 4063
17900 9665
10600 1636
9100 2172
18498 278
7001 3455
17220 9413
11304 15486
1687 893
5056 5045
15799 12214
7048 678
2961 9112
1082 4062
12299 3485
13369 17926
7548 11269
7591 18148
12905 16690
321 11404
16968 7321
14858 14189
16734 6163
9676 18420
7055 14731
3465 2854
6946 10512
3531 9906
19624 4612
13967 11924
8097 7337
9851 15644
18605 17442
13793 11511
14132 14113
2915 11101
1434 17773
5291 18168
3936 14966
16588 10990
9698 54
13843 16643
10566 17374
6549 10191
1987 517
2116 10083
7853 11966
5728 6459
9408 19520
17969 3541
13634 884
14642 15068
18656 19932
13236 2593
14899 9825
13582 4597
9879 7426
1241 445
4800 7789
10636 6787
8306 12751
16869 16158
4718 2598
2617 14125
2119 587
17666 15752
1471 12308
10820 128
12241 4057
2720 7140
13881 16301
11737 3760
3728 12977
4205 8527
766 14841
15313 9072
7592 12183
5230 12310
14781 7847
6435 16899
8434 4102
12652 9904
16410 3473
10032 8651
7529 12751
15791 1411
9053 7528
5171 12780
505 9376
1308 1271
4217 16621
10342 11808
8805 15572
4118 3586
3420 10553
485 11853
14655 13137
1758 11065
16609 11789
19716 4138
4541 15508
5549 13594
3036 10719
6374 3541
95 7682
4811 4311
4303 15153
16119 13108
10726 238
16693 14145
10791 17178
5999 5447
10315 7756
16512 6924
19545 16228
11062 4087
11736 16610
17680 14772
7330 4055
18312 7425
11736 3124
11736 16039
18276 7855
9147 9002
8093 5840
3148 18884
3019 9146
4331 13333
16902 843
257 16448
17071 11319
535 8808
7930 18215
3580 15259
2270 1892
2685 14006
5016 14420
10046 3292
2276 19192
12294 10368
5033 15441
9253 8051
4588 13583
1385 1491
14426 1642
17938 11498
12960 18473
306 890
16688 3885
16149 18958
5777 18833
12965 10792
13253 3011
14084 15528
2204 6378
5897 7237
1820 15149
15288 6407
8733 16672
7897 3160
18313 5836
14657 11274
4309 14962
12164 998
18847 8313
19955 4624
7147 12921
15416 401
15931 9500
15929 18135
15878 1826
5372 17698
16975 660
4105 5709
17332 12002
8868 15646
17837 3526
6920 2147
18487 19083
3144 17335
7397 3100
1960 14543
16021 17375
14943 11952
6876 10872
10087 2755
12698 15459
453 9674
16119 4558
15383 13451
16559 4251
9097 14397
7776 16017
16544 6264
15101 19688
3599 2498
2788 5558
17041 18809
2934 11984
10761 9810
2857 849
12564 15555
16308 13017
5230 12427
17574 613
5879 14134
4864 14975
8531 12640
10993 5076
18903 6094
4764 2503
8591 7552
8061 5632
6361 10995
17616 17122
805 474
17970 13369
16029 14278
6386 1259
6706 3960
1872 12584
18093 6735
7560 6625
19374 18552
11700 18277
4647 16464
781 13238
4016 8842
18870 10377
19836 16487
7499 642
16960 5470
14010 12990
19748 397
14249 6454
4356 16120
19037 2450
2855 6598
9075 2229
5151 776
507 9797
17239 1287
3035 1256
10128 1906
11632 9965
18392 19130
10606 15352
4600 4617
8343 4348
5013 2592
10802 9369
18711 9840
11818 1566
16437 893
3794 1588
1668 4301
11385 18907
5587 14420
163 15715
16325 11794
5681 14717
10925 16287
10070 15524
904 18412
19872 5917
1005 10674
15285 19715
514 7103
1282 16951
7996 5076
18539 9664
9376 9924
8571 14963
4345 8734
10679 670
528 16359
15387 11452
12646 5457
6977 13550
3870 6849
19466 4874
17523 14751
4590 18037
1855 5871
14988 9850
10946 13527
19514 322
3452 8086
15284 7796
16819 5963
8466 17347
2323 3853
8800 14968
9310 15776
8519 13180
2626 7985
18053 149
2737 2643
18185 4591
8513 13174
14441 19459
6701 13955
19780 10153
2042 15065
17949 18860
1029 6415
16208 3351
10268 5008
18319 19578
785 6838
12758 3410
14823 10812
3559 17559
13454 1745
2150 1968
14918 16591
1428 1620
10546 1208
11772 12588
16273 9721
11448 17301
16135 7656
653 6404
12664 18972
5982 13448
5811 18739
16858 634
9551 417
18193 3006
2161 343
4974 17078
16934 6401
18697 7481
7609 10470
69 3882
191 11516
1184 16326
19172 1837
2730 11837
809 8712
5286 6619
7452 2144
7252 17003
2560 5445
9 4721
5788 4983
1800 2722
11384 498
10203 18992
10967 10271
2875 11158
1788 4058
7484 961
5894 10214
12797 6703
18925 18082
13321 6377
226 574
3380 2786
6018 3389
7507 11806
8372 9306
14528 19755
9804 4731
18747 771
15002 1622
11928 16789
5680 19412
17749 11574
9626 10547
18276 8552
8629 11598
14928 8855
12171 18308
11641 18188
1698 19147
9995 10069
8454 4524
9824 18257
9255 8572
19027 4257
10194 10956
1046 15873
10368 18794
7448 19994
9341 5725
8546 17970
17322 3474
6826 9493
1783 18466
7682 3480
17613 17677
13548 6067
2201 3372
4324 11455
11943 3352
15711 2137
14307 16757
18010 4676
15552 5459
4671 4893
11184 13216
2864 8506
16690 9689
17999 18472
8155 5682
1952 5769
3359 15500
11836 5560
18872 16160
17015 10815
19512 12726
12952 13820
9484 10963
18495 5036
16422 3166
9929 7606
16382 12792
16112 13072
2482 14111
11544 10637
19793 13496
16405 3152
8996 8242
8711 7868
4403 5726
18683 3915
18452 11636
17734 7937
2600 16230
12972 19021
19396 2901
6628 15778
15692 2741
8850 18174
16851 395
8811 16645
13890 5217
19796 2887
13458 8508
10755 17860
14234 9439
1776 12687
1075 19509
624 3675
15739 13596
2697 15135
16496 9324
10913 12189
12064 19763
10363 8916
158 19173
5561 14048
4391 5358
16935 17848
13866 7690
15709 8101
17129 17484
789 18203
16994 1413
1879 12733
15008 4575
7869 11504
13899 18782
3694 5964
18545 14057
14879 18703
13231 441
12751 17621
5799 9687
15469 19665
17377 11179
7766 14506
8664 8554
12710 5658
9967 14588
18391 4975
19162 6260
16479 13062
5043 173
19025 3588
14229 13905
2292 7460
14346 15043
5082 146
4730 551
19810 2107
11730 7577
16612 394
16131 9322
6052 6098
3910 4443
11072 3073
10703 7551
16134 15745
7724 15160
19333 1954
9065 1625
9413 3411
16667 14494
3556 1397
15045 3367
3503 6776
10943 116
7170 7074
9437 13221
13171 13347
17663 4244
16420 8366
11794 12555
4112 19518
7715 3445
1472 16779
5069 10885
191 1736
5380 3747
3133 426
7113 6636
7201 18055
6751 14370
5130 16188
7591 18300
9536 5255
2545 5956
13621 14339
18510 17732
13857 6226
1177 15328
3005 6246
6214 3196
7982 11593
6942 11114
12018 14054
17749 19218
12110 4500
13589 17239
689 1181
15540 10224
6435 18084
16179 56
12424 14690
17788 6281
916 18965
1610 3921
5211 7823
7116 13192
19415 14058
4306 11434
8112 2056
10653 223
6556 4242
17461 7244
5422 13002
17467 11857
11086 13647
11913 3510
8337 9701
9791 9253
8666 11400
13174 13876
19223 291
7069 18638
14348 11375
10073 2461
13430 726
2683 19985
4968 145
7229 10390
13146 4697
2247 4233
18343 14159
7742 6681
3860 17533
15934 12526
8933 9108
6402 8157
9398 13471
6796 3747
4846 16868
6207 18275
17593 8889
18261 2561
9034 5490
12950 2180
10186 15197
6412 8530
9356 14154
15211 13216
11687 11145
5742 621
253 12144
8777 9651
5616 15572
13397 10461
12440 19603
8737 10034
8493 6998
12595 17526
12488 5546
19706 2675
743 6118
11204 10099
273 6415
3316 11959
17559 9058
12580 17812
1202 1358
7464 6817
16929 861
17278 9370
465 6015
19404 8958
13013 11999
6485 5501
17545 6191
8175 18287
12309 19379
8387 12581
5794 11702
4541 3354
760 17121
1167 1962
18478 8630
8779 15408
9491 6057
4779 9955
12072 4183
18912 5085
16182 5398
10586 13727
11588 18760
12014 3898
18139 402
16478 3934
12103 1020
7288 12862
18140 8455
14824 16618
17084 3603
12027 6576
9660 16805
16530 1732
988 15443
6817 17169
842 17402
10897 12429
16163 2912
16327 14302
3313 12805
18236 15415
13825 5525
8278 11966
13979 3103
8585 11064
6705 612
17639 16365
17416 14170
18096 18404
9614 4914
15574 10455
2317 6471
2884 18479
9382 19211
12782 12694
12017 11018
8110 5842
16543 16388
17807 10522
19490 6392
1586 6196
7004 19224
2561 4420
13394 658
2824 3008
5571 18398
13462 7887
4869 16346
6367 14250
15557 19148
6945 7574
10167 15055
13416 6710
11444 11224
17231 10934
17616 18816
17129 4620
18041 19690
9040 11436
348 11864
14443 5918
10262 7906
13805 15130
4253 172
9381 19810
19320 16326
7385 9487
11381 802
16196 2826
12025 13428
13759 9641
12245 10889
14261 10286
10579 3301
1722 10926
15164 16165
16844 5426
4072 10650
557 8325
10822 9937
8136 10142
6263 15520
19628 17644
16322 15825
470 8347
9253 14229
17988 1498
5119 12249
11784 15698
15550 13506
6624 10714
9671 3469
16140 13743
14119 16696
2068 4941
6634 10203
15082 12897
5724 14711
10541 2046
10536 11011
10393 19789
5241 8382
1287 10359
632 13071
6057 16181
6577 12681
6896 16248
16150 3037
9991 10269
19732 12059
15209 6367
2262 10292
19263 7986
5003 9805
10032 15538
816 425
15327 6057
8807 16614
16416 9438
9686 2474
5620 16262
15154 12515
12510 11305
15552 2502
1575 15285
14560 16784
1652 16822
7076 915
4808 12079
10719 14839
7618 11535
15264 2946
17592 4071
19559 14008
13508 9246
16481 19128
5508 11636
11644 18018
2941 7196
520 4516
2481 15080
1300 4133
11902 8375
5047 16710
455 15766
11549 8072
7302 6814
11017 4894
10884 10576
18901 4393
19822 15383
3521 5330
7019 15165
3349 9960
2361 3869
14475 4842
18948 15774
8974 10851
4150 14021
7561 4604
9788 19110
12675 17090
5924 3692
1984 16807
14268 886
1201 14090
16268 4722
19420 3288
19886 2769
13247 2248
6637 7722
7089 5586
3496 16063
16436 7646
10084 3998
12249 19872
3108 4924
16962 9031
8616 18946
5839 2885
19831 7039
16974 16100
11760 16394
19387 11647
19163 12634
13894 5801
357 983
11386 3853
17045 7823
11498 7130
11820 3747
7002 14927
8671 3965
3958 17287
2911 9796
172 2743
16835 17146
18842 8595
13540 18229
242 12704
10864 14135
18504 11220
15118 9891
15073 12164
17713 6571
19293 9534
10318 6296
4461 18988
10261 8419
16276 13171
18215 16447
15913 15050
13593 14755
3646 7134
12985 3887
19838 3850
18022 18343
15070 13141
8234 10143
5305 5948
16713 4598
15481 7031
10894 19942
6020 1155
8361 2297
14326 6576
18743 10239
1627 12337
4995 5272
19471 17980
9159 19310
1830 7182
17653 16900
323 5887
7043 5627
11834 3756
10225 7316
10787 1120
7258 16807
2274 15618
19103 16600
2195 17847
6840 3821
10185 11834
9093 9657
9815 18251
8967 11645
5433 6620
8545 5755
12506 15587
11382 4341
19343 1607
11656 10131
2726 18913
6938 5000
14532 6042
1600 16727
3889 8439
549 14074
274 9641
3731 10088
7893 12697
1734 13325
19316 10278
19080 11823
5866 10462
16163 5209
12068 7820
15339 14794
6733 2278
19793 1266
8320 1394
17993 12209
9833 18541
6283 10106
8183 10013
195 16075
2711 1928
9401 2027
12206 8481
13850 18071
18942 10013
3280 11011
17832 18619
5805 4566
898 5599
5832 9217
6992 3825
1426 16824
2367 7708
6931 10549
17721 7125
6625 432
9053 16025
2459 1259
4506 16308
19330 3449
6322 2610
14459 4155
1230 265
8721 2128
5863 14552
11344 12854
18377 12770
9679 744
479 16609
11293 18200
3735 17917
18632 12788
13943 1091
14047 18448
17399 13377
1898 3722
15987 16356
7876 17216
16620 16596
19344 2483
11149 10689
15337 9526
3459 5017
10270 3938
1627 1564
2138 5361
19481 770
18149 13424
1861 12196
11873 19260
5573 13770
2982 1560
10126 10858
18776 6747
7455 18120
9230 18603
8809 4567
8130 12268
9584 18400
16205 11210
19963 18343
16571 19445
19113 14720
12869 975
6916 4743
235 12489
18512 3217
14049 8639
14075 12825
15385 1530
10946 4616
134 19755
9182 8264
12023 18766
6664 8229
9976 6628
6573 6547
6073 5686
1267 18942
6660 8183
3685 6895
672 2198
10112 14720
10836 4187
7546 6222
5717 18491
10837 5850
18246 20
14114 10270
18785 779
18498 8761
7407 5071
15307 13480
10757 16574
12422 17417
4757 16107
4313 5428
18304 14424
149 9141
18610 7694
15363 4328
6186 6200
10178 4432
6220 4292
14702 5005
5070 13200
13766 12476
18271 9074
5957 9029
5648 18378
6446 10405
14486 10758
15833 12791
5183 15981
1932 3794
3676 17294
8121 9861
3495 18298
14293 9714
2591 8995
14719 7660
2196 8485
137 467
17559 6094
9496 3208
4472 15942
13612 18958
6701 9445
11749 11883
5427 13681
15676 9103
10976 3798
18963 14471
2097 13256
4185 4687
2252 18904
12347 4447
7390 12484
4914 4949
18577 14409
8156 3049
10351 1769
2008 17052
11214 13756
8935 16640
7438 4612
5743 18413
8409 4707
12885 10505
17963 17070
15192 215
15974 7539
4661 3365
23 9575
8313 18599
3984 16469
1649 14335
18238 3656
11387 9452
17412 323
6093 4851
4934 11836
3265 13343
16542 16149
3849 14506
13219 19040
14720 9193
6579 19381
12557 6602
8956 871
5201 12940
17340 6849
7276 15578
10505 18662
5031 7917
18984 11123
12768 3919
2959 16032
17262 19501
12181 1111
14007 5400
152 8727
14593 6731
8109 7151
13332 17065
8022 18532
10005 5363
5382 17280
941 15886
15943 5972
3804 14928
17094 16572
18847 54
12604 16109
19554 4785
17220 13561
10185 17371
2289 4779
4102 10398
11929 17433
7463 19951
15966 17468
5314 1349
14749 6255
17235 10692
12226 1040
5621 9320
17611 4468
9373 10215
577 8928
14999 17796
2490 5185
15168 4779
9963 19269
15176 1893
16703 2640
1844 12670
108 7157
14018 14857
13411 11253
5549 5637
12292 11170
14957 9903
15637 4331
118 16214
13258 15117
14010 15748
303 9179
527 10265
8448 15703
12157 5152
18343 14000
17821 18451
1158 11839
13308 14568
3092 18857
206 15384
10027 15162
5287 5664
19492 5405
1879 12751
523 15889
8499 825
5068 9026
11090 13515
4729 3248
18666 3073
17248 16487
1524 18405
8326 14831
12973 11418
13689 13178
6802 3716
8341 12089
9380 7833
17494 11258
584 18016
7147 9083
18841 12214
18108 9932
5730 2837
13179 4396
5909 10427
884 7433
8832 9210
2265 1806
628 15953
14984 7430
19668 3326
19518 9048
11158 17013
307 11742
15029 7453
825 13871
19667 18932
3803 5397
1770 16982
9792 7679
7409 10676
15112 16241
19885 17376
18047 514
13329 13031
7944 12998
16357 7463
2047 7515
4476 2353
19257 19505
9806 83
13376 9473
19015 17179
14869 785
14161 4662
8464 1571
15337 3576
17811 15223
952 15859
15737 14281
8891 3681
7279 5248
11143 9325
12762 15619
11678 12020
15124 1484
12102 8501
10956 11117
5680 5826
11902 19840
10487 366
1412 5825
3942 19222
1049 4894
15082 16785
19174 3973
466 6454
9220 11609
15779 1983
7229 7457
14002 2353
8940 6105
10853 19896
17221 16532
5722 9123
16373 16208
9489 17784
2034 13430
17007 3082
18324 12089
19866 17499
16061 333
3953 5282
11942 19732
7264 19170
7189 1267
1524 16129
7371 12376
16025 4592
8909 1747
13715 5283
17955 3204
3067 19988
16634 75
3071 14959
12164 2937
12458 8226
3270 16411
13507 15211
16143 772
14381 3333
2038 15904
19461 9409
8281 15487
14000 17190
17234 7716
2473 15189
10920 5540
15178 7555
5614 18248
2514 17778
1186 14972
6004 4455
11383 19510
19666 7527
283 14048
10860 2320
9953 10322
11728 18233
5809 5729
15423 3043
13445 17896
18232 4365
3436 13411
11919 9050
11660 14432
6828 12846
9404 12831
17301 788
12342 16967
8315 12624
11016 19174
14944 969
9497 6673
19202 15305
12402 14626
18348 5847
12522 16581
10212 15957
9993 2131
5008 1654
16563 11835
14499 5968
4667 11801
6756 17008
8768 15070
9633 19783
14245 4578
752 3742
11251 19954
19047 3654
14580 17396
9501 7102
13978 19712
3060 3972
1844 8067
5625 18406
19902 125
4375 4569
11925 11130
1578 693
6201 11211
477 446
15789 1229
4188 7040
1183 3236
10694 15763
633 195
2865 14610
19907 5925
18581 1751
13991 4207
158 13894
4331 4532
18462 16255
15661 41
16948 1862
11251 17425
2308 7040
18653 6495
14080 19836
9731 4774
15599 10363
4969 18464
4974 4876
4389 3556
6627 18380
7762 6784
12274 12093
11315 10736
8349 6977
10777 5298
8838 2028
2723 11146
9068 1377
17641 3148
1213 7372
7922 16812
17735 12890
15276 2709
17766 19665
6265 4393
18045 14027
11177 10320
6120 2492
1057 14469
9469 11833
19766 18307
13860 2489
9453 2928
3865 7094
6076 5078
14466 13997
1891 12201
6888 17167
14910 4654
16832 1176
9047 14878
15202 224
5198 1323
2716 6254
15791 12184
18087 15557
10492 11947
18046 19944
14875 1912
7039 951
6990 1505
14948 8880
13706 1836
6047 8617
6490 2880
9792 15536
17757 4995
15760 2956
6317 18476
9210 2109
10661 7297
17665 1153
19244 15712
1098 14119
17623 8136
15070 4613
9641 10018
13493 3348
11853 19539
11964 18343
2420 1757
13880 177
6751 9640
3133 13068
8117 12342
15176 18777
19638 12842
19930 18883
8554 1028
13002 6178
9164 8073
10791 18804
18090 4284
2153 9944
3824 14116
8287 6243
15873 2167
6419 2624
11807 9551
15691 19924
1894 10868
18701 1533
3710 18632
416 12264
19660 13418
18441 8824
1491 9232
7629 19580
13515 9781
9525 17338
3898 17811
3581 19770
19978 10000
2395 11786
19551 18086
11710 1446
8954 10412
2978 12664
9044 3393
4928 8705
16810 3369
17528 18300
12601 5158
17881 6117
14938 7406
3455 18836
5218 7036
18606 5196
17036 1002
16981 16588
19087 8692
18033 8042
19103 1011
706 8148
4404 5634
16852 1214
9003 14380
19514 1604
19537 17395
7720 14476
4801 11175
13312 10018
18211 11919
15214 15247
12921 12196
11836 12008
888 9869
51 19990
10880 757
8138 15283
6390 4990
16496 15392
19370 16010
16995 18908
13406 4716
13384 18206
15890 6697
8225 14102
18616 3440
9350 11537
15635 1186
3546 16522
11055 3596
16513 1935
4352 4651
17217 10742
9640 13713
6134 9011
9724 3130
7919 3130
7845 1303
1337 3736
8000 9562
17838 6616
13001 7188
18153 8637
8374 1699
5159 19428
5294 1672
1363 9646
6323 18579
388 15963
12293 6522
4974 2017
9651 12892
5147 17496
14195 6484
1233 2196
16045 19070
8811 9047
6259 6965
17684 14632
8663 2843
14060 13957
4515 15422
3603 10838
14002 3991
6801 6295
10513 11775
8312 165
4668 13458
17661 18862
19942 18893
1058 15988
17964 9869
5036 4223
16833 2720
18855 5497
5563 12915
19453 10078
8338 3057
916 2341
7048 7717
8635 17560
19491 16946
17724 4159
10405 15385
3022 10347
14279 4080
6335 12243
13948 11370
16466 10782
14090 15322
16279 19652
8238 15732
9730 16575
18788 10645
18915 5836
18361 7551
3397 17852
4498 1121
2012 14902
16506 5033
5250 10785
9112 11585
3029 3061
2956 19495
13843 17045
14817 10122
16697 3055
5854 6427
19630 4643
17072 18546
10479 15434
6097 13875
13286 10594
14996 15298
5497 11502
331 10746
2287 9443
2332 5316
12504 5287
4811 6347
2332 19628
16469 19029
2683 2323
5456 2314
6966 2529
860 17444
17962 6957
11320 11249
17551 6316
6547 3049
17817 6878
13795 105
16321 16126
5420 8825
1413 10231
15171 3745
9859 11641
2774 12542
13964 8230
14856 930
10758 15716
18374 8720
2673 9694
19969 225
16010 6516
3273 13828
13394 17068
13932 9715
13194 19352
18540 14607
9584 13712
18351 19442
5353 1125
11985 19316
9354 6841
246 113
2557 18620
8833 5230
8315 8802
5455 4325
15318 8728
18152 8713
5796 12085
18428 18989
11437 16968
13596 1021
10680 11948
464 16033
13072 12449
15349 2427
19290 15595
2540 1848
14215 11372
7077 2531
175 12531
6856 15493
1260 5009
4206 7055
17093 2635
6045 8531
19602 19641
9552 10283
11589 10016
6316 4662
2465 1666
7088 1755
17260 9628
3603 11476
1001 10679
14007 1175
3211 863
16667 4470
5871 874
11525 2964
3508 17569
11495 3111
17210 1047
13394 8799
11062 19709
13461 13527
1376 549
15282 18636
10177 18884
10112 11177
9564 4120
12351 12774
4982 9019
17244 10853
9893 8770
13816 13401
6339 5312
16511 3550
6358 9906
12349 17420
9616 5810
10948 10991
6359 6230
9627 16535
5115 19739
7712 14678
3859 64
7453 8841
9083 4698
19693 18975
13467 13510
12377 19805
18821 8889
3356 5180
18794 15704
2601 8410
1514 13548
19401 7873
19778 9028
4408 4893
8768 12120
19570 12627
12183 7024
1468 1267
11721 1161
242 5188
14671 12619
4994 13492
1508 8349
18672 303
4054 1274
8712 5568
14821 8113
13440 14600
17141 17847
19492 5909
9967 19063
18535 2151
6087 4
3417 17807
1164 3659
2995 15835
16278 7989
9328 17785
16337 8000
18088 391
9273 6800
5958 4095
14913 19398
18694 12055
17245 18187
17964 7213
17251 16499
9364 3338
16503 12781
1146 17667
16440 4141
13502 12718
12129 2830
10504 8467
10830 8592
8858 104
15392 14816
4198 10305
14214 2893
2361 11460
1081 325
18673 18331
16824 8037
1670 13327
819 2815
10994 17258
6955 4496
9976 19084
7325 480
7551 18154
9071 16408
18257 4463
11225 2456
14768 5439
5349 17128
16898 6429
17452 15571
4760 14276
3609 6430
7603 4427
9244 18596
1685 16199
3093 11660
15283 10417
12140 2835
8572 1211
19243 6830
5674 10468
9286 443
15907 14634
17570 12805
1064 15023
8377 5824
9299 11985
12253 16902
16411 1498
15499 18096
17696 18591
9757 12980
9009 1897
15815 17581
3108 15058
4412 8781
5527 13697
9223 1434
8332 6794
14239 9395
1817 2616
15218 11116
14600 7472
8019 11012
8969 3519
9108 6665
2110 18865
19645 11119
762 15460
8701 3869
10519 13112
12650 16046
6810 1874
17479 15141
8668 11719
4537 10484
14334 19754
1601 8935
7227 9619
19946 16195
13138 9055
2861 15247
7920 2506
6367 8682
17966 15067
12551 8486
8180 5201
4533 14989
7075 2013
10131 15742
13731 14667
6227 8065
14422 7827
16999 1649
17446 16946
17843 10584
6002 704
5832 13921
3210 12198
2604 1177
7266 15154
9663 15445
355 14195
10435 7430
16207 566
3172 9938
15232 9398
18003 9655
17225 15002
11303 14671
11949 9147
5255 17950
9851 11087
11872 13060
3286 14475
14237 10551
9629 3901
5997 9984
18095 16432
17414 14303
16997 586
4242 12230
9984 2245
1885 7209
17246 13187
1880 9195
2334 7135
7146 12184
18222 19017
5245 1508
13492 19482
12059 3122
3383 18055
13106 1479
14487 10520
15782 11485
11106 24
3715 1090
2268 5600
8298 19514
18786 10178
8710 1121
17313 15856
13305 15535
14873 18550
17042 8366
18032 9101
11488 1416
7157 4594
2895 1645
15114 18677
13130 6220
18700 16845
7309 969
2445 15606
484 1232
5785 9194
2352 3098
5050 15657
18632 19923
14207 15675
8289 12240
4777 19776
13656 11934
4371 16550
13579 19484
15227 6709
5704 13928
3554 13012
14897 5998
8619 15380
7229 14403
4575 9581
17500 9624
5238 16133
9547 19444
11809 17836
11685 16585
17613 5341
8519 1984
1892 2098
1468 17119
8807 7172
11048 12360
184 5945
18357 8802
1326 5587
3206 5900
15167 707
15524 405
16839 5072
19849 8649
2909 11535
5234 522
16875 13753
2505 18767
15851 3973
15886 4658
11144 6934
17018 11328
12879 15375
131 14204
963 3336
105 16129
4042 15629
16534 882
702 16384
9530 3610
7919 14764
4131 4794
8517 6636
3562 4369
10609 19447
9026 1753
6382 6044
13080 19261
1420 13210
13466 2382
16546 13570
18511 588
9200 15045
1469 9901
11430 10999
13510 19348
5763 17641
4143 14279
4277 7704
18647 14885
7152 7674
16638 13534
13718 9718
12795 15137
2929 6261
17519 19474
19831 16030
63 9031
11076 1532
18931 2507
12530 12442
1855 18293
10083 5997
12573 14360
13701 11221
9245 853
18894 5883
14386 12613
15601 7181
7750 18530
13442 5270
18005 13273
1301 18067
2305 12377
19599 1237
14883 12129
13678 16737
10422 3762
2735 2996
18121 16435
14216 7366
17287 13110
13249 11674
5723 8851
18854 13473
7381 12296
18743 5386
5570 44
3454 7874
12420 3053
9110 7304
15182 2789
4042 5605
6550 6776
8600 4672
3212 2816
12038 499
15926 5287
12172 1650
14137 11027
15122 1519
3324 13865
6905 8893
13909 10358
16767 6330
13410 5877
13634 8592
8666 17675
14196 15216
4451 2796
19887 7663
5612 11925
8161 1538
17211 334
3187 11349
11361 18309
12868 14684
12175 19772
3578 6084
10130 345
12414 3540
6222 6048
12132 14888
3723 6329
10104 8174
9125 9991
15836 14736
1916 3998
16273 19127
4332 19460
10476 15692
17769 3344
10377 9944
3116 13955
16027 13246
14299 8442
16786 522
14489 8918
15409 18211
15246 5513
6386 4372
15504 2222
19107 17419
6220 15381
16546 10551
14841 7023
6244 12610
10367 16621
2554 13483
10576 18581
6729 4876
7023 3516
5398 1513
12433 807
19723 7680
6320 6110
12051 1824
8331 11159
19242 14550
6540 15789
5102 1382
2813 11346
13991 13180
7967 16545
6663 18542
15127 13392
3419 2151
16907 8816
3663 9341
9623 3386
17021 15942
9496 9072
17765 17826
232 17008
12377 6772
12798 17479
8153 15611
8825 2145
8791 16791
18689 15454
15334 13817
8847 18752
15967 5754
7568 19629
15095 17190
3016 12116
13133 12511
1189 10899
10338 1420
7908 2716
8191 707
195 16344
16317 9020
18488 5108
5811 17178
562 1146
10995 9408
19897 6962
15162 7466
6592 10258
4657 9607
2374 17789
2118 3562
8689 12456
4982 16596
15171 13173
17302 15366
9517 13619
4386 8006
18727 10196
5184 19289
11342 16179
8698 11239
3142 3861
18705 9733
14118 3363
19339 16491
1153 1458
54 9841
13913 5035
6438 9085
18208 3740
4451 7725
17359 8836
15730 16087
19032 915
15377 10374
17093 4075
1614 235
7936 320
9967 2054
3682 9307
18545 4834
10765 18599
14675 4679
3635 1113
13763 1843
4853 18214
9567 2213
7050 5298
18300 6082
6212 13677
16456 3306
17752 18069
3540 5688
18388 13507
7742 2071
2815 6287
6905 13580
4886 1580
18258 8520
2693 12022
10362 7545
10236 19929
9758 17285
5228 8058
3368 11439
1736 19823
14745 19487
17893 18284
5176 16282
11792 12917
18352 14606
19203 5257
8186 4090
6837 6445
12610 9529
18466 2973
17074 8702
2902 6832
5988 8130
14890 9355
19569 16626
9179 14314
16113 7072
12598 1289
3354 4391
14206 1707
18996 13409
6963 7183
17499 13799
13627 10109
3329 12094
13081 403
796 15983
7235 6784
4113 2125
16139 3682
18750 5318
17996 14864
12390 10595
16153 15743
14985 10359
17449 13982
3769 4413
1165 1268
18211 14792
11376 1541
6886 4458
1943 7682
441 9177
14465 4554
11302 10604
8235 10053
15922 6232
4918 8312
16826 1071
4055 11811
11430 1505
5793 15199
5917 6957
16466 4129
1750 7843
5669 8635
12301 7612
16316 12741
16788 10781
17294 8091
1386 5530
18143 17307
11761 3061
5619 8587
4132 9674
399 15561
11179 6191
10760 17096
13148 7227
1225 14897
15070 6894
3533 7371
14506 19848
113 11294
10630 17407
19385 12016
2937 17528
9323 14698
590 14942
3286 4721
4616 3684
283 15795
9875 11043
12891 3024
18270 14116
17920 13340
1010 1454
712 15516
1302 824
6811 11932
18231 6196
3948 1168
3724 13271
15866 4314
8213 19151
9034 12829
2836 9317
8624 12710
360 1515
15733 18629
15630 13654
11970 16640
15107 12681
12156 16409
13505 18967
8342 11736
5163 12290
12904 8887
5561 8771
13200 13774
7922 2234
6603 10758
11550 15227
3468 11910
16741 19201
10539 12372
12856 2510
9013 7964
15190 1170
4374 8696
137 12715
433 5299
5005 13337
14185 10566
2108 7385
4340 10029
9619 10943
787 1170
6170 4255
13079 2912
3457 3619
15283 16312
6128 4296
4276 1319
5465 8649
10015 5601
1364 10447
10900 6369
3784 5085
16934 5891
12470 1275
15920 2089
12217 16707
3259 18386
963 16337
1298 4419
19956 16580
731 6085
877 5007
7404 6342
13655 17418
11943 15019
7866 2843
1389 11650
7927 18323
17541 398
19597 13462
2486 11814
10169 5744
10200 11131
2082 11498
15550 2038
8079 16280
8123 8955
1288 15526
15297 14942
12944 7240
9962 811
10082 11351
12460 18009
9674 10001
18406 9271
3464 893
1085 13632
6637 11285
4764 8718
2783 314
10756 10861
16594 18878
19816 17881
14405 15113
12824 7350
2354 2787
8160 12436
14137 621
10445 3811
10622 8852
13081 14085
9744 14166
7717 16381
5452 12481
5099 8234
12795 15855
19095 9389
14734 18912
7271 9139
14025 96
16488 16379
2882 4649
8815 17018
5269 19259
829 15890
8112 13910
9975 17856
8077 17692
14237 13528
10173 19336
1763 2968
15191 858
12357 9926
19769 19627
19064 13795
19722 15553
10174 2605
202 18988
19622 5471
18248 452
1361 6361
14362 11335
4217 2439
9027 18453
15967 19200
17789 17730
2168 12981
18588 14525
2907 18357
14152 1972
12153 13875
17524 2328
16479 17726
1317 16102
3197 19565
16553 4557
5926 10916
15892 10143
13355 4920
8596 9323
4120 6386
7053 6288
19367 5641
813 2274
3999 14964
4246 16151
8840 1771
18479 5320
19496 19796
1422 2694
19361 17975
7251 5288
8891 3143
15430 2247
8063 4027
11569 12182
10412 18621
18469 9780
4262 19281
12054 8260
14246 16299
4412 3087
18069 2892
8406 17565
2688 9828
260 2049
7803 7510
7336 16694
10653 2766
18940 18715
6792 10509
10898 17204
9131 9368
6984 13392
8650 19037
1653 2896
15336 6065
5983 13406
8956 14388
10971 11643
4216 11231
13691 12019
18740 1028
8713 9393
3794 7654
8109 10585
18162 19006
7790 7294
8374 14774
687 17023
13811 2339
19919 9148
8403 5903
2554 17359
291 13525
9002 4507
4756 2694
16526 3497
3722 5239
12890 7515
12892 999
18100 11055
6 5890
18349 8379
664 19035
5403 14475
1374 5323
3623 9777
11225 6177
7136 11516
19701 16138
16023 4458
18831 12549
7954 2554
17788 844
10068 10680
1842 8168
1736 1848
14058 85
10227 14721
19120 15629
9196 495
953 12819
10271 12177
18996 17407
3694 18697
13546 19716
3156 12378
12265 11109
14931 10053
11952 4999
734 13794
13166 2470
15641 7224
2555 5868
1946 1675
1498 11142
2169 2450
3962 12440
14627 2958
9847 18320
1656 3393
18036 4811
15771 10302
15919 10702
355 7872
15700 1089
1666 8867
3558 17307
16091 6112
3175 18037
7786 4673
9179 9955
7122 13140
2395 1750
16098 12242
70 17753
15635 18106
2564 11406
8408 18482
2108 8763
6354 17808
9851 8020
6675 13408
5327 2767
19520 8502
804 7307
13174 9982
17261 297
3123 19656
2046 19220
11898 2115
16973 7533
222 19537
18938 8629
18019 1046
17391 4374
18853 7243
12393 5529
652 17719
8295 172
6222 9099
7479 19395
19081 4741
19691 2204
4397 1737
1425 16294
3852 18398
3827 4073
17935 2766
12702 15954
3811 10093
329 2665
17335 12721
8194 17986
10441 16489
18158 16662
5588 5638
16058 4669
10378 15749
6873 14774
17486 8297
11068 1338
6695 14895
5411 4631
17660 18112
585 1472
8206 914
4137 5542
13634 12330
3529 4076
8820 1688
739 14407
7325 16796
19076 17702
12546 5949
12476 10032
14245 3545
11370 941
18439 16780
5571 16100
14893 6156
17571 3100
7069 1708
8642 704
14038 12170
4780 2858
13858 5519
17265 1183
2315 16341
18884 14861
2290 11361
4893 16535
14906 16263
17476 13346
13044 3047
9446 7937
9203 7017
11037 16272
8725 19678
16976 2764
11849 1756
5622 5707
7275 2887
6890 9590
19227 5775
4451 1518
17136 9344
18052 12042
5607 15528
5388 18650
18575 14833
6588 7779
1851 17624
4052 10576
17303 1028
13340 9153
2784 18961
14859 10058
1848 1750
19647 1076
7524 4098
2593 4660
13442 645
16701 19048
16173 2090
17698 14749
16923 4287
2529 18774
1911 6580
9350 19214
7607 2691
8367 10390
1652 3227
449 3499
4976 96
4574 12500
4194 7166
17159 17635
7811 13861
16684 3985
15951 14382
18734 12874
18668 1263
11648 580
7843 999
19794 15449
3689 8161
5840 5341
11388 6288
8839 16363
6384 13413
8864 10577
580 6024
8213 8391
19884 4897
12375 15836
19279 11110
8711 17948
12373 359
18527 216
1358 18321
15664 5047
6483 1505
10387 17870
7792 19226
14234 14175
12640 3098
4753 13219
9121 12966
1610 9006
17862 13985
4843 17142
5096 13553
15090 17468
13912 13618
17683 15270
11940 13348
317 18423
14852 10704
16293 2645
9931 10528
16820 2571
13626 1573
15790 2747
14539 17399
11753 12402
11385 16595
9544 16480
10149 4635
13948 4061
18252 11632
19330 10193
4980 19647
8616 19831
10352 4910
2477 283
15437 19296
2854 9063
870 18643
11810 15408
16043 3564
7810 7428
160 17354
3908 10308
1989 17856
14368 242
9488 13698
10435 14467
13346 19050
14299 3698
3960 16775
3981 19397
16071 6834
8460 16940
5478 271
12349 1522
3834 160
8949 3993
17513 12857
14301 19502
10714 8669
19744 202
2368 10179
14669 15714
9229 8969
19411 13189
5744 3392
12586 1816
10226 1047
18756 15704
1317 11105
17225 5151
11265 6175
9144 8778
19031 3445
8281 9745
12114 8025
9947 14481
18204 4617
10195 7434
13585 9607
623 19328
12999 13209
1145 3226
14255 19900
18929 15572
11006 16155
723 2271
2330 9866
11049 1361
13311 19329
11106 5425
7355 1054
19905 5559
5670 10101
12992 19254
19708 13615
18583 12707
6824 19727
15932 1080
19627 14862
16651 10634
11017 17374
12904 13346
7241 3953
14707 552
3283 5814
5976 10637
6867 5882
16195 12536
15982 9188
11791 15690
2803 10374
8398 9626
10101 4330
10706 9729
19191 7357
363 10209
4732 13267
3555 11972
17219 18261
12523 502
4075 18498
11139 10941
4380 7334
3478 363
16522 15269
16053 19324
5643 4451
8951 15744
8781 19657
5474 7973
7014 5836
18181 11745
19102 1736
3718 16322
19997 16240
16823 4072
14739 7962
15013 19118
15296 18491
19481 11819
13760 15534
11144 19403
19984 96
15147 8766
19752 622
16738 6766
6457 14919
18511 5560
16655 2229
1883 16652
18469 18705
725 13208
6668 15737
12326 1965
14229 11807
13784 7989
7342 4928
7393 7327
5023 2541
16092 4775
3162 12830
11541 9619
7750 10053
15179 4405
12282 17061
1057 10751
15767 1782
3959 2436
17518 16285
4401 11748
8093 18184
19736 15434
3112 7130
2761 8135
9670 18853
12910 12832
11683 4452
2451 19433
14504 17629
3838 6787
14690 4895
17537 10457
6676 1497
12892 4195
17781 17292
15942 5875
15477 15679
1309 18589
2810 4070
6724 12479
2924 19634
5311 14607
4086 7762
14040 18590
5391 17878
5377 82
2774 2915
10539 9450
4412 3432
13645 2194
725 9587
8068 16201
5267 9377
14790 8076
13447 1515
556 16370
1149 5867
10977 5235
13628 5017
3825 19019
2896 9202
19101 5669
12117 9640
15118 16528
13071 8764
18721 13796
18350 6789
9997 3618
16166 4788
11694 9613
6302 12249
5983 7450
18115 16960
12685 11744
1978 16509
10763 4873
5712 9864
10542 17828
19504 5661
14356 12576
14424 13078
6372 12775
19867 16368
16392 16033
1156 8087
5646 7458
336 11629
14908 18451
8589 7593
10196 10567
4102 960
15439 9814
10823 5982
7642 10328
11642 1999
2904 6066
15076 9275
18841 14943
5644 15233
10976 6799
3320 16622
14257 3656
8252 9165
2108 16841
16757 12303
7408 860
13262 2848
10673 4086
8829 18315
14413 472
314 17317
6538 15389
6592 5379
10333 12235
613 1310
19034 3933
17931 13292
7588 6183
2457 9695
3025 19214
1999 10432
75 15260
13280 10748
19346 2109
9063 13759
2580 9377
11076 9118
4767 17668
14496 15099
9904 15108
16408 8939
19040 14339
2231 6629
523 4688
16324 3548
3902 18322
13979 3977
13583 7259
14725 12929
9368 3788
6688 11948
13165 17764
1066 17931
15433 15561
13030 5337
10670 9438
14276 9710
3778 16506
16338 4301
1194 12663
7848 5096
10985 1828
9072 4568
9087 3798
17496 18454
7585 4185
10403 750
1950 11468
18681 17382
7030 11711
2720 17699
1150 16995
7410 4927
13502 3749
9228 14695
16411 17076
19791 7396
18903 8864
11964 7991
12661 9461
6445 247
13645 16848
997 15595
8317 19677
12977 15346
11388 15697
13046 12538
12693 457
17464 6195
4205 6693
891 617
3769 683
8013 2672
9546 19976
10663 2208
9437 17107
2454 3083
13956 3450
18677 2273
3128 11655
17619 14516
7353 10666
7054 46
11122 4519
6241 15327
11211 7132
15943 14979
7814 3956
17651 17360
3932 8314
19567 13369
5422 2022
16451 19377
5472 15129
1651 8599
6784 19270
3115 14137
9936 10168
14182 1058
14686 424
16385 5898
7555 12328
877 15369
16284 18528
12729 217
6842 12297
13585 12264
14318 10037
11642 19790
5167 13293
8389 11950
12563 11504
6088 2499
1672 270
3557 16358
694 19941
2257 8248
12270 3133
3618 8554
1662 16347
8770 8504
8644 2356
768 2963
12393 12410
2753 17559
5703 11142
9510 18265
2646 15597
764 4318
15866 4321
677 16560
4263 2933
4808 16532
6066 8426
5087 7727
4773 13856
16230 13417
16212 16998
16379 8605
9408 19132
6164 15110
10274 15673
13376 12920
11271 14140
17237 7137
18460 17914
3698 2723
847 8505
19255 6912
16930 4342
14639 1704
18198 10870
15120 14410
7868 11499
3015 17276
10632 9179
12387 907
4852 5763
13826 16122
19902 11064
3260 18363
8979 6957
1087 9825
15462 342
16737 12393
4684 11376
14096 2882
2246 9216
17291 10114
716 307
7390 11348
9485 19776
12254 14337
5540 6081
10460 5443
17145 13720
3806 6124
678 4892
15949 16140
5234 12686
8533 9917
4063 2630
12799 6309
11845 10090
16422 12561
10397 3813
3909 19881
3589 16163
14218 9129
2244 4679
14571 19389
18398 18376
5513 19075
3269 1462
15215 8503
14148 3749
18420 18210
6378 11219
4519 18223
1310 942
10785 11706
4754 14693
11587 8343
10856 5806
17472 13100
10484 12043
12490 8883
10420 18002
7958 13689
19464 3174
2192 13612
6922 612
11823 13300
11831 16341
11523 13140
17283 2308
4846 2038
17001 16432
10381 7858
2239 7853
959 12722
19895 13448
1605 10315
11451 9563
4004 10915
12737 6196
4528 19659
6808 16350
12959 18638
12692 4483
11778 9975
6791 16624
12013 3793
13057 2394
11650 15295
10247 12609
8018 10142
6057 9623
458 17508
19186 4462
8423 11923
10657 12951
11582 17464
9301 4542
16103 1993
9024 7882
11968 15815
4506 3982
19607 17562
6376 11258
12858 16622
3867 876
6764 9924
10499 7222
7432 9685
11683 15855
1608 2340
8806 13190
19804 18106
17731 15908
100 6756
3790 12068
2572 8295
16050 2179
5857 2426
13436 18714
19047 17302
19590 5811
7226 10089
13033 14658
19773 4716
10513 1382
7056 19318
14572 6861
17425 12304
2769 17525
19060 6558
9594 1632
14853 5644
3810 710
8069 17245
19424 7116
14548 19015
12927 1775
9104 5960
16432 8878
10676 6946
10260 17731
6264 4832
4592 3690
17136 7361
1215 16196
13919 10809
17827 8772
16452 1637
9481 4521
18882 8906
11637 13431
7922 4564
15206 17026
10523 11638
5904 1199
18583 16164
18930 4848
997 3523
8537 18132
10883 9752
14328 4802
561 12156
13573 17013
13792 3055
1534 12675
11961 13170
6107 19883
17734 1313
16909 8258
12951 2814
9457 11535
18977 8387
16382 19973
11910 4920
18106 2794
14672 12435
7596 15233
4591 1170
12246 18383
4225 13780
11059 16186
6951 17165
16069 4685
18478 12978
12943 11429
15791 2400
2964 14768
10787 19346
14742 2697
4266 12849
5490 18938
5284 13085
14171 9874
14255 6418
8257 18479
199 19316
14665 7149
16481 10734
11834 14959
3712 4777
6389 19503
7176 9352
14271 17962
8698 9014
660 12964
1863 6149
11903 7147
19234 6075
17021 13489
12492 5279
11969 12691
4595 6634
19839 1076
17367 11674
16035 1080
16451 2424
583 3628
11776 14854
1590 475
3869 2250
13438 5732
8398 5342
12878 7633
11416 9899
1123 3908
15177 13091
16598 19771
19725 16438
848 17092
8113 16882
18172 4564
19306 18754
8191 11082
13608 9781
11556 17476
12030 4995
3208 429
10336 16086
8062 1752
5985 9184
5660 1163
2276 2259
934 2001
18697 1782
19093 6810
18664 17265
11373 17970
16020 19564
9053 9628
9345 609
7105 1375
5604 10313
1804 15939
6400 9865
17691 12384
19049 3351
13547 1325
5609 14481
3326 4306
16262 2419
11116 14926
19683 2489
12897 15703
2053 1950
5332 11398
2558 12437
12772 8162
2751 14576
4101 9150
4441 1793
1535 3490
5143 15081
4815 10752
9563 8140
15058 5825
10558 6174
752 10242
8663 13648
5946 10716
15597 11278
2114 18155
3715 14886
6317 6465
9462 10418
15615 13902
12210 17150
17392 17353
12231 2207
8105 1794
10347 3164
7619 905
9338 8370
11147 18000
2019 17092
8716 17615
8370 10830
15771 12085
5716 2089
18550 15177
12506 14165
9080 4717
11315 6473
2070 3547
8679 10175
5341 19026
13338 12959
19931 2676
1330 11078
677 3348
8171 9393
964 16540
223 16734
8626 5938
18822 7176
1116 11329
1342 10195
16045 12656
16668 18114
16203 5348
8290 1544
4374 1629
14503 4305
4304 15833
15382 4981
19180 3553
14373 145
94 14595
16878 8719
534 15701
15894 1650
7030 17235
11845 3075
9892 8513
1190 6095
13860 9480
7639 18233
11108 2143
2538 15412
17975 17920
393 17156
1473 14766
17300 1567
9362 14179
10285 9895
9880 6180
11544 16909
3416 3389
19984 13307
11901 1175
19402 5762
10654 7042
3995 1762
9184 6532
17174 7160
4453 17566
4317 5926
12332 1617
7492 1694
15795 17777
11589 5675
3957 3134
2585 7372
6523 2569
680 18424
3744 83
4186 14397
7124 8180
16159 16308
14712 13334
3469 19164
10900 7785
5090 3233
9402 12582
4927 5197
10359 16516
10872 14316
19649 13457
1688 6173
16026 2368
4597 19769
2450 8782
14167 9574
16962 10327
5883 11674
3661 9351
10839 14560
17135 15929
17793 6537
8512 2721
11734 18870
19236 2607
13186 18886
16063 14874
5059 12089
17241 9655
11858 19691
18437 6025
9265 15399
16352 15148
7074 13
4499 17912
14573 1635
13842 12366
8172 2354
15087 19905
1224 14323
2513 14410
13209 18575
9284 18267
10664 6526
7923 2522
6218 6360
8547 15483
1759 4900
10631 8832
4912 15129
6745 19484
16764 588
11851 4936
2941 6938
4842 4165
1262 7354
18575 14470
5930 7859
12738 16593
14385 661
19115 603
7021 7663
16085 8780
12562 6717
17612 17474
1847 4357
16958 18610
4944 8810
3547 7885
15748 8389
12050 17009
15742 10625
11480 1672
18484 4218
18265 12869
4879 17381
13472 11899
5044 9558
679 17606
16274 18290
15080 18120
2648 12038
16731 7592
849 278
15477 16596
8666 7527
13606 4409
18151 5086
6081 16635
9304 4346
9505 14182
1727 2978
6082 6771
12535 6761
4377 8810
5052 19456
6930 7699
11495 3661
15291 12343
3939 10768
8940 12604
18294 2547
17013 16446
7632 3094
13082 16935
7440 2588
11118 9166
5565 17199
15936 18100
3960 314
6910 9011
19769 13840
16710 11264
17500 12002
3608 1440
2770 12548
14044 1065
15094 11057
17511 2726
14150 10593
19661 1590
13180 10779
10756 18745
7979 6693
16845 11939
7006 3755
951 6775
17594 17660
18039 15095
9662 1647
16534 12432
14194 10578
13496 9288
1636 11008
12014 15785
1601 11676
17375 14781
2456 8131
13526 10434
14823 10371
2373 1830
14126 3323
8605 11720
984 6644
6815 10646
8291 3350
3078 2486
13928 16574
11774 15563
7582 3789
11349 9183
15464 8724
3964 17919
16855 17490
8353 11679
7861 10726
13508 1988
14049 2113
13707 15032
8757 523
5679 17048
3872 8757
19533 17800
5332 11307
13364 12914
15095 4713
2097 10560
13437 6061
8479 10292
3551 16832
1971 11412
7558 15479
13399 1607
17591 7107
16639 6349
7629 2319
3397 11501
11075 2930
9301 16407
14237 2665
9321 9333
7378 11417
19892 815
17478 8371
11106 1029
5204 13077
12441 12761
8556 5841
14368 6147
12947 11008
12496 576
13327 15892
12077 4402
18822 1379
809 13060
4044 10130
2393 11421
1547 2286
12235 19025
10657 3342
55 15860
16418 12495
8621 4974
18335 2990
11121 11283
13998 3618
11859 7325
19510 3936
11727 18332
5314 12536
11393 9358
2666 13785
779 4213
16070 13014
3238 6727
16356 3292
2587 12774
15787 11208
17748 14123
14198 8870
5406 8197
12487 17265
15521 11997
1201 7248
10330 6515
19784 1723
15872 2450
15508 16651
6663 11579
9665 9900
18306 6022
13192 894
18795 8979
12101 16544
3102 6300
5415 8508
14496 17902
5773 10018
9899 6974
17266 230
13488 17050
1953 9361
19500 17460
6012 6163
9039 15677
16063 7345
1699 9255
8238 495
18234 340
17039 1337
6640 2454
9844 1137
356 15617
11154 10255
2591 8420
10484 16079
5471 12437
5441 4971
9897 11453
11134 18936
7130 7197
6282 8829
16452 14520
9324 14686
14860 6363
16022 1501
8816 5867
2637 9172
1485 13790
19426 4075
2211 9911
155 7682
2348 5596
12653 12245
17048 3787
11181 4179
10984 17463
13007 7436
11984 2331
2123 6844
8693 18145
8344 17509
4012 10981
6681 5496
4771 6107
9571 6982
16018 9726
14664 18365
15321 7317
10610 12369
11104 1792
16547 2089
19254 9555
9524 11238
11886 11647
18082 580
9792 6427
18088 13803
17407 4770
19299 2179
10877 8870
9160 6895
18595 3825
5260 13916
11141 15870
6286 2246
17661 2834
4334 16915
12388 13858
8154 4275
5505 6237
4854 15296
12663 2943
9100 10070
7712 8399
12248 18589
17269 1409
5484 15865
5233 10743
9782 16374
6614 16067
18619 4275
18901 2954
1191 11290
16811 9344
15564 2317
15580 418
17613 8243
3360 6713
18313 11072
15112 10561
9661 12382
11969 15144
8247 17202
5888 18028
13576 12501
14096 12196
16776 12997
15149 17966
4288 11961
7310 19851
14277 2891
269 11890
11134 3629
18603 9447
14701 13716
9 4362
6098 11977
19506 14345
9179 5395
12373 2756
17896 6470
14951 14672
19467 10100
12638 3755
2062 19948
3606 16338
2840 3875
8229 13973
7504 6833
3421 2205
549 3429
6567 6647
