290 236
-547 966 -240 -987 73 102 -270 27 -984 292 227 46 -157 -60 83 -490 781 821 497 162 -266 754 564 163 -776 219 541 782 735 -153 715 739 -806 -370 -133 806 -897 -192 447 977 293 -220 -543 61 295 725 -848 532 -401 299 801 706 -14 -144 -106 -638 493 265 -493 -892 -309 -447 -283 -149 69 714 288 -55 -278 112 -723 873 135 -634 760 761 992 120 -919 858 -177 -918 102 -485 413 -486 309 -695 278 771 803 571 -112 102 -513 516 945 -217 7 -829 -359 565 252 -445 -547 -993 199 136 -597 -836 458 -326 -160 454 -12 265 930 -820 137 -295 378 37 722 -537 369 -694 -471 667 721 588 -286 -905 -30 776 237 613 180 -157 -196 -957 -608 -804 453 158 309 879 -243 -252 -909 -387 285 -485 -388 286 -478 -544 824 780 180 -525 567 -693 65 694 -29 -599 438 -632 -728 938 61 208 -275 858 -930 -526 911 747 -578 -125 859 -871 2 -564 -926 -324 674 330 -908 945 616 358 -74 -454 -577 -440 -702 664 144 141 711 -215 -834 720 566 -400 -97 -964 849 881 447 -327 89 -406 618 -593 -369 -207 -646 -765 -590 779 93 -783 16 -158 865 -597 508 -923 729 745 -1000 -435 -466 -463 -776 -827 131 -253 -149 -215 -733 -216 -217 -318 -196 860 -826 -96 -546 -562 -336 -941 963 456 325 -85 -72 -699 804 723 656 983 -582 -367 -968 740 410 136 264 501 -577 -612 -726 222 598 620 563 720 618 -548 -177 -925 887 623 153 965 118 158
107 -50
112 -522
228 648
16 272
138 -736
180 352
208 -313
55 808
215 614
28 940
46 -96
208 -437
98 -354
160 -390
163 -124
161 -600
284 662
2 -974
18 529
284 -551
212 928
192 -512
232 435
169 -923
254 -294
284 481
113 820
120 -956
269 21
244 716
140 316
59 -105
230 366
242 611
141 159
203 558
13 152
209 -236
118 -138
67 422
81 -638
273 -367
227 -632
68 880
199 -564
92 -813
227 -348
14 -919
189 -140
249 -229
118 306
218 924
163 235
191 960
236 838
48 743
196 -189
280 -655
236 196
278 -521
42 -507
109 828
109 495
257 -929
46 -444
25 -391
123 -15
47 -952
67 588
105 403
172 716
271 -133
167 -98
26 -887
68 -66
259 -57
183 913
119 1000
138 -803
13 -838
205 -266
163 -971
130 456
153 120
218 -762
226 -268
166 344
183 308
74 -654
108 -1
25 -538
260 540
71 -966
253 612
163 -147
107 78
136 545
103 737
188 712
274 -2
180 584
246 -363
258 814
251 -747
227 -771
261 111
202 -350
97 -525
256 -690
69 887
116 299
71 -528
119 -999
168 245
144 -1000
20 -524
36 137
166 114
275 458
232 -427
290 -502
230 114
189 360
33 -370
59 -685
1 -658
8 -388
172 182
74 239
110 375
210 -202
16 -222
92 -721
278 462
122 -150
29 316
159 -31
64 -25
245 -806
198 -930
192 736
209 311
227 366
247 969
156 -496
264 244
103 835
181 -942
10 258
21 -217
85 309
288 961
241 -425
101 474
126 252
289 -714
139 629
273 -80
80 -627
289 -225
159 -84
111 531
203 -923
3 896
260 688
287 741
235 -107
62 415
8 367
118 -562
251 121
166 -549
194 420
78 -392
111 -61
159 -521
108 458
6 468
98 732
280 554
88 -199
239 -952
144 154
11 768
37 763
183 -752
250 -369
126 -334
9 -853
97 868
84 360
156 -373
254 -270
26 -158
40 505
233 973
128 -53
212 -276
48 636
80 787
253 -954
89 -152
127 -395
42 963
39 -281
233 242
125 925
155 458
199 954
258 -256
71 339
102 26
81 -657
253 341
265 -877
75 -330
232 -881
218 -522
254 -892
233 -699
94 912
106 -164
164 169
189 -622
71 963
215 -932
27 -583
280 -237
161 -179
137 527
33 644
249 793
66 253
83 -814
217 -49
10 823
