130 862
-697 -700 938 -136 775 -267 -86 -291 -826 -484 10 -578 -468 -85 999 -917 -172 465 976 -30 905 -787 175 584 -740 578 -711 -823 272 849 -993 844 -189 -651 419 778 -218 -956 507 -987 -752 592 -646 -726 -249 -857 -938 -53 191 -357 -778 -886 -122 919 724 -638 -363 -944 730 -417 817 -623 -176 -282 -420 245 965 918 -161 262 -551 -936 -35 -896 -458 -116 97 286 246 349 744 -647 327 78 710 74 -165 463 276 838 265 450 -280 -408 -451 -264 -685 -942 -194 -216 -616 270 785 -836 847 -830 415 406 -710 614 -69 -161 -734 942 436 -139 847 -724 910 621 -601 -816 534 55 -655 -651 543 -242 623 -587
85 371
49 -126
40 -264
113 209
27 -511
68 826
122 -661
91 -940
34 -550
44 -202
1 -808
34 922
72 667
102 939
99 -238
50 -512
22 412
97 -180
10 -434
109 -558
58 -979
48 51
64 -115
114 166
55 -672
124 849
33 652
43 -76
75 45
5 -420
1 91
16 269
86 386
61 774
104 65
26 151
25 -114
71 -402
1 -120
44 769
10 718
91 309
43 334
116 -627
71 -58
19 -578
78 -290
83 289
61 261
32 -662
106 -499
70 -585
58 957
17 458
122 97
75 686
1 834
46 -751
117 -299
56 -246
103 354
28 792
64 -50
61 -855
87 -2
78 790
38 16
44 -875
6 -153
28 -957
91 -327
128 786
108 636
40 658
75 323
34 107
87 18
31 448
58 -245
105 736
58 553
130 841
38 370
107 223
107 -333
87 959
70 -386
113 744
121 823
4 -538
113 391
89 -473
62 911
18 -671
24 -559
2 260
79 122
110 -624
92 -566
30 456
44 267
45 -774
69 543
51 38
109 -915
96 -737
8 465
109 914
24 755
68 -698
34 -562
13 977
128 -360
29 720
34 -547
78 624
29 238
114 -195
100 450
72 -292
84 -893
83 -402
56 971
83 470
106 -734
9 -836
16 296
129 -53
38 -958
38 -135
91 284
104 -914
99 417
110 -166
15 -560
25 -414
72 -430
83 -72
128 700
5 -294
14 -604
37 641
15 181
84 288
128 747
125 241
59 -346
97 504
46 878
78 -375
34 991
33 573
65 888
85 145
113 -437
95 188
122 598
59 -110
43 874
95 -329
78 170
9 958
8 -343
16 342
2 694
62 931
119 943
27 -139
45 -779
61 -929
95 -915
44 -972
92 -695
110 -254
125 -475
101 320
58 -531
36 550
88 752
46 623
105 -579
89 672
65 752
90 707
114 -523
96 -788
58 163
49 406
2 457
74 -524
117 153
35 -234
71 43
33 -14
73 769
1 -833
86 -384
17 957
56 -752
7 -333
88 -954
123 497
67 57
22 -455
15 -528
73 -725
114 142
71 845
12 -967
38 -338
94 401
48 -638
37 -178
120 68
128 122
82 -897
26 -933
58 536
59 -354
11 -521
25 772
100 -980
96 -257
121 -303
127 73
112 -347
8 -540
68 887
51 831
92 -778
31 934
66 -566
112 -577
76 623
82 426
13 -454
53 12
99 -736
123 -173
49 -983
129 -963
10 468
43 -373
82 233
48 -581
19 67
25 -888
93 382
109 480
53 227
21 -492
35 637
81 -905
45 991
123 127
107 -698
96 -704
5 -711
28 -301
77 445
101 -890
110 922
108 950
31 -529
38 -143
126 500
40 626
59 447
94 -86
111 -384
6 -253
32 -143
120 -544
88 -265
39 840
34 -880
108 919
28 -706
98 111
93 286
29 -594
25 771
119 372
58 -772
60 604
86 -766
63 -592
36 542
105 -125
110 350
114 578
30 -836
75 600
73 -635
88 -127
124 961
60 230
97 -701
110 716
104 -712
43 -708
5 -383
36 948
74 -232
107 -110
30 610
49 311
7 33
27 155
4 -748
20 633
46 -567
96 -835
49 -472
111 -764
3 -15
106 849
7 219
58 71
58 -745
2 93
50 -585
106 -693
40 -760
53 71
81 995
57 -97
51 -797
92 46
58 825
68 634
69 -515
31 -863
95 -577
89 99
52 -726
79 -439
103 853
37 -800
15 103
15 -166
42 -184
107 314
40 -430
102 697
67 987
43 -28
67 -241
113 511
109 -959
104 973
79 -598
46 -384
100 -63
101 486
107 -5
120 -332
113 -880
69 -385
27 -364
53 435
92 -506
76 -313
19 80
92 -436
34 67
41 246
10 -727
18 69
64 360
118 -218
48 844
38 -708
120 -11
57 671
33 562
107 71
26 -746
72 -423
50 -973
97 -363
53 -327
85 593
105 -427
76 -22
4 -254
67 -675
94 -873
95 915
16 934
66 -39
33 810
2 -346
7 -393
49 312
12 -264
114 -438
119 -791
14 -694
94 -958
44 -612
49 397
3 -287
97 -614
55 488
99 897
58 -662
122 153
18 981
13 69
121 675
4 644
83 158
9 -293
115 -209
54 -272
98 92
38 -202
110 167
130 -793
62 -797
27 -251
114 -483
7 161
117 -417
9 -162
10 69
107 -506
100 -755
18 -121
10 -425
73 232
18 367
69 109
34 -479
21 -260
6 -749
86 -459
40 -920
11 -287
23 744
88 -460
78 264
120 587
93 377
21 -135
88 -952
80 -293
82 242
85 -830
61 479
84 -67
117 -693
5 4
19 -269
61 992
60 978
53 -265
3 -607
108 -477
91 -396
22 -516
47 -280
108 614
51 981
6 9
69 111
87 541
103 -205
47 -953
87 -963
50 -516
46 -949
79 907
119 -537
82 -291
130 -532
130 990
118 471
70 -532
26 -658
22 821
33 603
65 -876
69 873
47 -988
124 682
12 -766
10 -282
76 -781
61 -407
67 -641
89 754
49 -691
120 -460
97 591
125 828
2 490
69 -741
31 -203
59 -800
98 -333
130 469
74 837
130 -777
54 24
11 23
59 488
100 987
118 555
92 541
63 854
39 430
113 576
124 503
86 -770
4 -830
12 -787
87 -183
93 -305
26 557
24 -656
97 606
49 419
128 435
9 -488
91 -550
65 -64
108 -117
71 320
12 -128
89 644
77 926
91 29
98 17
42 -486
84 952
102 884
59 566
123 -224
7 107
35 -598
9 115
75 -677
118 915
122 -108
42 -729
4 69
25 -154
126 -578
114 466
6 805
26 880
119 -722
5 490
113 494
81 -742
89 -876
111 -3
38 300
113 244
91 -859
120 477
21 589
105 -444
5 383
75 191
48 -617
80 -447
22 844
29 588
78 305
19 -867
55 -995
7 427
16 463
112 584
54 99
17 -374
67 -659
63 922
119 -673
18 -422
99 871
54 -64
24 -679
81 432
63 249
111 -282
52 -947
49 -900
50 -291
121 -613
70 971
113 -22
64 17
112 -952
73 -896
121 882
53 942
35 -526
40 -361
89 -538
104 -577
6 -757
78 207
71 831
33 -761
9 849
53 -101
13 -93
27 367
81 540
96 242
126 227
75 -926
45 -890
90 -603
105 -260
81 726
106 -823
92 -917
31 -947
120 -439
130 -591
25 200
87 153
91 -811
44 -13
21 -54
45 -650
28 54
6 31
79 -618
22 188
1 361
8 -765
36 -271
93 -688
34 -764
57 -503
125 -126
18 79
117 -658
38 -525
38 605
112 -637
29 720
50 -92
3 -196
114 -401
110 588
76 625
111 620
57 -226
13 -119
114 285
92 847
8 659
94 -262
115 -170
76 785
43 239
55 466
47 -587
104 558
117 637
97 -529
26 543
90 -835
75 -775
38 -82
107 -812
34 228
119 -766
96 341
17 -628
49 -769
45 316
53 489
109 708
99 466
17 822
63 -372
48 177
20 949
17 -189
31 -430
73 365
29 553
111 520
70 -77
12 -340
100 370
48 56
90 795
70 -807
53 -722
26 -947
63 -270
82 463
32 486
8 -949
74 370
23 -788
34 790
26 842
66 309
99 752
103 -941
117 35
105 438
14 -235
49 -321
94 -158
12 510
39 -427
4 -525
26 -420
62 -97
107 122
103 86
116 144
9 -623
102 440
61 832
11 -58
117 34
7 -438
6 -721
31 815
71 244
73 425
33 788
31 400
38 57
56 -523
13 -235
103 -261
39 -934
106 11
61 903
16 -407
18 499
90 962
82 -631
12 718
9 275
68 -574
96 -18
95 878
4 -972
88 -846
63 336
106 557
39 -887
56 -253
67 168
124 -589
85 -446
39 588
39 -579
53 166
78 -510
19 -769
6 -710
20 -999
90 66
45 -229
120 -266
69 -606
4 -939
128 419
26 451
66 -58
25 -522
127 -949
128 -918
50 637
119 -413
28 980
81 627
102 -379
9 -276
3 -562
53 72
60 -585
30 764
94 544
114 -244
71 100
83 -901
89 -789
87 -62
121 980
117 -432
62 58
121 -413
107 -288
127 -892
126 -993
96 -602
3 900
77 867
118 375
102 -233
81 410
80 -196
38 666
11 246
118 409
19 991
64 95
12 -57
44 -391
115 -614
80 -678
84 -315
76 495
98 -916
50 -839
28 -902
37 772
83 -216
69 254
111 443
1 -997
6 -789
94 -792
32 -849
31 264
47 -479
17 -530
81 90
29 -531
13 180
26 -355
19 -708
119 -805
11 -965
2 -192
69 902
122 -283
9 -353
67 512
54 90
50 -746
85 -710
71 529
30 -806
126 -546
115 716
128 560
66 822
95 -185
38 858
34 -94
53 671
7 863
63 -231
9 -140
48 826
