782 986
447 -482 305 571 -365 -737 827 946 799 819 -460 131 -342 -912 -104 875 -478 -896 -155 -137 -133 -771 -981 -627 -316 100 39 -903 402 849 -79 -893 -970 -913 -526 159 -106 240 412 -684 -186 -337 551 -177 596 426 -663 -8 -269 185 826 987 -392 733 95 -701 193 -781 -34 -437 696 581 272 950 -811 187 -959 849 205 -503 348 -705 250 483 -831 849 564 846 -479 -353 998 -686 -12 831 -860 -728 -397 563 -954 262 248 89 -817 -375 -979 -915 990 54 -277 -564 -639 840 915 -262 993 311 -526 409 -610 540 815 -308 464 760 465 -313 -983 365 430 -808 -423 417 509 -504 -670 -487 767 -329 -855 -513 -436 -286 -818 247 852 -390 823 -258 -870 -302 935 628 -211 842 415 -404 721 -655 321 457 -832 593 18 -75 -297 -397 383 -294 310 -517 267 -912 -296 -39 510 -616 -389 498 -78 -330 639 -600 -927 663 -268 -321 -712 -49 -937 829 -346 -323 -123 -717 497 589 -876 714 -898 -407 414 912 -632 -741 -140 -549 -41 93 851 -896 368 295 -665 447 962 873 885 657 920 -491 -373 160 144 -918 -430 -599 -706 506 905 -621 28 -255 -193 969 -396 715 -409 203 -332 -107 945 499 -862 -626 -608 -994 -728 671 206 -910 -959 -495 391 -650 -810 -844 477 949 587 588 -744 890 226 -337 -322 281 36 966 -208 975 -452 487 228 -379 -890 -537 -182 -508 -295 895 -137 917 -463 731 -839 -93 -782 320 -463 -953 -52 294 733 30 779 -973 921 589 -632 -168 -562 -734 -713 6 744 -978 558 181 -43 -940 -267 816 -265 -812 185 -714 341 -677 923 915 -599 -815 -399 -358 -31 -922 46 -803 -854 756 455 942 597 72 92 11 998 -875 404 195 490 858 603 -116 -340 -676 916 322 909 589 -473 468 426 -33 -79 -47 440 799 -587 -289 -327 -490 799 469 -582 375 946 493 -545 -532 -534 -24 -320 272 -418 -274 -812 -889 803 -959 684 937 -228 -67 -812 -134 426 606 -45 -295 -968 -964 -716 -53 53 651 890 651 605 870 -957 710 971 308 632 684 -35 -847 -667 -295 576 -793 -180 -410 929 -551 -283 970 784 28 908 -453 336 827 -532 280 -234 772 81 -378 597 993 652 -130 -970 271 783 472 -681 901 563 375 -645 -612 -689 -237 -214 -172 -492 -764 816 706 -471 -927 -975 -95 -569 -913 136 430 -95 1 -274 140 -371 339 -587 252 908 -254 732 391 313 258 -834 450 232 913 910 -436 515 -261 -18 430 636 767 581 533 -166 66 758 768 -897 489 317 -476 -966 877 535 696 614 -880 -183 969 228 -136 -71 -682 -757 -761 -866 832 -848 670 903 -454 132 360 -752 146 52 780 -621 -260 -491 784 -779 -469 -611 -894 709 599 -152 -309 -788 413 -840 -939 962 -274 598 -812 576 735 -953 588 -163 201 505 -179 -199 -638 -80 -87 -357 606 285 -179 59 -272 927 521 -854 -488 -608 803 -924 -570 679 -908 984 955 -124 940 615 556 -962 416 -805 853 80 -883 789 -269 485 -239 -159 423 -314 784 481 -633 -414 -272 -542 -955 867 -965 845 -342 -692 -436 609 -157 -249 -828 662 -741 -828 449 -461 -492 -985 451 279 225 4 -261 415 311 -699 843 -599 374 24 954 152 -145 -780 -527 723 160 287 450 604 538 228 -948 398 738 -41 -906 577 982 63 -727 117 -499 -805 634 -299 -811 304 -586 519 608 856 -207 -864 -589 495 931 691 688 -686 343 381 -517 147 744 -222 -187 -881 132 162 -111 -199 21 -831 -600 -11 -659 686 -719 -49 -95 -454 -148 154 706 -534 -268 -433 -282 503 163 -202 700 -750 686 -561 -353 -221 -513 833 955 803 -343 -101 -372 -672 -316 -477 -618 10 374 594 462 727 -922 959 19 346 -606 645 -858 939 693 -139 348 -577 -49 -631 -591 -94 -808 -8 824 400 -488 -639 271 5 -203 -601 639 -48 296 -88 -521 -679 -570 514 -71 -374 277 -221 997 -456 563 83 228 -992 -856 34 418 -818 -212 -301 -631 5 -765 777 863 -112 368 -819 113 -302 -559 -827 -662 869 986 782 248 -689 317 99 69 -102 -262
94 -597
606 -70
121 -199
336 -681
18 -665
600 -583
688 565
20 -51
473 -76
101 252
220 -84
48 -499
299 -95
15 -249
229 390
150 363
689 -200
23 -719
651 681
108 -746
2 -166
30 945
195 -224
446 276
348 -692
183 -522
709 -171
671 911
114 -305
194 375
699 982
7 -489
525 -788
513 -525
71 -830
543 -4
737 598
613 -483
434 643
524 -738
229 -133
762 924
45 439
598 80
215 785
295 538
33 860
780 -63
385 -197
545 -660
117 129
255 871
212 -277
741 135
416 297
23 -248
147 -928
524 -803
364 -653
671 -446
778 -547
377 -359
429 277
290 76
254 -400
510 -234
45 -348
46 -358
713 925
649 356
436 -882
216 271
44 -486
552 713
240 647
485 810
323 -902
71 -604
353 -15
588 -961
28 249
219 691
321 80
727 -502
752 -716
702 -463
732 -23
651 770
397 641
168 436
767 928
584 249
330 -515
627 -938
255 -775
761 -127
768 766
471 -390
723 -752
229 558
86 -1
132 -154
481 -766
107 382
28 782
236 143
260 516
267 -792
471 999
594 -540
535 729
140 -454
544 -971
780 -925
751 228
706 121
17 388
643 4
369 -7
734 -329
719 871
483 -93
257 734
714 449
326 -363
218 -790
602 722
566 213
234 36
157 188
630 -912
646 167
42 632
238 -219
247 -397
309 128
98 -35
694 114
301 -356
772 -583
242 517
99 240
442 -580
442 958
700 -597
165 363
380 641
344 -398
271 784
399 -739
387 -102
760 -323
621 -510
223 698
185 551
466 734
167 -127
106 -971
63 37
529 289
62 -389
223 -191
673 181
260 516
17 10
469 -424
380 -787
270 -333
286 -764
270 -850
753 504
138 202
188 -945
618 118
49 -979
344 -850
562 512
108 297
411 -492
465 427
692 -906
775 415
165 -381
470 -869
508 -641
676 -481
453 -208
219 557
702 -218
425 596
702 320
503 661
61 820
505 -602
6 -344
340 -970
416 -560
437 770
483 934
104 783
663 -613
627 -346
97 -554
753 -43
751 -858
312 -643
76 616
223 376
387 367
111 -505
522 403
440 -796
265 817
117 440
533 709
426 759
114 -290
598 212
143 -508
235 -253
473 -416
487 104
483 89
529 -728
781 357
95 18
395 267
630 -744
597 109
351 279
495 1000
743 -369
326 -163
260 149
286 446
51 -550
139 -318
506 -412
499 -341
416 -739
316 858
344 -296
354 764
233 -827
589 572
719 -309
90 -905
523 150
475 -102
496 735
722 -185
742 -738
406 870
428 123
537 991
611 684
468 -947
242 -655
137 646
608 -130
185 76
604 -357
94 279
109 -5
127 882
755 -465
734 350
269 820
354 452
217 -928
475 -764
593 -693
681 -754
234 -461
289 -591
75 443
724 110
146 -602
599 827
388 -723
468 -846
764 927
412 -206
515 930
456 354
343 -896
467 295
715 -667
456 -394
189 939
215 -453
171 418
252 -722
698 278
632 -240
699 784
98 -58
456 -914
191 -867
555 -415
312 -140
622 193
685 -444
235 -859
766 672
102 748
121 36
634 750
630 -698
614 -340
658 -665
697 -267
574 -413
195 251
605 -406
486 956
136 378
367 -382
469 401
64 -712
703 95
402 -23
641 851
512 824
272 -977
170 -25
224 809
357 -973
233 -193
320 -296
419 396
725 -611
604 932
736 461
437 454
574 -487
46 -103
80 -805
234 -42
578 -548
74 -355
623 -293
391 671
448 994
299 -820
40 293
459 250
290 418
182 -341
670 -141
223 578
111 986
123 -33
755 -732
683 63
441 -616
613 -254
236 649
297 -837
723 -363
413 652
330 663
12 610
710 248
68 -181
247 258
338 634
386 -199
302 560
415 626
190 118
729 -211
731 15
751 -858
666 -490
166 -102
49 537
731 -734
580 -827
76 271
739 538
530 -99
78 -279
154 491
87 -202
303 -7
430 -936
522 25
669 -991
282 842
529 189
500 -358
1 769
432 111
180 877
401 554
3 555
518 343
400 -68
753 258
150 173
532 -342
603 586
305 -129
727 -845
200 -805
196 -592
487 418
265 -358
316 259
758 902
184 346
347 482
194 -60
342 -149
83 -509
365 -709
483 -291
637 -639
424 292
104 495
667 467
709 -375
621 704
594 76
763 827
224 421
434 -428
104 -708
529 -647
601 -193
599 6
514 -874
677 789
254 -195
206 683
98 -310
484 718
630 789
297 -349
570 602
10 -18
188 96
58 95
640 -920
427 49
659 616
685 -701
135 -480
273 845
610 -670
634 -389
583 -234
222 -684
589 838
494 -899
468 868
561 206
494 88
702 449
105 -192
635 -703
21 91
302 -701
87 -568
276 -869
385 -409
585 334
327 -633
730 185
528 -45
158 -433
470 -855
282 -477
222 544
39 851
235 -198
617 423
481 36
437 -142
580 187
329 207
399 -20
744 -469
280 -245
717 -697
741 -436
195 496
515 -683
518 -476
444 -145
275 448
484 -994
748 -693
274 996
123 13
650 228
357 -816
636 387
624 63
515 60
28 -796
53 837
38 -991
447 -366
630 347
687 406
352 67
765 237
118 -864
154 -994
49 -271
95 -885
488 -272
17 -809
536 -778
155 774
202 973
136 -76
67 -836
728 215
25 -816
349 -680
535 -38
118 168
518 897
518 851
514 -850
37 279
347 813
686 263
478 479
504 14
5 250
186 232
273 698
84 -953
36 788
740 -32
479 -429
695 -900
665 -368
142 799
269 -649
720 -743
623 -537
371 967
461 -265
425 507
600 236
51 903
109 -477
281 -267
631 960
292 -293
782 -992
417 -554
412 445
652 -134
174 -163
736 -780
491 513
174 -592
186 -431
254 -147
456 -321
231 71
50 980
568 993
420 310
207 143
722 -430
244 -515
752 736
640 -943
320 -460
776 -59
418 -657
767 -813
148 241
7 -236
590 135
238 -134
663 -904
103 664
717 500
699 -633
678 -771
184 617
307 -536
690 -876
411 324
658 -184
215 151
342 644
608 -808
466 574
661 -784
312 -94
561 -176
775 -799
689 -1
440 -783
564 -107
227 -643
476 642
547 557
167 -767
31 -138
681 176
321 862
123 -209
605 981
530 836
487 553
241 -453
778 -823
419 329
242 -478
307 -608
752 -662
594 336
532 837
707 -762
19 -42
472 721
125 -337
220 587
165 801
416 466
667 912
137 -422
253 532
416 569
636 103
229 -506
709 -193
122 -79
133 -561
596 493
717 -901
315 391
762 -385
92 308
280 216
664 629
627 330
522 657
108 819
465 98
608 -979
114 -110
216 -615
291 -677
193 84
656 81
565 153
763 344
688 -969
740 -139
203 28
489 656
715 -607
121 -542
150 -537
778 -143
505 -915
59 -547
310 -447
416 -976
644 479
9 512
182 -899
757 295
574 458
430 -662
29 -593
645 930
295 -314
245 583
319 -993
133 -917
620 592
181 -764
695 -336
648 810
354 -924
670 729
92 -955
552 -739
106 442
645 -496
312 383
47 -112
389 -722
255 -188
162 856
717 -176
27 -923
280 -26
585 937
4 -230
711 -181
681 602
654 -52
279 320
554 517
136 806
182 -890
10 27
101 484
306 -892
773 -713
304 -568
400 327
248 577
358 -547
683 -449
247 897
269 183
418 -856
753 843
482 -37
12 123
563 -642
563 894
41 616
243 -640
657 -811
629 -939
630 366
372 -363
228 -80
547 -896
720 233
306 452
265 -914
243 -731
749 -701
366 -239
249 15
529 90
617 -33
76 390
570 326
103 -829
260 -293
322 -73
314 156
7 -564
555 -997
648 -430
199 339
124 834
595 -711
521 956
763 331
422 -979
540 85
56 947
473 -677
163 777
498 -890
715 -103
719 -402
614 -898
314 -633
455 -373
538 -908
562 328
467 686
120 -625
484 -571
252 655
738 -501
601 211
637 -78
410 450
475 76
142 929
447 301
59 471
432 479
695 -858
320 -606
438 348
125 986
611 113
48 796
314 -997
369 488
102 42
685 986
495 -440
279 349
638 -667
753 687
377 709
508 -261
233 315
461 166
251 298
538 -570
555 -53
550 -214
320 641
177 -682
395 730
72 -758
427 541
498 912
420 351
455 -458
525 542
714 284
596 774
294 -54
224 634
275 248
397 580
648 125
189 190
624 -249
278 243
282 -213
418 124
732 995
520 151
397 -474
676 496
162 997
428 -670
548 387
710 -886
194 -587
670 -601
548 650
194 -415
402 290
429 478
434 -670
177 -903
527 -938
343 -167
701 -341
348 406
480 751
98 -531
299 -491
624 -443
17 891
663 -783
136 568
738 -689
571 179
285 767
338 706
477 805
5 -669
547 -573
463 82
120 -590
444 -840
298 -889
646 -798
173 830
267 139
57 32
140 952
232 -344
345 -596
150 -385
266 -391
577 644
17 -250
469 643
251 804
70 -801
489 87
320 353
479 -279
321 112
556 -641
37 513
35 745
345 469
448 197
648 712
474 102
170 -936
423 771
317 119
313 199
406 773
769 629
555 -276
638 437
41 -621
137 243
768 -234
287 -997
755 -857
541 777
452 -829
192 869
715 77
98 -672
692 675
252 -992
123 -320
678 -623
780 428
307 -657
152 -332
634 -278
161 -174
187 906
485 140
304 108
518 -706
274 -293
43 743
209 -148
93 56
54 -911
772 -469
33 -831
307 104
218 545
187 -434
486 -276
202 904
574 -758
479 214
703 -604
707 56
396 -719
728 -574
150 266
159 444
551 922
269 -265
240 831
329 68
1 -483
515 -782
121 921
218 892
552 422
322 679
300 -912
342 -386
218 -374
453 -201
47 -14
25 -558
611 598
722 -993
151 -69
490 -182
53 600
447 -178
695 -783
410 -636
549 975
584 406
583 626
399 52
14 -859
636 839
522 -334
327 341
730 -672
382 -631
680 -470
124 -973
448 255
760 132
30 -480
361 572
191 -458
550 564
636 691
682 137
673 -908
229 -678
