1000 131
-563 108 638 690 465 148 -452 -568 317 -197 536 304 -136 454 -354 -525 765 697 -527 -614 -547 -867 -103 207 -196 -685 332 -384 436 -411 804 -750 -327 -864 -118 878 630 471 80 933 -797 -818 -548 -58 -604 652 264 -530 303 -647 477 137 -590 647 -837 843 777 713 604 964 -968 -475 -843 -71 480 -496 -73 -296 -243 276 -423 71 -921 876 -463 730 -721 -858 -44 -870 -590 328 -568 538 -614 191 -412 255 -87 382 -733 -747 -556 578 -541 -632 -79 -281 -809 851 245 -203 -989 -375 549 -719 -458 96 -830 898 -755 -169 662 -156 -633 -796 477 157 184 346 -803 558 808 971 -344 -5 -598 -311 331 966 557 360 893 -416 -68 -882 979 723 931 332 -127 194 239 937 648 301 -986 366 -568 242 47 -241 888 658 917 -781 41 -920 761 747 -435 -390 113 150 895 484 486 -437 -487 705 -872 352 -412 -889 -869 -199 -9 532 -178 -633 -605 697 613 -121 263 20 -747 -31 -124 944 897 -605 5 -56 -86 -251 846 149 -604 -533 322 160 -727 -568 -82 -712 -299 24 833 795 947 178 -839 327 649 834 380 -77 -66 561 -160 748 -744 731 -944 946 971 555 -511 -713 979 -670 596 952 -289 -527 359 -586 -186 698 -910 278 -493 -375 673 745 765 243 -684 317 -465 -806 1000 -541 -374 -911 -355 -980 -241 -917 -533 164 380 -859 549 -628 0 485 560 734 -328 -600 201 603 -917 -840 -732 -137 151 469 -576 338 -155 -55 832 -649 625 798 -26 -1 963 969 -429 96 335 387 -580 -102 910 601 -432 -704 313 -540 881 818 466 -152 -311 -848 834 -634 78 547 -137 1 -796 -497 206 -72 265 898 -522 209 -264 -296 -335 -213 -529 680 918 -687 -425 960 861 -557 -138 -350 -343 -628 74 -863 -822 780 426 -814 -200 -332 -615 -705 663 -205 768 908 412 672 50 916 777 -186 -764 548 -784 993 -324 880 24 160 -93 -489 -883 -966 457 -851 384 49 -111 678 327 -380 -457 914 -880 451 -746 906 -417 -159 750 964 415 -576 -224 266 -542 870 861 -477 -652 -341 -702 987 522 1 272 321 488 4 915 -877 77 399 993 -899 295 947 -233 -808 -731 -934 -782 881 -846 -178 -330 25 507 542 768 -844 -786 -263 592 -405 753 -193 -397 339 -392 971 -280 306 144 160 -304 -846 986 820 877 500 -542 818 -514 513 661 950 -726 -302 182 979 -63 856 -410 679 869 -216 -845 -896 -568 -301 -546 -241 798 684 -670 432 519 920 -423 -149 -577 -259 356 -568 -764 254 186 -507 -31 583 523 12 55 745 528 -987 -519 431 -962 414 -861 -804 70 932 -337 -600 -850 -396 -532 -192 -213 70 26 261 -381 111 546 -447 315 -368 -595 -86 522 591 205 513 418 -743 808 -909 -584 -130 251 -62 84 284 103 775 -419 -814 706 -473 -71 -764 67 76 -380 -78 -357 666 -780 287 -992 848 387 286 872 -610 -264 177 248 -248 -734 -524 -306 -671 -788 -892 -817 308 563 557 -963 -157 -609 862 964 -360 697 557 156 -848 -589 -130 -771 976 -467 282 -814 925 -209 -724 225 -670 781 -397 -955 831 505 942 -510 -323 989 207 -80 322 654 -803 900 335 140 -184 855 -374 -20 788 38 321 -657 -368 -321 -290 730 50 186 423 608 -759 527 -789 -651 558 -120 997 -281 -1000 959 843 -969 486 -919 -780 -795 874 166 258 -891 935 -567 76 904 -997 -471 -352 -963 -513 603 302 -143 244 -238 -960 -782 225 -262 -948 824 915 905 81 -76 -291 -4 36 360 517 909 -979 312 -298 -568 877 -236 935 -687 698 530 822 218 -575 -399 -917 -230 -303 -829 -297 -32 -938 334 -957 -589 270 -179 850 146 454 -719 153 -446 -306 -558 471 -172 527 187 581 -494 618 -636 525 -949 -823 124 -150 -529 360 -145 745 -750 -71 490 850 -725 201 -207 -877 63 823 -644 55 217 860 -813 113 940 769 895 460 -517 -278 -220 -688 391 374 -583 499 -69 766 497 97 792 -22 -254 415 950 -787 1 492 -455 -79 -66 361 -583 905 -927 -251 605 769 -932 -36 -234 -866 -397 -859 303 257 -564 857 117 -546 166 995 -938 -782 -485 187 526 709 -814 -89 -827 710 -425 -168 820 -975 -44 983 -313 624 353 -155 -974 -223 250 -287 -375 252 596 -388 -858 -731 16 -332 -684 587 -828 -525 -1000 -865 430 824 296 -172 -700 -660 -514 -36 534 416 72 113 -145 -271 -169 -869 -286 -30 970 711 -726 -677 19 612 534 338 -424 -50 -199 -284 -481 504 -849 423 35 93 -658 377 -871 -474 838 641 -579 -810 889 -148 -349 -519 -919 -405 -782 -830 -444 -833 -842 -315 -707 -33 888 857 -801 -796 871 -877 -651 -367 -213 -749 -106 305 -390 -183 486 -258 -332 999 -518 76 -900 -586 -976 -236 -970 341 -509 -814 -878 0 -43 -988 -427 -967 874 859 1000 111 116 -870 723 235 -644 -654 -64 248 -820 -703 -232 -151 122 -378 194 -173 797 397 89 866 -411 540 865 -382 -230 172 -25 -113 293 -790 740 -863 -880 331 -966 -101 348 347 -737 285 963 124 453 -508 -244 -419 344 -83 742 -346 348 -433 320 -245 -254 -92 818 636 960 -997 636 -92 -669 -820 -122 -863 -812 -470 441 -235 150 -50 -795 36
739 851
545 416
132 937
300 939
299 199
121 726
769 -456
276 587
187 896
797 -777
173 -231
488 -48
435 97
187 -569
804 569
381 82
632 31
365 -53
723 693
704 -104
170 -559
872 -536
590 -247
873 -554
271 513
373 287
266 988
131 914
262 747
556 41
75 518
270 313
188 568
44 -630
759 -951
590 915
747 -343
188 350
1 -933
969 -366
694 229
174 101
576 978
556 660
742 802
766 -597
453 -266
263 766
480 -71
616 246
984 -326
108 371
69 -115
119 626
963 574
748 -441
656 97
222 -464
165 432
634 812
660 774
243 -801
601 -42
574 716
603 756
327 3
317 -463
315 890
736 -151
696 907
76 665
690 372
383 -145
991 -923
508 602
301 -510
591 595
626 -525
56 -519
20 -60
214 -375
179 181
551 916
28 -167
301 -803
399 173
579 -963
179 -37
656 666
704 326
251 38
93 -697
672 -869
235 146
529 -595
482 -50
153 540
315 -803
885 641
733 -692
180 -741
692 -229
121 -59
127 472
214 122
496 -495
914 602
610 606
758 177
142 -509
605 -117
438 5
123 -65
862 -423
928 -401
448 162
740 550
719 916
989 934
814 775
654 -753
489 -298
659 -544
52 -511
34 -41
331 160
508 371
970 -149
549 922
702 469
927 481
