10 710
138 753 597 -812 870 124 -659 -259 520 247
8 621
7 818
1 -959
6 882
4 666
3 383
5 230
4 -205
6 -615
1 33
2 865
7 242
7 -712
9 -321
7 -267
5 754
9 333
10 -790
9 -909
3 -473
1 643
5 -764
2 -125
1 277
2 958
4 52
10 -380
2 63
4 -217
9 66
5 -146
4 -672
10 -722
2 711
3 961
10 160
9 89
9 -945
3 -988
3 -730
2 181
3 -105
9 -178
3 948
2 855
5 813
3 -549
2 214
7 -238
7 953
9 -789
8 -26
4 875
7 264
3 -142
9 358
4 -78
9 -30
5 26
1 551
5 553
10 997
7 -888
10 -666
4 -791
10 619
5 648
6 -157
3 -769
5 846
4 873
10 -449
10 164
9 743
10 -214
6 214
2 -704
6 501
3 421
8 -711
3 -590
1 -796
9 321
3 820
3 -239
9 -164
4 -742
5 290
6 504
4 -770
8 147
6 -547
6 -631
4 -986
7 -554
2 -891
9 -728
5 5
3 -232
8 887
2 -318
3 326
9 207
2 -50
9 -89
3 -242
9 -609
2 716
9 -576
1 -968
9 -745
10 259
2 -428
10 -381
1 772
9 955
4 -923
4 713
3 -844
6 -923
9 218
9 -798
9 801
3 -622
5 -771
8 102
8 -344
9 126
3 700
7 -797
7 -146
1 368
7 -596
2 -806
10 -466
8 156
1 373
9 -254
10 142
10 -751
9 -327
4 577
3 446
9 33
1 -332
7 721
6 -215
10 -854
1 -270
4 27
9 -988
7 -908
6 -53
4 878
4 178
4 -436
6 6
4 -890
6 -332
7 -21
6 -402
5 431
5 -179
10 493
3 996
7 772
10 4
4 983
6 125
2 640
4 416
9 -761
10 103
7 -579
2 -644
9 393
6 488
10 -594
6 963
6 -964
9 1000
4 -711
10 -589
6 91
9 -792
8 -373
2 -900
5 122
6 -551
5 -731
3 -964
2 637
9 448
7 22
6 703
7 -160
1 917
6 503
6 -616
8 -632
8 616
9 -259
6 470
1 235
10 650
3 231
5 -273
9 248
7 207
3 -295
9 -473
1 -607
1 285
8 -366
8 -189
4 -805
2 389
6 -308
4 509
7 36
2 -572
4 -571
8 -312
3 -305
7 108
10 690
9 -88
2 -135
1 -989
1 -788
4 71
1 880
1 -75
8 -264
8 938
8 159
2 -626
1 798
4 172
7 630
4 365
3 -236
10 -172
3 -141
7 117
1 -179
9 543
8 -589
6 -500
4 442
4 -279
5 168
10 944
7 821
5 424
2 627
4 308
5 271
8 -765
4 -100
7 -755
3 -905
2 89
6 -795
1 252
9 -571
10 -932
1 -692
8 -40
9 539
3 -819
9 -305
2 385
5 859
4 339
2 -302
5 151
3 231
3 569
2 -890
8 435
3 -378
7 -820
9 -996
4 -135
10 295
1 -77
10 -477
4 657
6 -521
8 85
1 645
3 -40
6 226
3 330
5 -344
5 -580
5 -750
1 247
9 -392
3 -785
8 -259
5 120
2 -22
2 -192
5 640
7 161
3 55
5 165
2 -872
8 219
6 48
8 451
3 -903
7 -546
10 -846
3 -809
8 -919
4 236
2 608
4 886
3 153
10 246
7 -70
10 623
7 48
10 817
4 674
7 -867
1 5
9 -21
4 -644
1 -920
8 -177
5 728
7 -364
4 56
8 -368
7 -986
2 947
10 -939
9 -355
5 -297
8 -651
10 -559
8 -634
4 987
5 606
2 794
5 31
10 41
4 -27
5 -149
5 -500
8 -869
8 -537
9 -426
1 635
1 445
10 322
3 465
7 379
7 641
10 -275
4 110
3 -175
9 -382
8 452
1 -578
10 735
7 3
9 15
5 620
1 -962
8 856
1 -735
5 667
10 295
6 -906
8 -784
5 423
5 374
5 891
2 -909
1 787
8 113
6 528
4 -430
4 29
7 933
8 -13
2 287
6 -132
3 -327
10 -758
2 -237
7 242
6 410
7 -718
1 584
4 578
5 -778
6 349
9 -724
7 495
7 696
3 -865
6 424
10 -736
9 -374
7 721
5 976
2 -51
6 963
9 -38
6 807
8 -954
2 -547
7 -153
7 -40
9 582
8 -487
6 -413
6 138
7 -336
10 -179
1 162
5 -605
5 -464
8 620
6 -916
7 -187
7 -185
2 -4
5 900
1 -877
6 -784
5 -125
5 873
9 -427
5 -752
9 -20
5 685
8 -757
6 -381
10 -977
6 55
9 590
1 617
7 -895
5 123
6 958
3 445
3 74
3 -735
4 59
6 308
7 -372
1 903
10 920
9 -822
3 622
5 765
5 298
8 -196
6 -920
3 -370
9 -427
2 184
5 460
3 -220
5 94
4 -243
9 349
9 -824
10 -246
6 808
5 163
1 601
8 -715
1 98
7 533
2 -480
8 -481
9 714
5 -815
1 -579
9 866
2 -376
10 277
3 99
4 -493
1 476
3 -47
8 -312
5 573
2 840
9 -126
7 140
6 -981
6 -569
5 -791
5 -563
10 -516
8 -446
5 854
3 265
6 619
4 -238
4 857
8 -352
2 -386
4 230
2 -425
2 -175
5 226
1 102
4 546
4 573
4 998
9 -188
1 -677
4 -745
4 -542
9 -634
3 783
5 843
4 43
7 341
1 -846
10 405
2 -25
6 359
4 -741
2 807
8 374
3 -972
6 986
6 -356
6 324
10 -896
3 -43
6 -875
5 -830
6 364
1 192
7 450
7 531
2 201
4 726
8 -883
1 -232
3 199
1 -803
8 750
7 -554
3 -91
10 150
7 -905
10 -758
9 -148
6 319
10 -729
1 336
5 -505
1 119
2 970
9 -489
9 190
4 864
6 631
9 981
7 -919
7 693
5 -663
5 677
10 983
3 222
3 -324
3 264
10 478
2 -576
9 -425
2 -384
10 985
7 705
9 839
5 -982
2 -212
2 720
5 684
5 329
8 794
8 -607
10 715
6 -632
6 498
4 924
5 -616
1 274
4 932
1 -517
7 -331
4 325
4 316
9 -83
5 708
9 -274
9 945
10 -872
1 -828
3 -371
1 -727
5 460
10 343
4 -643
4 746
9 -973
4 -596
8 98
1 565
7 781
1 -276
8 333
6 709
7 29
8 -417
6 -537
9 -858
4 -322
8 -866
4 164
4 -238
1 -538
8 574
7 467
5 -945
7 -391
8 -460
9 -960
8 731
8 -753
5 -779
8 -792
6 -695
7 -470
6 691
4 -72
9 -319
5 -278
4 -801
9 -264
2 675
2 -747
1 -44
8 917
3 -983
4 -2
10 603
6 -112
4 -418
7 271
2 -821
3 -944
7 -678
2 544
8 542
10 -859
8 -575
3 -130
10 -988
10 -538
10 448
10 -709
10 -765
3 453
2 913
6 711
3 265
10 -607
6 -882
8 -30
5 857
7 352
4 927
6 -327
6 744
1 358
4 765
7 952
1 -628
6 -966
10 -151
3 -541
4 -900
4 -45
4 123
10 -653
10 890
8 -788
8 -583
5 680
7 -573
1 -286
4 79
8 -902
7 -249
4 -55
3 814
7 -558
