998 826
-154 -871 736 325 -153 -286 295 -791 525 -552 557 748 -449 -683 905 -887 828 291 837 284 -94 368 -770 810 -82 -851 414 238 40 48 -296 554 120 493 289 394 505 -225 -605 -354 475 864 323 168 541 350 78 -490 -492 585 158 -391 -411 695 -503 -142 208 277 601 -259 -488 940 -375 -541 496 513 -776 494 -971 101 363 748 640 527 198 -255 -367 -397 -519 22 -847 -462 -677 -68 -283 147 -979 -255 -847 -828 -201 -220 914 667 409 935 -800 -547 946 606 417 386 -198 -365 335 419 158 728 -735 465 -108 263 -890 302 -177 -40 -654 -9 -818 -486 818 -169 -800 963 114 -687 733 -118 -802 -651 -218 -830 782 973 874 -230 371 53 -139 330 -16 -278 -862 186 -33 -952 79 -885 399 -354 169 -458 -248 777 930 357 97 -383 327 -951 202 510 999 593 859 102 -711 -54 47 961 -104 226 960 810 -894 322 -694 -530 944 33 665 427 722 542 -241 51 -458 992 -536 -290 -272 514 661 765 -466 -521 997 -336 820 47 -89 -303 -718 -702 476 -192 731 -456 -50 -212 -552 301 555 -955 888 562 -873 225 -485 104 683 -875 28 -812 -731 470 -737 658 -90 -52 -964 -214 743 848 965 894 434 952 507 -939 213 -259 -446 225 -658 -384 517 738 888 140 -735 -103 -662 45 872 -425 -534 -245 235 -89 935 637 -430 -530 -674 -491 572 -435 -646 368 -515 -85 -97 349 153 74 -583 -350 266 -459 -438 -340 -615 783 -615 546 -790 -992 -73 273 180 -262 -982 318 -149 -765 678 -437 909 -166 123 -414 -987 -263 -431 150 -937 319 545 -948 -157 -220 -78 426 -108 -869 644 855 548 -339 324 -552 -992 840 -267 -524 -632 -940 -441 -342 -536 -74 -7 -467 -497 -11 -248 -798 -965 900 597 888 -986 -405 -780 847 -761 -222 548 599 446 -708 318 981 -939 890 -489 -260 914 -498 230 969 -347 -722 839 -215 914 -775 -12 348 501 -536 69 -895 98 -534 -787 610 -441 -483 -94 -697 266 -254 -182 342 859 260 158 391 333 -541 183 190 72 -706 -607 -187 765 82 -949 -309 819 119 -931 -688 -531 -541 639 -327 412 853 -363 640 679 -798 -784 -722 347 296 -412 -641 -970 -583 -344 -206 -504 -918 262 742 -375 783 -39 -135 -473 436 -919 -989 58 224 -15 -980 -212 -998 -721 -571 410 -823 -96 -690 159 -207 -156 -281 -541 440 635 27 -368 467 672 90 123 -365 977 31 -153 195 447 -896 597 -502 -273 658 355 142 -509 143 -767 771 765 981 100 -235 -174 697 -619 685 839 654 361 -524 -43 -474 -563 535 102 -637 -826 640 -621 -109 -127 -146 588 -387 -533 -88 45 398 488 -576 -81 353 -89 -567 307 419 614 -106 985 465 752 -394 829 -632 54 964 -169 317 -661 -781 -791 -432 -770 -802 -225 437 -351 -593 330 460 -193 662 985 772 761 731 -825 -96 -475 -361 530 776 547 -437 359 -669 -236 -263 902 868 350 98 882 -266 818 -721 -506 -290 -636 -557 355 745 885 -662 -181 -904 746 803 -65 576 291 88 -325 -825 -80 260 -763 532 914 759 793 -483 393 -599 -537 -618 336 -326 692 779 501 786 -257 -934 220 -597 274 -784 -358 -249 -540 504 -109 738 -638 -476 -776 824 -476 -20 400 -734 -276 287 86 968 633 908 -208 -949 -946 768 -125 -830 739 386 -139 -362 941 39 -592 -856 -510 152 -890 -78 -726 705 -755 -659 145 840 427 86 660 974 227 337 -309 -150 249 161 -987 -928 -14 39 -802 564 169 -339 -849 -1000 432 259 -368 -360 -715 59 91 879 -556 615 642 -583 -744 -373 -442 400 541 520 -698 -598 71 95 492 864 262 545 99 -641 -199 423 -762 -445 -721 -418 611 -269 -687 160 226 -526 -784 -353 -578 922 199 -364 114 407 -814 986 750 -97 -319 -726 154 334 -939 -200 285 -822 977 716 16 435 697 63 268 -159 -361 -438 -157 -51 -871 913 -983 -790 126 -303 521 -887 998 912 433 338 554 -289 -594 -51 -329 -364 215 -672 213 665 547 -607 -140 610 812 -723 -980 197 -904 31 -809 -660 821 788 209 -773 707 -840 -759 688 -880 594 -280 -1000 -101 -801 -444 -667 -280 262 838 479 -615 459 -626 594 318 -500 -240 -673 -371 -278 580 324 590 807 -326 -20 -401 -41 113 167 -554 -296 -733 74 -228 101 616 394 742 -920 -519 210 -172 -71 -975 598 479 -630 475 -948 329 47 -343 -784 -542 -182 -194 47 864 -552 738 660 -339 100 -170 -298 910 189 924 25 596 539 -174 -264 410 -618 -722 413 -394 -357 829 -189 -925 -196 966 -921 -582 -978 -308 104 -339 -659 -829 939 636 -884 -392 486 437 24 240 -106 -543 -969 364 29 661 412 -972 -458 -374 -776 -205 -629 -758 65 -26 -308 -915 -230 972 -86 -361 119 -354 -512 855 481 -903 868 -278 -60 497 -366 877 610 890 896 855 643 -653 953 -916 918 -349 596 -60 429 586 -965 689 -694 93 574 192 791 828 753 671 -682 -396 -129 -625 545 561 584 -736 -781 -502 224 6 467 -257 -185 -608 -325 -775 172 778 511 -622 -691 -427 278 556 767 -542 -613 -440 888 806 410 235 859 -250 219 977 -452 -345 -547 -154 742 -881 54 396 -733 -671 -404
689 -615
676 -45
178 919
759 -23
687 -485
835 214
425 -488
907 -574
162 780
19 -383
266 -462
762 56
154 -489
23 593
469 -842
790 -320
394 850
39 -72
247 486
952 346
599 -826
693 -652
227 -300
997 444
130 -836
96 -335
948 -473
945 -331
161 435
251 300
888 -954
593 -424
216 515
822 -631
162 87
699 227
880 936
586 391
247 743
868 682
541 -615
896 -683
243 -796
948 -419
977 744
22 -338
960 -554
782 829
807 922
645 741
57 513
814 -391
288 -426
579 219
167 -361
58 -488
634 148
979 796
411 461
735 -18
365 9
90 445
77 -158
292 -869
826 441
5 278
492 518
411 -120
917 208
954 -771
920 -903
727 202
651 -258
282 847
807 -95
234 960
919 -611
93 -821
382 -77
686 828
270 -218
942 -9
117 562
563 -175
539 -714
371 93
201 -709
676 -582
675 545
120 -503
540 -643
832 496
248 -626
713 675
444 -659
328 910
968 491
53 915
331 -433
313 127
256 -660
535 757
782 103
331 -773
791 -729
526 -714
306 343
888 -523
122 796
349 -236
920 209
540 -236
598 451
638 -395
792 -829
495 372
348 747
368 690
870 -126
746 342
925 -530
909 -464
224 353
720 -67
491 567
943 52
57 601
612 -817
835 -625
717 390
914 717
411 41
931 -790
836 -369
418 910
777 876
842 26
66 337
1 -662
110 -452
143 -814
987 920
517 301
130 99
363 -429
855 -624
534 761
989 -738
961 525
954 601
138 -25
739 -412
477 911
329 304
431 460
966 400
865 744
852 15
392 -947
971 -150
370 -826
498 187
238 -931
959 -435
400 -430
286 634
993 -204
914 -112
270 180
88 326
69 841
169 -37
125 659
289 768
359 -183
986 667
550 -589
636 225
873 621
510 -875
211 560
268 795
543 59
712 585
2 729
771 -435
218 564
886 618
719 691
96 -376
849 -742
151 -817
768 345
642 664
374 855
961 269
865 48
557 -331
263 -88
840 -869
788 -965
29 -294
772 -825
425 -866
792 684
283 -691
386 5
734 -70
562 119
936 951
761 -829
434 -782
341 -81
855 -636
716 216
969 -866
422 -336
50 -41
717 428
216 -60
155 818
744 -434
577 648
142 582
640 -284
318 806
647 -71
673 -403
783 -852
245 768
392 288
237 97
862 766
407 56
292 788
821 -900
456 609
251 667
621 -15
905 470
385 -791
465 -277
897 -297
226 427
16 -708
687 31
366 160
570 921
413 -674
389 -749
820 685
270 -159
354 -92
786 404
804 279
689 -431
348 499
770 220
134 523
930 -128
192 -251
691 -165
134 72
201 -847
44 672
329 576
56 -495
216 276
508 -594
221 -407
336 251
121 -999
421 78
843 590
564 -117
96 -246
645 -254
480 635
451 -770
818 -256
66 -44
937 834
331 599
780 924
252 -125
130 825
180 -163
621 40
334 -479
336 -107
987 -261
488 -964
545 354
656 -845
490 -456
747 291
960 929
311 -403
241 -226
216 698
257 -327
641 962
387 -73
913 108
822 994
283 -281
294 506
674 84
897 -28
36 -356
183 -860
937 -966
52 -84
755 967
632 804
68 164
366 750
594 -111
766 -371
680 -980
129 -8
928 -569
954 -190
850 660
881 591
648 379
379 -146
974 -876
496 -413
791 819
111 -80
679 -470
261 383
376 -731
48 257
71 248
827 101
403 -88
204 488
9 -75
349 284
238 405
687 -20
70 850
295 -57
821 546
365 -187
861 661
628 943
252 -965
47 -913
860 406
340 -760
214 -180
856 589
605 187
822 213
261 -210
801 528
398 -852
782 72
791 570
842 -862
550 63
662 131
870 895
171 110
793 260
753 919
913 88
824 623
892 -592
497 876
721 -869
341 215
434 -137
469 399
529 -166
747 -989
481 -609
226 -11
758 75
83 -479
740 -777
997 -24
108 667
104 -444
755 -60
406 850
670 -705
511 972
447 -21
701 -317
245 805
701 -244
186 707
355 -110
989 333
32 984
37 605
670 842
773 40
442 -926
373 -959
588 559
371 671
938 -816
173 632
831 773
692 220
750 912
658 959
258 298
353 -305
356 365
645 616
212 -472
109 959
350 568
390 -890
88 -244
968 924
840 -794
638 -394
717 -653
839 848
31 -278
693 253
147 258
182 -789
484 997
997 -635
731 136
21 -305
587 -611
246 205
618 279
155 -761
189 -150
673 85
721 -573
703 -529
429 147
711 -413
240 655
689 -292
265 674
819 361
844 -898
133 299
506 -148
512 -478
70 306
333 581
210 -112
402 -100
546 364
512 155
92 608
599 363
96 957
474 -469
635 -353
633 -996
339 199
779 95
378 -268
390 910
667 849
621 180
884 -947
79 779
398 -902
542 978
585 -17
373 -873
774 219
9 801
955 632
424 851
838 -468
678 -323
729 -734
710 367
642 507
521 -955
119 543
253 -651
653 909
116 50
896 364
845 578
12 -919
315 -588
674 -947
310 855
644 49
758 -336
512 -352
602 -215
732 461
575 -789
569 509
442 138
531 -347
270 -246
440 -948
792 557
545 -977
962 784
660 799
203 616
224 24
829 -552
95 -463
655 -37
12 -267
877 980
985 -930
290 -930
919 -470
586 -761
44 -189
124 -191
786 -893
401 858
706 713
646 880
52 -422
249 947
107 -699
94 90
60 -570
899 -323
39 -445
72 720
879 326
31 438
962 -884
871 975
319 981
626 -904
27 -896
149 47
940 -590
85 -901
759 -729
767 -991
462 744
162 408
149 -249
691 -944
478 -93
776 -701
541 402
374 845
397 881
347 -509
421 -505
180 -339
379 -194
954 366
859 238
328 -43
311 449
561 546
831 658
189 -547
451 980
53 -452
43 -936
758 108
446 876
819 800
116 -389
838 171
23 -607
192 -264
798 701
53 -177
368 912
714 488
190 486
60 425
377 588
293 -69
653 -290
123 852
567 -628
16 -189
257 645
692 -836
198 881
5 468
556 623
684 -108
733 -667
113 -842
745 -846
101 142
2 354
315 972
648 656
355 -190
29 365
450 -669
411 248
269 -366
408 310
983 845
536 927
762 350
183 245
463 253
444 49
572 -833
912 -255
484 215
725 181
146 -885
606 -69
686 -557
237 -716
556 722
492 -435
269 172
229 -751
624 29
325 -729
354 -764
321 761
697 966
371 810
46 -23
2 526
976 -448
249 985
503 -249
809 327
14 713
129 -137
44 -469
879 182
902 -340
777 118
418 -645
498 -905
330 898
803 684
622 -149
19 891
299 51
907 26
558 -365
300 660
390 794
831 7
40 278
825 -967
362 123
164 81
170 -629
686 -436
452 -274
482 -164
56 453
737 -814
191 689
208 -857
54 -502
293 527
401 -700
793 -363
203 35
156 322
727 -302
775 538
503 -674
519 399
845 360
679 326
228 -832
711 -964
527 447
778 509
908 14
468 -362
726 -534
870 -774
857 955
48 -479
358 -943
80 453
528 32
883 33
587 106
11 -956
739 -588
412 24
480 -554
257 379
755 -367
590 -591
675 -328
930 86
378 710
270 824
408 32
214 -371
65 74
259 -636
385 -79
91 -777
403 -631
234 193
187 -35
946 98
604 -171
181 -281
354 -801
344 -886
181 -501
843 878
993 -659
320 703
812 -940
208 1
242 -92
211 675
244 -251
494 -450
412 -326
329 -903
680 346
350 407
165 475
152 43
67 -959
547 -456
31 110
712 -103
857 377
52 767
794 322
500 301
833 32
431 -942
553 -605
386 -356
257 -48
959 -229
639 830
237 691
548 831
80 -856
896 -896
878 272
160 -322
865 -562
473 -688
258 337
628 975
205 -851
303 -401
608 86
651 -56
801 -675
443 -16
484 -37
20 138
63 -38
600 -501
145 -278
229 142
150 508
174 -821
624 108
625 -393
64 -791
817 -849
821 -135
564 386
247 -209
203 66
951 -650
418 -250
705 741
115 857
838 227
286 974
987 930
587 120
741 272
705 -17
679 -663
54 -179
362 505
739 -133
261 351
341 846
39 678
68 235
807 684
539 896
132 105
101 149
222 867
370 -765
95 322
130 426
977 592
257 24
564 -388
139 3
894 -602
745 994
476 -639
166 427
421 958
275 -22
29 508
990 -582
781 943
972 -737
835 -662
37 -964
