292
-14 96 9 -22
15 -22 23 25
-55 -71 66 -50
16 -70 -67 18
-26 38 86 11
98 42 16 92
63 53 14 74
72 -96 20 74
97 -22 26 16
81 -4 -18 -7
-57 -26 10 61
10 63 -63 -34
-23 -89 -90 -59
-38 39 -95 53
-66 87 -64 64
23 -18 -76 84
-7 -56 65 0
-83 -54 17 78
-59 -57 7 18
92 67 -50 25
51 -6 41 -67
-81 -35 -41 35
-16 -85 -54 -44
-44 13 74 85
-16 26 -21 -86
90 74 -39 -81
-27 -96 -42 48
-82 -99 39 -60
91 -33 -8 -8
77 60 27 50
-94 -31 -94 -97
-26 56 34 -95
-60 -56 -63 -5
39 4 79 -91
21 42 91 30
23 -79 86 16
-58 1 -7 -18
6 -55 -31 61
-17 -25 8 -94
34 -44 1 -90
-93 -76 27 -69
76 -35 34 -26
52 24 -54 77
13 81 -10 92
40 -32 -7 6
-48 52 72 -40
59 -64 -49 -5
-24 -31 -4 10
100 83 63 41
-30 -24 -79 -13
-10 6 -10 -57
-52 -82 83 -52
-16 22 57 9
26 -12 38 0
-57 -33 -40 59
-97 -70 38 69
98 15 -32 94
-22 56 57 -32
-66 55 10 45
-28 -23 -99 -86
-64 28 -24 -25
7 -33 -16 -27
30 74 -27 20
-11 73 -21 81
49 33 -7 100
8 1 -35 74
-46 -92 -100 20
88 -26 3 69
31 -80 56 -55
-56 -9 53 7
57 -47 52 49
66 25 95 -9
76 -67 95 -83
43 19 -6 17
84 16 79 -34
-26 43 -37 25
-31 -48 -85 -3
-46 60 -2 -27
-50 -7 -22 -42
55 5 68 90
56 -6 -34 45
-63 98 -88 37
-77 -81 87 11
-30 -97 -11 -67
24 59 -95 51
26 -36 -5 -96
-1 77 45 2
-69 28 6 4
57 7 0 24
11 31 -97 -73
56 42 -16 -55
91 59 82 -92
33 61 80 67
6 89 46 -42
58 -19 78 89
-65 -93 33 -89
92 46 -75 41
46 3 -26 29
13 -88 -58 -16
25 17 92 -7
10 92 26 59
30 6 -42 40
-49 -17 -3 -43
-8 37 93 -70
-37 83 -23 -70
-86 -19 -52 21
-93 -53 51 -8
-90 81 59 -26
-74 -42 36 76
83 99 -32 9
80 43 67 0
79 18 -52 -76
30 -26 -85 -33
-66 -58 74 -78
22 59 -64 87
-25 -57 59 -5
-64 -24 -64 18
30 -68 -71 52
8 23 60 46
56 41 -22 98
26 86 19 64
-99 40 0 -93
4 54 -79 13
-94 86 -18 -77
-52 -47 55 27
0 56 -94 -86
62 72 63 -30
44 87 -12 1
43 65 81 -15
85 44 11 83
72 36 59 -20
61 -10 -63 -9
52 -12 51 76
-14 31 -9 79
-54 40 93 93
29 -66 -11 -68
-50 60 17 -60
10 96 9 -100
3 -8 -81 19
57 -70 61 -44
94 62 98 6
68 6 91 -31
-73 72 67 -16
75 -52 26 -75
-7 -99 60 -30
87 -60 -98 -34
-44 14 -11 21
-4 -26 90 -69
100 74 90 77
-32 -79 -71 -47
51 -10 45 43
-95 -98 -51 -39
-27 -66 -34 -24
-24 -86 41 19
61 82 77 -91
38 -10 -12 -27
57 -7 39 13
-98 -92 63 -49
-82 -65 -16 -80
-72 -49 40 -33
62 -23 1 92
33 -44 -33 -59
-2 67 -94 67
15 19 -49 75
-74 99 74 -36
-60 98 44 24
-96 -82 -23 -85
-4 42 -14 12
7 -53 -39 94
49 -9 60 -30
33 -60 -77 -98
25 -77 -29 -22
37 -48 46 -64
20 11 54 -39
-43 63 22 -32
56 -74 100 -94
-83 64 -51 11
-91 -69 -96 69
0 -35 90 75
41 -63 76 -35
83 23 -81 -19
-39 -31 -97 -83
-4 -30 45 53
-97 -57 -83 7
80 34 -7 -86
-40 91 -78 -36
87 -100 91 91
99 -96 -95 69
-68 58 -17 -18
40 76 9 -17
95 -48 88 5
13 28 -16 15
-68 60 44 -87
17 -19 -62 -82
69 -13 -77 -99
-92 47 -81 56
13 -92 45 77
1 37 9 -17
-98 -1 -98 87
-75 -99 75 -22
-95 33 -37 -40
-42 -99 -2 -71
80 -24 -88 98
38 -4 -8 47
-67 -85 29 40
69 -49 -40 -99
49 2 -21 11
50 91 -29 74
-21 -57 -72 55
-68 -53 -23 -56
19 -98 88 -92
-58 -35 25 97
59 -84 -29 91
-76 -89 -60 58
-86 -53 -91 -60
68 -96 77 42
-92 79 49 47
-26 1 -51 64
-35 97 11 18
-76 -37 -70 11
-61 35 37 100
-72 -4 50 -91
62 -93 11 75
-82 58 27 -43
24 7 -54 14
-42 -49 26 -78
-45 -15 -39 -47
-35 4 43 -59
77 -99 -88 -27
-100 91 -8 77
13 62 -79 57
29 46 56 31
11 4 -42 92
53 71 -71 92
3 82 -70 67
-78 80 -83 -30
-51 31 -10 65
-64 63 -95 98
66 71 -13 -21
80 -30 33 39
-59 29 -53 54
78 23 4 -98
89 6 28 -17
-87 -13 -74 -61
4 32 -11 -34
-12 -19 -57 76
83 96 90 -32
16 -83 30 74
39 -56 80 -79
-67 84 10 23
-43 58 89 -50
-76 -91 53 19
52 7 -54 -74
-99 -96 72 50
97 -15 11 0
74 -33 -46 -3
-95 96 61 -48
-15 96 -75 60
-71 38 68 70
9 26 -83 -57
90 -40 19 16
-43 85 85 -1
-95 92 71 98
-64 9 -75 -6
-92 -67 -96 52
57 -78 -54 -32
87 41 24 75
99 -85 -56 -37
57 -15 80 -26
-63 -27 -18 56
83 57 91 -76
-38 99 79 9
-18 -4 -56 -29
65 -2 94 53
83 61 -45 -41
-18 -60 -27 99
82 57 -76 -33
73 7 1 90
-28 7 23 -15
-19 -88 -33 -83
40 -85 32 -94
-32 -36 3 -56
-56 -35 -32 -51
-74 68 81 99
49 62 59 13
71 28 -21 -92
66 -28 -70 31
93 -98 -28 -56
-49 17 -66 90
10 53 -72 43
59 -62 85 -86
61 46 -61 64
