406
68 56 85 -37
81 -21 26 -88
3 -31 -6 78
65 18 -53 69
55 78 40 -91
40 89 -87 -46
-58 -47 -40 41
-67 11 73 85
4 41 -22 -50
74 -15 -93 -68
-4 -52 -100 -56
-77 -68 26 20
13 30 -39 10
49 -83 78 75
5 35 83 88
-24 25 93 70
63 56 46 65
-95 -42 -19 -77
-91 -92 -95 6
-68 50 -13 97
-98 42 -65 -98
99 -5 -42 60
78 70 -41 43
-8 54 -59 20
-82 9 69 -82
-99 96 1 -67
-65 -3 -97 -67
1 -36 -21 -6
1 47 -95 75
57 84 35 -6
62 -83 -50 -28
-66 -52 -14 -35
36 59 -27 91
75 -89 -17 85
66 -13 -70 -22
-53 -5 -6 68
-28 -9 -30 -6
84 43 50 26
49 65 -35 -98
69 91 47 -6
86 -43 22 -69
-77 31 -20 -37
94 77 -43 -46
67 -18 81 -42
69 51 -32 99
25 79 -32 -22
-82 4 55 28
-59 -25 -9 78
-86 88 27 -48
59 14 93 28
-12 62 -85 44
-30 78 -86 -46
-41 8 84 -24
34 91 20 -55
-50 60 4 -70
2 13 -85 40
-21 43 -52 47
-35 -76 62 5
-67 -19 59 -1
-64 -44 30 24
75 79 43 10
-48 -90 59 86
10 -33 -38 -68
-14 -57 -27 -8
-76 49 76 62
37 -45 64 84
92 80 12 -56
-38 13 -7 12
73 89 -82 -71
-90 86 2 29
-31 85 5 -46
-70 13 -42 -97
-10 -66 60 23
-49 8 -60 -75
25 24 -84 -32
-81 -42 22 18
-28 78 -85 46
-64 84 -8 75
80 -12 -43 57
-42 -1 -94 11
2 -46 81 -73
84 -91 -39 70
87 92 71 -74
-16 21 -27 14
17 -89 3 35
-52 91 29 -20
-4 64 -12 94
90 -11 98 19
-12 -15 73 -76
100 7 38 -91
32 -8 -82 55
21 -50 -50 43
14 71 79 -62
-28 2 -50 -17
-32 -72 13 71
39 -7 58 -90
-27 -86 -94 -48
-38 -40 -67 -83
2 46 44 -58
-4 16 99 22
-5 64 -11 -23
-93 57 33 -4
32 18 87 -26
12 -66 -45 -72
-42 62 -3 -95
-67 -48 50 32
-73 -9 -23 -45
-41 5 12 -78
-42 7 -78 -77
-43 -22 10 -20
20 -27 8 -52
-87 59 2 -9
-37 -53 -87 53
-42 88 41 64
-55 -11 -12 31
60 22 -84 3
-93 43 6 -62
27 38 46 -21
-39 74 -79 -91
-64 -65 53 75
-21 -71 -44 30
80 -17 -8 74
-24 22 91 72
-64 92 99 -30
52 -80 -75 -60
98 13 -39 -91
75 -5 -86 -45
-29 46 10 40
4 -36 -30 38
36 -24 43 24
-62 79 44 -55
-69 -46 77 18
-32 20 96 13
63 1 1 -60
-28 53 22 -67
-6 -14 11 -1
23 43 -51 51
58 -79 -36 -89
-57 -21 -45 95
69 74 8 -2
54 -57 84 13
90 18 78 -77
71 -30 12 67
89 91 41 -56
27 -29 34 10
70 0 -6 31
100 -45 70 -73
76 33 -88 35
77 99 -2 -31
55 -6 -68 -27
-32 84 8 -46
27 -11 -58 -64
-19 -27 -97 28
95 -99 -16 -78
100 65 -20 22
-31 -77 38 -74
16 -84 90 82
-76 -12 -47 78
59 -36 73 -43
66 47 -23 98
57 87 -24 -18
38 43 53 11
37 -23 15 -73
56 -28 77 -75
36 51 -51 -95
-47 -27 -31 85
-69 -6 13 0
-34 -68 69 26
22 -24 24 -80
-95 -44 -50 -15
2 -22 57 -50
-55 -89 -25 -35
99 -24 -77 -24
-98 36 61 -77
-27 -36 -23 -9
-27 49 -18 -11
32 -85 -45 66
6 90 75 -4
78 -14 -73 -15
-70 -3 -87 42
-49 -26 89 -1
12 -7 -53 -23
-44 -100 64 -5
43 -93 -80 -82
33 12 29 -9
-79 14 75 73
-73 -78 -5 77
4 -1 -79 31
-53 -38 79 36
26 -28 -10 -90
54 38 -99 49
10 -60 -73 13
-29 -20 34 66
-52 15 24 -89
30 -61 -33 52
57 15 68 60
27 55 59 -70
-27 13 -3 52
36 32 77 -47
4 -91 -99 -56
-14 -49 -74 -4
67 -94 62 67
42 -4 96 -99
62 61 70 -60
-74 7 -59 90
-14 93 15 1
54 -42 -85 92
54 75 -18 53
7 82 -16 87
-56 8 -45 -20
15 78 -22 -21
95 60 85 -58
-33 -23 -12 91
84 89 -53 18
58 -90 90 2
77 28 -54 -57
-37 -47 37 -3
-41 -36 -82 -54
1 -9 -48 13
-79 64 -82 11
79 -54 4 78
-12 10 -77 35
4 5 7 1
88 82 18 -99
-26 -57 59 -51
-38 -63 22 -62
47 -41 -91 -96
6 37 6 -49
-25 -75 -72 -36
-99 -30 -66 70
21 -36 20 -38
-3 64 63 65
-53 75 -33 -51
-78 13 -45 -11
-13 18 73 -88
-95 74 52 52
-33 -75 52 25
-75 24 1 -20
49 -53 40 -60
3 -85 0 49
-4 -30 28 -40
78 -7 81 8
47 26 19 77
57 -31 -17 59
-39 -10 9 -77
60 -78 -7 -88
15 -81 -96 -45
1 -97 -19 -61
17 80 36 -90
-22 -3 -17 -32
57 68 59 -3
11 56 -25 -14
44 -24 -27 76
-3 -55 25 76
33 64 -4 -13
-16 15 4 84
-95 74 -47 -84
60 55 93 -81
30 35 52 44
3 -21 51 -80
-81 -39 72 68
-80 96 49 -49
25 -4 55 -4
31 -56 -85 -87
-54 31 59 47
51 -67 -99 -35
-20 45 4 -38
-41 87 79 21
63 36 -42 54
-95 83 74 80
100 -68 -45 -93
-88 -82 -1 -97
27 68 -2 -59
-17 -99 -80 96
-89 27 67 53
-96 78 -38 -96
-41 -77 52 -30
-79 -53 -55 86
-48 -82 -92 17
-87 80 -15 24
21 97 -58 10
-33 -44 -82 -40
26 -54 -79 1
-42 -67 61 77
81 -58 98 -96
41 40 -57 45
85 18 86 -20
-17 81 48 90
-5 62 28 33
21 17 -89 73
-90 -40 8 54
-76 -17 -39 83
89 61 -5 -81
19 32 0 -81
-17 -88 -12 28
-15 -98 13 9
16 -72 -93 -40
48 -97 -53 24
-47 72 -97 15
-90 59 -88 -37
48 35 -23 48
-94 -85 -100 -75
-68 100 65 -33
72 36 -68 -62
-65 75 3 -93
49 -24 -73 72
-61 82 -72 82
-79 -78 -10 17
8 64 36 99
52 5 60 -42
7 -97 -80 -38
87 -96 -86 -84
10 97 65 -40
-87 99 -10 -61
40 24 -52 1
38 37 -72 2
15 -53 90 33
-99 -78 -64 -25
83 55 77 -49
-33 32 -89 40
80 15 -8 -26
36 64 -76 21
20 -57 -22 93
53 8 94 -32
-79 -82 12 -10
-24 25 48 3
22 -84 27 34
-50 75 -82 83
-16 62 26 -29
89 -22 -44 -19
41 -99 -33 50
48 -64 -92 10
-54 17 17 79
-82 -30 -64 -59
84 60 -9 94
-43 10 -36 77
-41 93 -44 -65
57 64 -40 -50
66 -14 11 -67
-12 56 20 -96
-67 -89 66 -22
37 -56 -3 -45
-85 77 -60 -34
8 -80 -66 -59
23 -17 -93 40
1 68 53 -70
35 -99 -46 -36
-55 -81 -59 95
90 80 51 -70
-43 53 73 80
-28 -19 -17 68
24 12 -45 50
-6 22 -45 9
85 55 -3 -13
95 -32 -20 -54
81 -11 12 88
47 31 31 -49
-16 -81 45 18
82 8 -17 -23
5 20 -10 45
97 -78 -81 -64
-36 3 -10 66
-19 -76 16 36
47 57 28 75
2 77 -18 18
-80 88 37 -59
90 -1 -66 51
56 -12 51 40
-78 12 -41 97
-10 12 87 -38
24 -64 -70 -25
-12 25 19 95
-33 -36 47 87
62 14 19 93
15 32 -18 -4
-30 75 1 26
84 44 -20 -82
10 -92 -26 -45
-53 -29 -53 67
-45 -81 58 64
-63 43 99 76
-1 76 9 -19
79 -14 16 -95
37 -29 -69 45
-27 -19 32 8
-48 25 -10 -7
72 38 17 -22
80 81 76 -24
-97 98 -42 75
21 -30 56 -12
96 -23 64 37
38 80 -14 26
-25 10 -97 -58
58 16 -90 91
-97 -59 49 -53
-9 -28 31 84
50 -85 -13 -62
100 -82 68 -44
82 -77 -93 13
52 -83 -44 -51
74 -66 -70 53
41 68 -40 -78
-52 -77 91 -13
15 -23 -63 -95
-45 -86 97 96
-94 56 -16 0
