785
-27 -84 -32 99
56 -18 76 53
80 4 58 64
-77 80 68 -45
-82 -56 0 98
91 -54 68 -10
44 47 -23 -17
30 64 34 27
60 46 -69 2
-80 94 94 -22
-58 -61 -95 -78
15 -89 -10 73
-62 78 -36 9
100 -56 100 72
47 -76 93 -34
-44 -31 -12 65
78 -82 53 99
33 18 4 49
65 -35 54 -24
28 89 -29 81
78 50 -45 -6
85 33 -52 -12
4 95 66 -52
-30 -1 61 95
82 -84 -75 -39
11 67 -5 46
53 20 30 1
-10 72 17 -69
46 -91 -20 -39
57 -60 -22 23
64 60 -50 -65
-1 -91 -76 53
26 -53 -22 38
45 -14 4 -68
9 -40 4 31
-80 -80 61 -64
37 30 93 94
20 25 100 -4
70 43 29 3
-42 83 -11 42
-56 31 90 50
-60 -67 -93 12
-90 -22 -10 -18
58 -75 -4 -15
-67 83 -2 46
-38 40 -48 -79
-41 -25 44 94
-24 -88 18 -71
-26 -80 -16 -14
93 86 -78 -14
56 -44 39 29
-1 -8 57 -61
-80 80 31 -63
76 -14 -65 -30
-40 -82 -29 24
-36 14 -91 -37
-46 66 24 95
78 31 19 -92
12 -80 62 18
-39 49 12 18
79 -62 -13 -45
-60 53 -16 85
2 45 31 64
16 19 -78 -54
-8 59 13 -98
79 -8 100 4
56 1 -8 70
-53 37 -11 12
-29 99 95 -38
-63 75 -27 -28
-100 54 98 -22
44 -10 36 58
-81 -12 12 3
71 0 15 68
-48 52 27 -36
-54 -83 38 91
69 -82 25 86
26 94 -70 -85
-27 -43 74 -18
-69 -8 -9 49
38 81 -85 56
15 -97 -34 60
-41 46 -5 -43
-43 73 -24 -18
-76 73 97 -84
-25 -38 18 -43
17 83 -86 -41
-31 -85 61 24
-43 61 61 -6
73 -29 90 -80
30 80 -23 -28
-43 -96 -48 -19
-13 -37 74 -77
-56 -34 -41 -80
-65 83 24 66
40 69 75 78
-30 -2 33 11
-2 98 67 -55
10 -45 83 -8
-77 31 54 -36
9 99 -43 33
78 4 -2 -12
-75 -67 33 -65
12 -17 -8 62
70 58 57 -19
-65 -14 -74 10
44 10 83 92
34 85 -78 -38
28 -80 2 54
-78 -11 -66 -86
74 -85 38 55
-46 6 -80 -13
-54 -62 11 33
34 -35 39 -59
-41 84 -15 -16
38 -70 -59 -18
-32 -27 -100 53
16 60 -88 26
-45 38 -38 -17
-72 -99 -80 56
-22 48 3 -19
23 -18 -84 -42
92 -52 37 75
-91 34 33 0
66 -69 -11 -26
92 -28 15 7
52 25 -22 -38
-5 55 -13 24
36 -83 -10 91
30 -5 21 33
57 82 -64 28
-4 99 69 -42
37 -15 46 20
75 96 79 -78
-71 -79 -95 87
-1 69 58 15
86 -7 -13 -96
-23 -8 -53 -88
-27 97 19 -24
40 26 62 -32
97 43 100 76
82 30 72 -1
51 95 2 -71
-21 -42 16 -73
-13 49 27 38
-12 -26 50 -99
48 -86 64 -68
-21 -47 -36 -87
-55 -73 16 77
29 -22 -84 38
-35 24 -30 -77
-24 -23 98 28
-100 -31 6 -24
-37 -45 9 94
-13 -33 -94 -46
-46 35 77 39
-4 -5 -96 39
26 -29 65 6
-67 -91 -39 -27
20 -27 69 -55
73 -46 53 55
15 -15 65 -66
-19 27 9 -7
88 31 44 -36
-66 97 -79 56
-38 60 -72 35
92 72 -34 62
-64 31 46 90
42 -63 -49 -98
32 -85 -10 45
-74 -37 85 53
-98 -66 57 85
-42 26 70 67
-57 -91 58 38
85 -51 17 29
-57 42 92 31
42 -49 -78 -4
-94 19 -93 14
4 -17 96 20
-89 -49 47 -60
-64 87 -9 99
56 9 -60 75
33 97 0 -7
45 -72 3 -96
15 -33 26 -100
-68 0 82 -2
92 -6 37 35
23 -98 87 72
60 92 -31 39
-24 60 17 -5
-37 -7 27 -76
55 20 -65 26
-31 61 -21 31
-20 -36 -87 -81
-37 34 -38 -88
-58 34 -7 -36
-12 -15 -61 50
-16 -16 64 14
4 31 75 83
-35 72 -32 67
30 36 -77 88
-73 50 -39 81
85 54 -53 -62
-39 9 -74 79
96 28 71 -49
-56 -74 2 -99
-40 -81 -52 -19
-22 57 -53 76
0 1 62 28
33 3 -77 -56
12 -65 -67 75
-29 -91 6 47
26 -10 -11 44
-78 52 -96 8
-69 99 -95 16
72 -39 49 70
-5 -1 33 78
-36 1 34 -62
-1 65 99 -68
52 33 68 73
-59 -23 -54 93
-19 -68 -22 49
-67 -87 43 35
25 -4 -16 31
6 -11 -78 -58
-29 28 72 66
-7 -51 55 7
88 100 -89 -81
86 -2 56 -69
-41 -29 -17 -86
46 38 94 -33
17 -13 32 -92
-74 37 50 -11
97 94 -27 96
31 18 66 56
-56 47 77 -74
-9 -18 65 57
-91 -21 9 61
58 55 58 4
20 -12 2 31
-57 -63 1 49
-9 25 6 -31
54 24 47 -90
90 31 44 -3
100 -6 -32 43
72 0 -94 100
57 76 -47 13
-19 61 36 83
-67 6 -26 34
89 65 -20 -9
87 30 -63 71
-23 27 38 11
-68 -9 -1 -73
70 89 61 35
12 -73 58 -77
69 93 37 -73
72 77 40 -89
10 79 55 41
47 22 -57 97
60 27 23 7
-96 74 36 18
-64 -89 -4 19
-3 -53 88 -63
28 -21 49 -9
26 89 100 -78
-15 -55 -68 -40
-43 -100 97 23
-9 45 -81 -4
-62 49 12 98
84 -34 -7 -11
-28 5 -1 -80
0 49 56 70
-46 -89 95 -11
25 -27 65 -40
-78 95 81 -42
2 -90 -23 -36
42 36 87 7
-69 -43 62 35
-11 78 0 13
-79 40 -22 -73
-88 -63 17 80
-58 81 30 33
-57 -63 23 74
-70 76 0 61
-96 90 82 57
80 25 -29 25
1 73 -66 21
-79 -90 -100 -100
50 71 -99 52
-59 4 -35 -81
-83 96 94 8
1 13 -68 -3
-63 -28 41 38
-61 -93 22 0
52 3 -98 18
-71 37 27 87
4 -64 26 17
16 -98 -49 -57
42 -54 -99 68
35 -3 57 66
18 -38 70 -1
94 -24 59 -43
79 10 29 -48
55 23 -79 -37
-80 70 -89 -36
-42 -49 8 -7
-10 -13 -93 37
47 -52 13 -81
-72 72 -88 60
-63 18 81 78
-91 -50 -96 29
17 84 92 -32
15 -61 -79 -49
-40 -52 93 -75
-51 34 13 -38
43 -15 -31 -9
-48 10 -50 7
52 37 23 96
74 1 -64 -58
-82 46 -23 -91
21 -72 65 96
-10 -96 -82 -31
-14 22 -39 -47
31 49 44 65
57 27 25 -92
7 58 -40 -78
-13 52 8 31
58 -38 -29 -35
-50 -72 -8 -10
28 56 -64 -86
66 5 -61 7
6 -94 -96 -99
-92 78 -5 82
-21 -83 -80 41
-33 -76 18 -81
-79 -82 12 85
-82 -44 3 100
35 53 -58 -69
51 -44 -18 -36
-51 -63 -42 41
58 41 -6 -73
-74 79 71 99
11 -59 -77 94
5 -12 -28 -21
-72 -41 39 -43
-24 -36 77 -55
95 -33 -38 -45
56 -59 -52 -23
-43 -96 -26 -96
9 26 -81 -87
22 -45 -79 -92
-12 90 79 -67
74 -18 83 -44
-2 82 19 62
38 44 2 -33
97 -60 -28 -23
-40 -5 -53 -51
-26 50 -75 65
-8 -58 57 -7
-56 -49 100 2
-50 8 -44 -34
59 -93 0 -48
25 -79 68 61
40 -38 72 76
98 -61 -42 71
-30 74 83 -87
18 -12 17 44
-66 -81 -68 2
43 -79 -67 -80
89 -23 -14 51
89 47 -41 -32
56 78 20 93
-97 90 100 -75
-71 34 -63 -26
65 92 -83 16
23 -42 44 -71
-70 -61 -66 29
25 28 94 -31
-41 -17 -64 81
-100 -50 -51 -14
7 -80 -94 63
-10 83 -23 -49
24 -8 -52 -56
71 53 22 -58
92 -6 -87 -39
1 26 -18 80
53 13 82 66
-76 74 -74 -96
-75 19 -31 90
73 -11 27 97
52 -76 -82 -66
-76 1 9 -36
84 -75 77 61
-66 -44 49 -74
93 -56 -55 61
75 -34 -36 -36
73 93 -99 82
99 -47 61 36
16 51 82 -52
21 34 97 97
-25 -86 62 -57
-57 21 44 23
81 -97 -94 67
93 -41 15 44
-44 -26 -19 -16
-16 -18 1 -24
71 56 -47 27
5 -13 -93 -2
-87 36 -31 82
-57 34 52 59
-72 -73 -14 -43
-92 3 -15 -7
-22 0 -90 9
29 -97 99 84
67 -56 75 76
97 -84 9 -92
-45 97 -75 29
26 40 -90 78
21 -27 62 69
52 55 -83 27
35 46 51 47
-58 -27 -32 86
-55 32 39 72
-69 -90 -79 28
36 29 -89 3
98 96 -10 -95
60 -80 39 20
45 -85 -6 -60
-89 86 2 40
10 50 -43 94
-54 -43 83 56
-78 56 -91 -74
-2 71 -51 87
48 79 19 -76
21 -24 78 83
-5 -10 -50 79
96 29 -1 19
-77 22 -46 -24
0 80 85 -60
80 70 -31 -51
-40 -17 99 42
-39 79 56 96
-13 43 -18 1
21 95 61 -28
-40 96 -60 67
-36 -6 0 -22
-67 74 -35 -83
4 92 52 2
-47 48 71 82
-87 16 -86 -57
-73 -32 -9 2
18 81 -54 -89
-24 24 -52 -60
12 90 71 -91
60 -74 88 22
-95 67 44 -40
97 66 24 -90
-24 24 -60 -36
-93 99 0 -39
79 9 -32 -38
-93 67 5 70
-74 57 88 -55
-6 -38 71 -16
-30 -22 -15 76
-6 -51 -55 82
26 49 33 21
84 -95 -65 34
-99 -45 33 -44
12 15 -80 -50
-17 48 -77 41
46 6 -32 -11
-19 7 48 -43
-47 -63 85 28
-88 62 25 -54
-86 -15 -25 46
-36 28 -11 93
40 -51 -43 -48
24 41 -15 -89
6 13 70 91
-72 -36 -43 -3
-26 -7 -86 48
91 55 -92 -61
-53 50 -64 86
-55 -60 32 -67
32 99 27 95
-85 44 28 38
-21 47 -78 20
-22 77 -21 -63
-58 -21 -28 -93
11 35 2 -29
19 -82 88 -94
-80 35 -98 21
-64 -19 78 94
93 73 -44 77
-56 -95 -89 -39
-100 0 -77 -93
51 91 24 44
-84 25 -16 -14
61 -51 -66 -52
-58 60 75 60
-20 64 94 -92
-10 -49 6 47
-16 86 65 -14
52 -10 -56 -4
-25 46 80 -34
36 78 59 84
-93 0 26 -95
80 -2 -22 -77
94 -87 -75 -13
49 -51 -33 -50
78 19 56 25
0 -65 -63 64
89 71 9 40
3 48 -3 -60
77 62 -42 -64
-19 41 -21 58
90 13 43 37
92 -67 -36 -61
89 48 -2 73
81 -66 -58 -69
60 -86 -91 -86
35 26 92 6
-19 35 -31 86
94 -3 -4 74
87 -22 -27 26
-67 -9 78 -52
-23 32 61 5
46 -81 -58 3
50 44 -69 99
-47 -90 -14 91
-65 -57 -61 49
54 -99 83 -50
96 -66 87 10
-10 42 -83 71
10 -37 36 -40
24 19 75 35
-87 51 54 -28
-34 23 77 -23
-60 -70 -5 1
99 1 33 39
11 -70 -2 100
72 11 53 -29
-75 -71 -23 -64
-48 1 -2 -26
-5 33 -78 -14
73 96 91 19
89 53 -88 -14
55 -32 2 62
32 -76 -44 77
-26 47 -21 94
-28 -37 -20 17
-51 37 -59 -87
-62 20 9 56
77 98 -94 -68
-23 93 94 -90
-63 88 65 97
46 3 59 -3
91 -80 -44 34
83 -4 -26 -62
-60 -70 55 -75
81 -45 32 -34
-30 -1 -50 11
90 -58 8 -47
-29 71 64 6
38 -32 58 -22
11 8 -37 -26
100 85 -60 -78
27 92 43 48
51 99 -37 -28
-70 -8 -22 -96
-2 23 -53 -39
-48 33 -29 13
79 -53 -66 6
-79 -74 -50 47
-68 6 -99 49
-80 -43 -47 99
-29 32 8 4
-55 95 -99 48
-21 70 55 50
94 -72 -100 -90
-59 -30 -82 -52
-8 87 -13 -37
12 50 -77 63
-80 -20 -17 51
59 49 15 49
-21 -58 -27 25
-7 -64 -73 4
-10 -87 -80 63
92 0 90 -78
-6 -56 -99 9
46 38 -83 -16
-84 36 61 49
25 -29 90 -33
1 -16 -15 14
-93 -9 -5 80
23 -33 35 1
88 -84 -40 -71
91 -51 61 34
36 98 35 -94
-1 8 60 9
70 -62 -37 90
-27 90 78 -63
66 -75 -70 0
-18 95 -4 20
-22 -89 -100 33
37 -13 -27 42
91 77 78 -19
45 5 14 16
-100 5 24 17
43 -55 -65 97
-77 -45 56 -52
44 -88 94 -11
-95 99 -96 -36
-16 -47 93 31
-3 -49 86 37
-75 -34 80 -81
-100 -59 99 18
-32 64 -16 -38
15 10 -68 -6
-24 59 -30 -55
-88 -81 28 -73
79 -34 23 -51
42 7 -54 -35
-85 25 -31 -54
-40 41 56 27
80 -31 -5 -30
-27 -71 -35 61
-51 -11 -1 100
-67 -82 -38 -6
60 -38 -95 -80
10 48 -14 -70
70 -46 -59 83
59 -79 16 46
-82 7 80 -63
-67 89 14 -57
-86 -23 -83 24
-11 -30 46 99
52 93 28 34
-22 8 -27 -41
49 -60 -18 92
69 -96 -68 -48
11 -60 -99 33
-89 -34 -33 -89
33 -78 -14 60
7 65 61 53
-11 -61 9 -44
-93 -83 -69 -38
-100 -21 38 92
-46 46 9 84
82 -50 61 5
21 -35 -43 99
44 -74 15 -85
-6 -96 26 -68
-19 85 35 -87
66 -47 -79 100
64 -100 0 -11
-16 -91 95 61
45 43 94 -42
79 17 -19 -91
87 -70 -29 81
59 -75 17 88
-50 -59 23 -93
7 -10 43 12
-18 -65 87 48
-97 -15 79 -44
11 39 -97 -9
-19 -47 49 10
92 82 -57 0
8 71 -62 -75
-1 -58 22 95
-23 28 47 8
78 -45 70 93
-36 78 89 -77
82 -28 -85 -62
-77 -59 43 -50
-5 -53 -13 94
-73 2 -49 -69
31 -63 48 23
-73 -8 -79 56
-18 31 76 -62
-96 -90 -86 -24
-42 -95 -95 29
2 51 74 -61
-88 -85 79 -55
15 -92 49 63
-64 -7 48 -13
93 -84 -97 10
-98 57 -49 -50
-32 -74 -35 -1
-75 -87 -3 49
-2 89 93 50
-39 -6 -46 -87
-51 84 83 -70
8 -15 -95 66
3 -40 72 -26
66 -51 -89 69
83 87 -89 -48
78 90 49 -45
-11 -28 -95 29
43 4 91 -80
-94 -41 -69 37
-81 33 72 96
81 -2 -49 -62
62 49 94 4
66 72 60 53
86 -54 80 81
-56 -76 -46 100
68 -6 -93 63
-44 68 -65 -71
-46 53 -88 96
49 22 -94 -53
97 -93 -7 32
38 81 -32 0
21 22 30 -93
-66 -89 -72 -64
-70 19 -43 1
68 72 59 34
-21 -16 -41 36
-83 -49 -52 -81
-36 92 41 3
7 32 29 -43
-40 65 -1 -92
-80 -1 -36 -98
-87 -30 -40 -34
90 -58 -78 53
56 -8 79 67
-9 11 -67 46
48 -9 22 -76
84 -38 76 -53
-47 51 30 -84
-54 -14 35 16
-95 -60 -38 -40
-21 -15 -11 -51
41 60 81 -92
66 -44 -50 -20
-66 23 51 -10
59 29 4 69
55 -41 -96 -76
-36 -28 -48 -29
-17 49 -47 -53
-25 9 -31 -44
-14 -22 -83 43
46 56 -49 54
-11 11 -2 -57
31 -96 -67 98
-80 0 -59 -85
11 -8 -5 -84
17 36 73 66
25 -57 4 -25
-64 -37 90 -72
-85 98 -79 51
-17 -1 74 -87
-23 -20 35 61
-22 6 24 13
28 -6 59 97
77 59 1 20
-40 48 95 -24
-69 62 43 -13
-53 -12 80 43
76 57 27 -16
-11 -34 -69 68
77 18 -44 -64
35 46 98 -5
11 86 -32 84
-98 90 73 -6
-3 -86 -43 6
-80 -46 -94 -46
31 69 -42 20
27 -99 75 89
35 -99 100 -48
-41 -72 -98 -13
81 -83 -62 -93
72 -37 18 -56
-39 7 -33 -51
-92 -57 -82 -8
-17 -65 -93 45
-32 -75 -32 -27
75 -63 -44 -84
14 -58 -79 -98
-80 -37 27 98
-15 74 57 -1
48 23 -57 -55
72 10 74 27
92 -23 59 60
-29 -89 -43 30
