851
24 -30 36 -91
-79 26 45 -14
53 84 38 51
-54 -43 9 66
81 -95 89 62
-59 -21 -16 79
-58 -58 22 87
45 35 35 77
93 -68 92 44
-6 -51 -10 96
43 -84 75 -36
30 -69 85 27
-98 18 58 32
40 74 86 82
-18 28 74 64
32 35 37 48
71 -20 37 -78
32 61 -28 83
-9 68 -75 -77
89 38 13 -77
42 -24 73 21
-77 63 -3 24
78 -72 -88 -60
94 31 -38 -69
-78 -23 -10 -74
7 -29 -93 -29
-2 26 78 24
2 -33 40 -47
62 35 -53 -24
-72 71 61 21
31 6 11 67
-20 -53 -15 -82
23 -46 43 -56
22 -65 -25 -27
-43 20 -6 37
-18 74 88 -100
-47 -17 53 -85
-89 84 98 -10
48 -31 7 54
-60 -54 -33 -7
-31 73 49 -47
88 61 17 91
2 25 93 46
-62 -67 -52 -41
-85 -35 -69 -27
55 -81 -10 25
-36 62 -87 40
-33 42 33 -67
-31 44 38 30
-61 83 -53 -65
71 -40 -34 23
-80 -11 82 92
-22 49 96 -30
48 45 76 38
40 69 -92 32
-43 80 -26 -84
64 -85 5 -71
36 1 -36 100
-66 84 -21 25
84 -98 8 75
-22 69 18 9
-98 -27 -15 -88
-55 -71 -65 -55
-78 -36 52 -97
97 85 -90 -81
-55 40 -95 -27
-38 12 63 13
-99 -3 -73 72
-22 -17 -49 97
-49 54 6 -61
-39 -79 -87 -17
10 28 -4 58
-58 87 85 -47
-41 83 100 -63
-36 89 -89 42
-23 37 -92 33
54 -90 -92 -59
47 93 87 1
11 72 -81 49
60 56 4 -69
88 11 38 67
94 40 -63 -29
-47 11 5 48
17 28 73 -86
-87 99 83 -70
-40 -81 60 -39
16 -62 14 -77
59 83 -59 68
45 79 31 14
73 78 85 44
-30 16 -35 76
57 15 34 57
61 -46 23 -45
-23 32 23 98
-82 34 14 -99
100 -33 -50 17
-62 66 -90 23
-59 3 59 -81
71 77 13 60
56 96 54 1
44 11 51 -9
-94 -49 -77 69
93 10 -90 -43
-15 37 32 -95
-87 84 76 19
70 70 62 -38
-75 -70 -90 24
79 1 77 81
14 -38 56 -86
68 56 9 -70
-82 70 61 -31
52 39 59 64
-68 -14 -97 23
-59 -24 -37 -81
33 39 9 86
-85 -81 -90 16
-60 32 -93 97
-85 -46 -26 -70
-2 -55 -4 100
-49 -12 -17 19
-22 -17 -54 -42
-36 50 94 -67
-96 20 17 64
80 65 33 -66
18 1 33 0
2 -83 -19 -88
-46 -73 10 12
46 -83 1 83
52 11 -92 32
55 83 58 -48
73 26 19 61
-11 -83 -18 -66
55 -18 23 -26
17 40 81 -85
33 41 -28 59
25 -72 1 -35
-23 -32 84 -60
55 95 -71 -94
82 -47 59 84
0 -18 -16 -62
87 34 50 80
-40 73 -32 -39
83 63 -93 92
91 -51 -66 -24
-11 80 -88 84
-69 -42 45 -83
-94 54 -42 19
-27 15 -86 40
-41 -38 45 48
-53 4 26 82
-8 -99 26 47
-25 -41 15 3
-56 -69 16 -46
-46 -10 18 -89
-71 -88 -99 68
88 19 -70 -71
-62 -82 -79 -72
22 81 100 90
51 23 -98 -36
-84 -26 -71 -56
-70 32 -12 -70
-70 -62 -75 3
-37 57 49 100
53 31 43 -96
-93 -6 -56 42
-62 -34 92 -1
-23 23 68 -30
71 69 32 82
28 55 -15 98
-33 7 -84 97
29 -33 -79 -100
84 -56 -51 39
-22 27 -47 15
-29 -4 -6 19
-96 57 32 95
-72 -55 -56 96
-40 4 -71 24
-93 47 4 98
-30 60 18 -65
-72 85 7 10
68 -6 -33 -29
-83 -66 53 -59
-15 14 81 47
79 -46 -34 56
56 30 -87 -25
-98 -58 76 -98
52 100 -10 -27
35 25 42 92
-80 22 -41 -80
87 -18 -15 -37
-3 -75 55 41
51 -99 51 35
68 32 10 -88
18 25 80 3
-50 -9 79 62
-11 -6 -48 -61
97 -28 82 -33
-87 1 -16 68
-82 -28 -29 -16
75 13 36 82
-33 48 47 85
53 73 47 74
-32 -20 81 -34
82 41 99 16
-21 59 46 -88
-52 95 -98 39
-25 71 9 67
-98 -15 16 63
-57 60 27 39
-79 -98 63 -1
25 72 -40 -83
-74 80 -89 -30
-41 42 -58 51
65 -10 67 51
-19 95 -74 -11
15 -63 -46 15
1 -4 -81 17
39 -22 85 50
56 -5 61 64
67 53 -98 46
63 14 22 -34
41 88 71 71
-9 49 43 -71
-1 46 96 -15
-33 -76 56 -45
-32 10 -52 88
24 31 82 37
-56 -40 34 80
-80 17 -90 -59
-7 1 -24 51
67 85 52 -27
-26 -78 -62 5
90 62 -50 74
-38 -58 -54 -31
91 9 -99 -43
-69 35 -52 -92
-14 36 -5 -50
-57 16 -82 -36
96 -95 8 89
-34 31 63 -96
29 -34 83 -96
11 -19 41 -46
62 94 -40 48
-75 -41 -50 -50
-64 10 45 67
34 44 98 -59
-28 -49 -60 -51
-76 65 -97 -92
74 -64 90 56
23 -46 77 78
-51 0 77 27
-73 55 22 29
59 0 -22 46
-66 48 -26 -62
32 -2 45 -89
-85 -19 -21 28
-78 21 -8 43
19 -52 -51 -10
-26 -12 22 96
68 98 9 -43
74 36 100 -51
17 25 97 86
8 -16 84 30
-75 -43 66 81
90 6 -38 59
-67 87 34 -81
2 52 -42 -37
-10 86 17 -55
99 72 78 -80
-6 29 63 -85
57 -22 -1 49
65 38 12 62
-77 28 -34 9
33 -62 -31 95
87 -64 -12 14
58 88 43 -13
90 8 -57 8
79 -50 -43 -51
-36 -11 88 17
-50 96 -66 -28
-23 -42 -93 80
100 -76 67 -66
-79 -64 14 -55
-38 -1 -73 76
12 -96 -98 -51
7 -77 -82 -93
-83 -13 20 72
-64 57 27 7
27 25 85 -41
21 95 -100 51
14 70 79 -63
-100 -46 -2 8
53 -61 -76 -28
41 -71 -44 -96
-57 72 41 32
73 75 -64 -58
69 -15 -41 20
22 -44 -72 56
88 -77 20 66
-5 -46 37 -41
11 65 -40 1
-48 -9 -40 38
65 86 -41 30
-54 -27 -13 -34
-83 -50 -55 -62
31 46 58 -43
87 16 16 99
86 21 -92 -90
-79 -51 -88 57
41 -30 73 10
-61 26 -57 78
51 -7 -29 44
9 -27 43 75
-92 -44 77 -61
-31 1 45 -99
-76 33 -62 21
16 22 64 57
-87 -20 -79 -86
42 26 -49 92
13 34 -41 -54
-15 46 17 92
24 -84 35 1
-72 93 26 38
-1 -98 -79 65
-43 43 57 -7
-98 -19 -16 37
63 -42 93 72
-43 37 67 35
-74 -87 3 -58
69 12 56 -81
-50 37 61 -49
99 -5 -74 -9
25 -69 -81 -21
66 -44 27 60
-90 50 54 -85
-47 -15 -95 54
-88 51 97 73
54 -48 -63 72
61 -69 19 -11
-59 -81 75 -41
-76 -60 26 2
-36 -36 69 52
-94 69 85 16
-34 -90 -64 -43
60 89 -31 22
-97 -97 -71 36
100 10 -60 -11
-38 -79 -20 -99
-36 67 -68 -52
94 74 6 87
8 -83 5 64
90 72 97 90
89 2 55 23
73 74 -34 -28
-83 59 23 81
-93 93 -91 -40
81 54 -32 3
58 29 3 26
-26 58 13 28
-64 -1 -13 -20
-53 96 -30 11
-79 -86 40 37
-10 -5 50 100
53 -24 2 74
36 -15 23 38
-20 -8 87 -84
-10 78 62 -9
38 42 91 -44
-1 35 88 -3
-62 -81 23 -20
11 98 -38 -37
-17 -56 66 -38
-6 95 -52 19
-92 -13 -33 15
58 -76 78 -83
40 6 -56 -55
32 16 -49 -96
-69 23 48 -42
97 -28 69 79
11 27 -27 -58
-45 -52 -16 19
2 65 0 -37
5 80 -41 66
-84 -61 -41 61
37 -10 75 -60
12 16 -85 100
-26 -25 53 -41
-33 92 78 -65
-74 73 -75 -23
-54 -61 31 -4
68 -29 -29 -9
-53 -78 19 18
38 46 -63 6
32 -82 100 -56
-2 13 -34 2
-11 46 -10 41
-65 -71 -60 -41
-59 -48 -32 -57
-96 -29 -53 -60
-58 -99 70 -91
80 12 -2 -99
-57 3 -59 15
-72 -77 23 -92
-49 51 -9 -42
33 -89 -38 -99
-98 97 -20 31
-5 0 90 57
24 48 -75 44
19 68 68 -86
31 -19 55 35
-37 94 13 64
30 -99 38 -7
88 -19 93 44
79 9 -84 77
36 -88 -23 -21
38 -17 78 -97
-77 -67 -62 28
92 11 -94 -79
-97 59 87 -51
-71 48 -54 17
-16 20 10 -89
19 -32 92 90
-61 -86 -64 35
-58 -33 81 -23
98 69 -29 -78
43 92 56 -22
-30 94 -26 -60
72 -27 9 -74
24 71 -51 -69
-3 100 83 79
50 -53 91 47
19 -79 -44 -50
52 93 91 -34
-88 74 -86 -95
14 19 -28 -89
-6 0 -17 -14
-61 -85 -70 27
8 -38 -58 41
-93 -92 -94 -70
67 -11 -1 81
-86 -56 -12 25
62 37 -33 5
99 -9 -66 22
-41 -85 100 71
60 65 -77 8
-27 -28 -12 -37
90 35 35 99
4 -33 -33 47
47 -74 -74 65
-39 -82 -33 -32
96 -84 93 -65
-62 -71 42 46
-45 3 84 -21
-82 -18 6 44
-6 92 87 57
68 96 94 -98
16 79 -52 -71
0 94 -68 70
-88 54 53 -1
37 -91 -14 -41
3 -74 -79 -59
-6 88 60 53
17 13 54 -4
10 62 78 -96
6 -21 43 -29
88 -18 -38 -6
64 -12 -23 52
59 -43 -34 70
1 1 -73 -16
69 35 66 -34
-3 65 86 15
-87 -12 83 100
27 -39 -14 27
59 43 10 7
95 67 5 46
-52 21 74 21
-35 -81 -48 -99
-65 5 28 -41
-26 47 -100 -100
-41 50 -52 -71
-95 88 -88 38
61 -7 -90 -24
-47 -44 45 3
-55 95 88 50
-66 -77 23 -29
96 30 -2 -17
15 -82 -7 -71
68 60 -17 26
90 -20 -69 24
-46 -25 -47 -45
16 97 -33 60
32 19 45 -17
-42 3 -72 -33
-25 -16 -85 -4
12 -20 17 72
68 80 -48 19
39 -8 -76 -93
-79 -16 -95 7
75 51 13 21
93 69 50 53
-82 88 27 -42
-76 -26 -22 -47
55 67 8 0
-93 8 -95 -72
44 26 -74 -94
77 68 10 -34
-52 -74 6 14
-63 -24 85 76
-98 48 53 -91
5 -27 59 -9
79 -38 -47 73
54 -5 -49 -20
-2 -72 -38 -69
41 98 -41 76
66 -7 -88 42
97 -99 -5 67
15 99 100 68
-5 -22 86 46
12 1 24 -55
94 25 66 -28
23 88 5 -15
-52 2 -66 -29
72 37 90 5
9 60 97 26
-4 9 37 -4
-3 38 80 52
26 51 -51 -38
-66 -62 -93 -81
56 36 8 -42
61 -49 -31 82
46 6 55 -99
44 -91 -34 -36
-6 79 -97 -72
29 48 -99 -72
88 -74 41 -34
-3 7 -17 8
61 50 93 47
-40 -37 -20 23
64 -6 96 17
86 -57 60 70
-35 -45 96 7
37 -63 -97 1
1 -9 -39 98
27 -46 87 38
13 -48 -53 -66
-56 86 -59 10
36 25 70 -68
-64 -92 100 -68
-95 34 -10 60
67 88 97 -29
-24 -52 -47 -18
88 -53 70 -15
-95 -95 27 -2
28 30 100 49
91 78 -5 -74
-90 -10 73 -72
12 53 -71 11
98 -79 -37 -51
55 42 26 -57
-48 -4 57 38
-51 21 -34 -96
-51 -68 -26 -48
-36 70 75 -29
58 26 34 38
-85 86 20 82
29 -95 56 33
85 61 -45 -2
-68 -57 40 -34
-15 -60 -56 29
-42 -9 -52 -95
29 66 57 -72
-72 78 -87 38
57 -39 -54 -16
71 -52 -15 -82
-65 -54 96 63
35 97 80 -69
54 74 -56 24
27 25 75 -96
59 69 90 -41
11 74 -89 74
91 45 -44 -75
-44 10 50 88
-93 -29 -50 -73
-3 -13 -89 99
34 -52 84 43
49 -81 72 -71
54 32 58 -97
89 -26 87 -82
-98 46 66 -1
-72 85 1 22
100 -41 14 -92
79 6 -73 19
17 50 69 -64
31 -6 -60 -44
36 48 38 -78
78 -18 -25 -87
-12 22 54 7
-32 8 58 -2
43 77 -72 -19
57 -19 -2 41
-100 9 -35 39
-88 10 -68 -42
43 -47 61 41
24 -54 -24 7
66 -30 84 26
-39 77 -74 76
90 31 -71 45
14 -24 61 -96
19 -4 19 -12
-72 -30 -23 96
-71 -64 -62 3
67 -40 -39 -64
72 29 74 51
-94 9 -34 -71
-6 76 -11 69
-27 -95 -84 -58
-88 -80 37 -86
49 -69 75 -66
-34 -91 42 28
81 -32 70 35
-37 96 -77 -56
-63 -13 -1 5
-49 12 84 -64
56 -60 43 88
-51 43 -12 34
-38 -8 90 21
57 -46 -81 33
61 -63 -91 23
-96 -13 80 80
96 20 -61 -45
-36 -23 -69 5
-82 72 -18 63
-90 -37 21 65
72 78 -41 -96
-93 74 75 42
-95 -99 -42 22
96 87 -22 -83
-52 -27 -50 19
48 55 32 -62
-77 -51 -60 -19
2 31 50 14
94 -19 82 -76
46 30 -6 -48
53 -69 -36 -52
-52 -94 21 16
-32 -54 65 34
46 76 44 89
-45 63 6 -47
36 -64 -42 -12
80 -74 -71 10
31 -82 -74 -29
44 -74 -62 -94
86 -87 -31 26
-34 92 -4 34
16 11 14 -88
31 -56 -80 86
53 -96 -4 -23
-18 -18 49 91
23 -11 92 -10
-61 53 -34 -4
-37 -100 -34 89
58 -6 -85 40
38 -23 -69 -59
63 -21 -93 70
-87 -86 -18 84
81 58 44 89
15 28 70 5
-67 -92 -5 -83
45 30 -95 44
82 99 70 70
13 32 -24 20
99 -20 49 5
98 92 -93 81
-23 -80 1 -84
8 -39 26 91
-85 -65 47 -53
14 -17 64 17
-9 78 -27 -67
49 -23 84 70
100 16 99 -34
96 96 -76 49
-16 -41 55 83
33 72 81 28
-85 17 16 -23
-21 3 85 36
68 57 1 42
85 -37 -31 -80
-54 -10 89 39
18 -60 -35 -39
-61 30 33 93
-70 -29 -76 82
71 89 58 77
62 72 -17 21
99 0 13 -10
71 85 -96 87
38 62 99 96
7 -30 -78 84
-6 12 18 39
-41 30 24 21
42 -76 -3 -85
2 100 -71 -20
6 -82 -83 -31
-20 -33 -62 -23
94 23 -99 0
7 83 59 -28
24 43 -42 10
11 -53 8 -97
1 -65 -68 -36
-33 -29 74 27
16 65 -91 -33
4 -9 83 100
-52 -83 -80 15
-9 -78 7 86
13 93 80 94
-27 -26 74 75
53 -7 25 70
-72 83 -64 -48
84 -60 45 -36
-47 81 -71 49
-41 31 60 -11
-53 63 -30 -34
81 -9 68 -37
-24 -95 -7 -10
3 1 -92 89
91 0 4 56
73 84 49 -64
49 -94 18 -80
-3 83 83 -22
82 37 -84 51
52 -8 95 90
-52 86 -95 -22
-14 -99 90 61
71 15 -75 -74
-29 84 -90 49
-51 69 87 93
54 44 24 10
25 -83 -21 81
74 8 -24 -60
48 -15 -91 71
64 100 -68 31
-98 -29 -73 37
96 -34 -98 64
-89 -74 10 56
49 -58 -7 -66
22 -89 78 81
17 -14 15 -31
53 34 85 3
-7 19 84 25
40 59 -3 -33
62 1 -53 -64
18 -25 57 -22
2 20 -38 -28
-72 -18 79 -27
59 -73 -22 35
-46 6 70 -7
77 -50 43 71
-43 0 -97 -17
14 -85 48 15
-21 55 53 -77
76 -5 -26 -57
40 32 28 -29
-97 62 97 -21
-34 7 86 -51
-85 10 -2 -12
-56 77 -36 53
27 60 74 46
-87 -46 -11 53
-72 2 -64 69
50 -98 -58 -15
-18 79 78 39
-82 92 -96 83
35 -24 -18 -12
-84 -97 92 22
71 39 -37 -43
-41 -6 40 31
-58 37 35 -44
80 -18 3 18
29 96 90 51
63 68 78 98
89 51 -82 76
4 34 -64 54
49 -94 -76 92
80 49 -69 -8
38 -70 -82 10
72 8 -37 -35
-90 93 -20 47
67 73 -76 -17
40 93 -12 62
-51 -15 -51 -18
-16 -55 27 -38
56 -58 -34 -15
27 -38 99 34
-25 57 -64 23
-1 78 51 37
20 1 -69 32
-35 7 37 -76
-80 -3 -76 -51
13 -98 24 90
72 24 27 -53
53 52 -36 5
-25 -54 19 65
-8 -91 87 41
23 79 -44 24
76 -72 -3 69
-87 66 38 -17
-9 -56 -80 -10
-43 0 -64 -98
-12 -34 -28 -80
64 39 65 78
-91 87 -73 70
4 79 28 35
87 48 46 61
-83 -71 32 4
93 -95 1 -40
-66 -82 -83 -21
2 -91 47 -47
59 50 99 -67
90 -47 99 -74
-91 -76 -73 43
40 -2 54 86
-33 62 14 40
22 41 18 -91
66 -31 -56 -9
-7 -58 -24 78
-14 24 -85 -8
-23 -99 -23 1
-99 79 29 99
94 46 -62 -86
100 87 72 1
-21 73 -16 -78
22 92 -37 48
-9 -46 28 58
-96 -43 81 -84
-51 -35 19 85
-46 -52 51 -25
-75 -86 98 -100
-23 -21 43 89
-98 -54 -8 85
92 -42 84 -41
-78 87 -75 56
79 -4 -76 55
100 10 -56 -38
73 77 -93 -94
-67 -32 -6 9
81 44 -55 6
45 61 3 83
-22 -9 0 20
43 -78 70 24
-5 18 -48 58
40 -30 -50 16
79 -34 56 55
