470
13 -31 -14 -92
-62 -28 -60 -28
62 31 -7 20
-42 -46 21 -68
94 -69 -90 -29
45 30 65 90
-3 93 6 5
49 -64 48 44
89 12 -17 -26
55 77 -7 -30
31 -23 71 -42
-33 -28 47 80
64 43 56 -74
52 -6 -87 -97
99 99 -100 -93
-88 -49 15 -65
-98 4 -71 17
-54 -27 -71 53
97 6 -15 -43
70 46 87 93
-42 16 -4 6
-42 59 -76 47
-64 -31 66 65
75 87 -3 -27
-25 86 -41 -10
91 -42 32 -57
36 -55 -8 7
69 -64 -2 -88
-74 -90 63 -23
15 -4 -77 8
-6 -33 40 -30
7 75 -99 -55
-98 52 -3 72
-76 98 69 84
59 98 -56 -90
-99 -38 -40 -20
-21 87 -30 24
27 -47 29 -15
12 25 -20 -67
-78 27 -50 -39
-100 -7 -33 43
11 13 -95 41
33 31 71 79
55 32 32 65
-46 -61 43 -56
-67 40 43 100
-21 -47 25 88
-17 37 42 48
36 47 -23 -76
78 -95 91 93
61 -19 25 -38
-45 -3 -37 51
-57 -38 -19 -45
35 -56 72 2
-89 16 -96 -19
76 -61 -17 -48
28 34 -60 -54
-19 -58 80 45
84 59 24 22
-27 -99 1 -47
85 97 -99 -95
-44 -93 -85 42
91 -36 -55 -20
58 -41 76 -61
28 30 -52 -51
-71 55 9 8
-99 36 100 -74
26 -50 99 85
-48 -44 91 42
77 -40 62 -97
15 -3 68 81
-89 82 95 -5
34 -8 -99 4
65 -49 -72 31
-56 -42 64 -18
-26 -97 80 96
-28 38 43 52
-84 87 94 -13
57 -4 -11 83
-38 67 -69 14
88 -58 90 -1
84 -94 -47 62
91 -62 -67 97
14 -89 77 -57
-1 91 43 21
-65 43 87 6
6 -85 21 7
100 35 -43 23
83 -35 -10 36
24 -40 -79 -18
68 -42 -92 9
-94 75 -83 -88
-45 -64 -24 68
-49 -44 19 -7
-85 -38 54 -90
-71 82 49 -36
-57 21 82 37
63 -79 -57 -11
38 68 -10 75
-72 80 -88 -1
-19 71 100 -75
-94 -81 -49 100
68 27 -3 44
18 68 -32 86
46 -61 26 -49
-80 -33 37 -15
16 -18 -23 62
-77 -30 75 -83
77 59 95 -58
100 5 45 11
-6 55 -67 93
72 25 -32 -22
11 14 95 -71
72 53 -95 16
55 97 43 -39
67 -47 -86 -86
86 -79 16 95
-26 31 -51 -94
76 82 -54 -50
-56 -53 1 -73
99 6 -56 -36
-73 92 -50 17
46 65 -21 -21
76 26 18 -63
91 -38 -82 -34
-95 10 15 -100
-70 -14 -88 -50
26 13 -85 -43
13 -51 17 42
34 -35 61 72
-63 13 -44 -48
27 -68 89 64
14 -51 43 -33
28 -89 84 18
22 -69 -97 15
53 -49 49 -8
-94 -50 -33 -17
98 -66 31 -42
-87 -70 -55 -84
-85 -4 -92 85
37 -83 37 -76
4 67 84 16
50 -48 -19 -88
-87 76 38 87
-31 -22 30 24
-43 15 -67 -7
5 84 -100 -53
-90 -99 -46 -90
-36 -24 -66 81
56 -15 44 -50
-20 -62 12 6
23 51 -1 18
39 70 31 23
-2 9 -52 -8
82 7 -24 -82
97 -78 1 -25
56 93 -36 -99
-64 -54 92 13
-6 57 41 -99
-38 -75 -38 66
-2 -66 3 47
-49 66 -59 -96
56 94 -69 -52
-79 69 -84 27
25 -86 -52 66
-52 -8 40 -97
-64 -55 -83 3
30 -85 35 50
-32 -50 -35 -7
96 -82 81 -5
98 21 -100 -56
-35 -51 59 -68
4 -51 99 82
-67 -57 -6 53
87 -99 83 -60
95 -8 25 91
-86 -40 -74 -28
41 67 12 39
2 -83 26 50
-39 -70 89 84
-10 -22 33 69
90 -28 -43 -10
-28 -94 -41 -30
-50 -86 38 32
63 83 94 -88
-52 -21 99 -51
28 -1 30 33
-27 -66 -55 -22
13 50 -55 -40
-56 35 30 -18
-32 -1 -14 -40
-58 -6 62 47
49 99 69 -38
-69 87 -31 -66
53 -64 46 60
30 74 77 42
-45 86 44 -81
-26 50 3 6
79 81 -18 -4
-45 -82 -8 12
-12 60 50 85
30 -10 -24 -65
24 77 -16 -61
77 16 18 20
-63 65 -87 -82
2 -95 -45 -36
-36 -65 -46 -19
27 -50 10 -71
17 86 16 71
35 74 -63 13
-88 27 -38 77
28 -1 -5 -29
-75 49 -57 -40
-15 64 74 67
-79 15 -81 39
-71 -93 -6 -74
-79 -29 -39 -71
90 74 -17 -64
-57 72 79 -92
-79 41 -69 84
-80 -43 -93 48
44 -57 20 52
-92 30 81 -78
-19 -16 -94 34
-64 -34 48 71
73 98 -69 5
-14 -39 36 93
-46 -91 54 49
-21 -17 -25 22
18 -56 -36 -31
98 -40 22 -12
41 -54 19 22
-69 3 58 -49
3 33 98 34
-52 -85 -73 100
60 -46 59 83
1 -6 -80 -69
-92 32 -36 1
-68 72 -53 15
-78 -82 88 -41
24 75 -56 24
50 -83 88 -49
-10 23 39 13
-84 97 -39 -71
-78 -92 -100 45
57 -69 -27 26
84 78 29 13
-28 5 -43 39
-16 49 68 -31
-70 -31 -10 5
96 40 53 -49
-57 6 53 44
-69 -68 68 57
-60 -52 37 66
76 -29 49 -11
83 73 -21 -13
11 57 -21 86
90 -18 12 -29
-80 -15 38 39
-89 -48 -72 -9
50 -64 -30 71
-9 -46 100 40
65 12 -20 -19
94 -39 -7 25
-50 98 19 87
-65 -98 40 -65
-59 -35 67 19
-77 -58 73 75
-49 48 -47 15
-26 -12 -6 8
59 -72 -18 55
-12 71 -72 -84
-97 48 -66 -80
1 60 44 -99
92 -66 -2 65
43 -23 70 -98
-49 84 -57 32
9 52 46 -80
-81 -80 19 79
87 -21 14 -74
4 43 46 -72
-26 -62 -94 -2
-62 -76 88 -42
56 10 -17 1
9 -97 76 90
-54 -78 76 76
-75 48 38 -53
62 30 -33 40
34 93 87 90
92 5 -4 72
-94 35 -17 93
-97 -31 -10 27
-70 58 68 -34
-4 -51 2 72
32 53 -14 -23
-76 -66 2 -25
13 68 -22 -6
-74 85 -27 85
49 44 -66 -95
83 -44 -56 -58
-48 -39 41 68
-98 46 32 30
8 -67 7 90
32 -24 31 -45
14 -74 24 59
-14 -23 -4 -86
78 -21 -33 22
11 25 3 32
-32 88 -100 8
-54 92 72 -4
80 -38 26 47
83 0 46 -74
-56 72 -64 -94
-58 51 -90 -33
-66 -50 -84 -82
61 20 18 -93
-85 -12 -44 37
-28 -65 -89 -76
-72 81 -26 6
-73 31 -52 -51
-35 -8 19 -12
-7 34 63 -42
9 -65 8 56
-52 -59 -75 92
-26 77 -100 1
-51 3 49 100
58 -98 -22 -40
-58 44 -71 18
72 39 -43 -33
86 43 93 -74
-59 -26 60 -57
-65 -41 -40 27
-47 50 22 -17
3 82 62 -84
25 -96 -58 -83
69 9 69 22
-92 34 49 -62
-79 -59 -75 35
10 -15 81 88
32 9 54 75
-72 47 12 78
-12 -78 36 94
35 27 -19 -97
-27 42 -63 -9
-36 62 -28 -2
-73 -26 -6 -50
-63 -57 75 34
-30 11 31 -90
6 -96 -54 -5
-78 60 -66 64
-69 95 -5 -48
80 38 15 63
-34 83 0 74
94 -49 4 75
86 -97 49 -76
51 31 11 -57
-61 -87 100 74
-42 -15 28 -17
5 -12 81 -62
-47 63 61 93
92 -74 1 -96
-68 53 -22 -85
75 -21 -15 -65
-96 -75 -2 83
-75 34 -70 65
-16 -39 73 -83
-23 65 -71 -62
-99 -62 -73 63
-45 87 46 51
-86 24 20 -92
-53 -34 77 57
-89 -97 100 -32
-2 87 -91 -70
39 21 -77 66
41 -60 21 50
-39 74 -25 68
25 -71 -18 100
56 -15 -70 4
10 -82 98 -100
-4 -53 -85 -48
48 -15 82 70
-88 -32 -75 -63
3 -95 35 -8
-58 31 45 -82
-3 84 65 39
-94 17 -1 71
1 -43 32 91
19 19 -64 -81
-6 88 98 83
-71 -31 -80 -43
-73 -68 42 -95
-26 -48 75 -46
30 56 -61 95
-34 -20 20 97
-96 82 42 76
-10 28 -55 50
18 34 0 1
-43 -37 42 78
-71 33 -97 -58
-63 -58 97 22
-93 15 41 -100
76 97 61 -12
-49 -47 85 -80
64 73 23 64
-73 -72 23 68
13 54 -82 -41
-47 -84 82 81
62 70 41 99
76 3 5 -89
26 -45 -89 -29
11 -99 -77 -86
-60 9 -53 -15
-11 -57 -6 -52
50 -70 73 -6
-5 -57 26 -89
-84 -15 -75 72
14 -81 55 -6
-57 -86 33 -10
6 -77 99 -47
60 68 -18 -32
97 -79 -62 -79
-25 20 -83 77
92 -52 -14 54
6 95 59 -54
39 -48 4 46
-99 -92 -7 -91
93 100 -39 -38
6 38 89 78
-5 -20 69 96
31 -47 -37 42
-69 40 -2 -68
-2 -18 57 51
-72 -61 77 -19
-85 31 38 -91
79 -40 42 85
100 96 -84 -95
84 91 -4 -16
10 99 8 22
32 -16 95 -6
83 -1 19 36
90 -5 75 -75
-49 -49 -75 94
3 -89 78 72
25 -37 20 -49
-7 -99 -76 -72
40 19 -43 76
-32 20 -90 -84
8 63 -61 61
-24 -93 -5 27
-88 -92 95 80
-34 27 -15 -91
-10 -47 38 40
-5 -61 50 93
2 21 -3 -10
-46 69 52 -15
63 61 -100 12
89 -69 36 52
43 99 83 9
-98 61 85 -5
-43 -67 -93 -84
18 -17 -38 42
-81 8 11 56
46 95 -52 -97
81 41 98 91
-29 -25 -14 -13
-59 -97 -73 -68
-17 10 86 -61
25 -59 58 45
24 95 53 -21
-56 25 -24 95
