44
-41 -4 -10 32
41 -4 21 15
39 25 42 -62
56 -56 29 40
-28 -100 -22 47
-15 12 -2 23
-12 100 -85 -3
-95 -36 36 -12
-33 8 3 36
44 -31 43 43
-23 -76 31 -82
72 -39 -7 -64
90 17 -39 12
48 -16 83 63
62 68 87 -78
37 -55 -66 -26
-95 -27 94 -45
14 84 -94 -69
-88 62 6 -95
31 84 35 -14
-23 -62 -31 53
79 89 -90 46
-22 -72 -62 -79
-6 -28 -28 -68
30 86 46 2
88 95 96 4
48 0 20 64
-19 -83 93 -64
-70 -55 83 49
-21 -70 24 -92
61 38 -56 -70
-100 3 28 -60
66 -78 65 -86
-46 54 8 16
46 89 -43 -96
-67 -34 14 -11
-96 -75 15 23
44 9 74 31
-85 -45 -4 27
63 79 -87 -90
-5 66 -37 0
94 -93 -45 -25
38 82 -87 81
77 22 -30 -16
