897
-63 98 -57 -73
-90 40 53 8
25 1 48 -54
-57 -32 14 89
84 -23 91 -63
89 -31 -65 28
-74 7 -3 -31
-34 42 9 79
65 78 -88 42
-81 10 33 76
-14 84 -47 -13
35 32 51 64
-54 -28 -36 87
-63 7 -20 83
-45 -26 -12 -71
-11 48 -11 -60
-41 -86 -13 -12
25 -5 89 -80
-22 -16 68 2
74 70 81 -73
5 9 -52 -77
77 -62 54 -53
-99 -33 -54 57
-37 -99 100 -67
83 -7 -40 -86
95 -72 -13 12
-72 76 42 -40
86 -35 -9 -61
10 -4 -81 -11
32 -50 -67 22
96 -40 -97 -2
57 55 -41 -42
77 -80 -16 -46
94 57 -76 -95
-46 -66 81 10
-16 -69 -73 35
-83 35 76 -8
4 -50 48 -8
50 -47 23 -6
-70 75 27 -13
-7 -81 -71 9
83 -46 -60 1
-21 -33 -72 61
-19 80 64 19
61 63 -16 17
-89 -29 58 1
83 -57 32 37
-63 34 3 61
62 26 36 -68
20 -100 -61 -18
-87 -7 76 1
-27 61 31 -35
-25 29 -60 -87
-44 -41 83 57
-99 -32 -13 93
-72 -62 39 80
-88 -97 70 -36
-49 -100 44 0
50 46 -48 76
-35 34 97 10
-17 99 -6 -100
25 -29 74 49
0 79 92 -96
55 -97 -73 16
-29 26 -53 -91
20 87 34 69
97 -10 -63 -92
45 69 -24 -33
13 59 -79 -40
-88 -1 34 -70
79 -62 98 -34
-54 -27 -100 -75
61 98 -69 -62
61 95 -68 80
-59 96 -55 86
-5 -25 25 -82
-28 -78 69 53
-100 -58 0 -84
25 31 96 -41
-67 -95 37 -90
-19 22 19 -14
3 87 3 -23
68 63 54 -31
92 57 42 -2
-26 -90 99 -99
-35 18 66 -100
-83 61 -80 -78
44 -33 61 -42
-52 -58 -40 -32
68 -53 -41 -2
-39 2 58 77
-93 -39 81 38
-86 67 38 -2
-26 -27 -39 38
34 -44 -42 66
-2 -40 -57 -82
-48 11 45 -40
-21 73 -55 28
85 52 -80 -90
-87 35 17 -87
96 56 42 8
97 61 56 -37
43 61 -75 -31
4 -8 86 -89
-6 -4 -92 8
-60 -23 -37 27
-94 -42 -75 -67
61 -47 -3 -25
6 -51 25 -43
-12 57 -30 -40
10 -74 95 -22
-30 -97 -53 -83
57 96 -68 -72
57 -98 52 26
91 93 -79 -27
4 -95 -16 55
-72 60 33 53
-5 62 -34 0
-12 -59 73 13
93 40 28 0
-80 -90 38 -100
-71 6 97 -72
89 47 83 38
99 1 5 38
-59 -99 61 54
-34 95 -53 -84
26 99 15 -40
71 65 70 86
-39 70 84 83
52 -45 17 98
-53 27 -59 91
-29 70 -82 87
-90 10 43 -97
44 79 66 11
-23 19 21 69
89 -24 48 -37
-61 28 85 -11
1 -49 -6 -32
-92 59 -28 70
-35 64 35 22
-97 -62 65 -94
55 71 -84 48
69 -69 -64 -35
29 81 0 100
26 42 -3 -82
69 100 41 50
4 -13 -22 90
-96 43 -97 -49
-21 73 -49 -59
-70 43 -67 79
-58 -100 -58 42
62 -6 0 25
-31 -1 -86 -75
15 29 9 -86
69 73 -73 22
-89 -3 -75 37
-10 -6 67 44
86 83 -3 -2
15 -7 -30 53
63 76 -39 -61
-81 4 77 39
-83 93 12 5
-78 6 -88 -88
4 23 -72 -92
-19 -76 -69 30
38 1 34 -6
-87 -94 94 -65
-15 -25 43 -87
23 -23 65 55
-66 -38 -16 29
-24 86 -10 -22
88 -49 3 77
-5 85 -5 79
-10 -77 7 -91
43 -55 -73 -13
95 78 52 81
16 57 17 -60
-84 15 -74 -28
48 33 -57 -5
-30 -76 71 -89
58 -60 62 -59
53 99 -67 54
18 40 38 69
-66 92 37 54
23 9 -3 23
18 -37 64 79
-63 -20 100 -84
-58 -4 -98 52
8 -55 77 -65
9 90 67 15
35 -57 -72 21
-52 30 84 -98
-27 6 24 10
72 28 79 65
46 92 -55 61
-5 -57 -85 9
52 -7 -81 -52
-41 -22 -93 43
87 22 48 48
79 29 -64 -25
-13 42 58 -26
23 -46 93 -76
-47 -58 93 -81
17 72 -41 -38
14 -9 33 38
80 -34 0 56
-32 57 -15 -85
-52 -51 -39 82
-34 -59 3 -47
93 1 69 -91
56 -71 -84 -49
-15 -7 -60 -42
-100 58 -21 22
44 -19 -75 49
51 59 76 -24
93 -35 -4 -95
22 -69 98 -40
9 -49 16 -61
-69 61 -86 -24
-34 41 2 -88
-86 -53 87 -97
29 59 -79 77
-80 47 4 -68
-81 -24 97 -3
54 70 -52 -32
-11 -94 -10 7
-55 -23 -58 -1
-70 78 -69 5
51 18 18 36
97 -46 54 68
-64 64 -7 72
-51 -13 -26 -24
-49 26 74 -80
-56 78 81 -20
74 -73 -4 -25
-60 63 -37 97
-100 48 -25 -47
3 -54 49 17
72 -31 10 32
-17 -64 -10 -74
10 91 -39 -59
75 4 34 -12
67 -24 12 35
-61 -100 -30 -90
44 33 -89 -43
-2 38 68 -10
74 52 -37 31
-81 72 -64 4
97 -28 28 -93
82 -55 28 19
82 20 77 89
-22 -12 75 30
57 4 -85 -87
28 -65 -88 -83
-97 -6 -94 62
-40 -36 53 43
93 2 47 80
-40 72 95 -48
64 -39 14 -3
-4 65 43 -81
-83 -9 31 64
-68 75 33 3
95 -70 45 78
-18 100 32 -71
68 -78 -80 70
-10 77 -93 -84
-39 -71 -1 7
31 -25 75 -93
-19 50 39 4
46 10 -79 -86
-11 -18 -83 -7
-25 87 -6 33
77 -98 -95 69
-50 -27 -28 -74
-95 70 -61 -78
13 85 25 -6
14 56 62 -79
-13 11 -82 -6
-80 -90 7 -91
7 54 -85 -25
-20 -78 -5 44
-76 88 58 47
20 -55 -99 -85
-47 82 -13 34
-33 -93 -32 -53
89 68 -1 50
14 88 -55 83
51 38 17 67
26 -6 -64 -84
65 76 -40 20
32 -63 76 -67
-25 -36 -97 -25
-20 -89 -26 0
-46 89 -3 -39
-9 -91 -90 -61
-33 11 -45 68
58 -75 6 -15
40 -99 -73 59
60 52 16 96
86 59 -49 14
-3 0 36 -37
92 -99 -29 67
-42 -18 10 86
-91 51 35 24
-92 -28 42 -86
7 50 51 51
9 -96 13 76
-9 1 -40 23
-48 -73 50 79
-93 53 37 -16
30 -60 -85 79
-67 -42 -3 39
13 -17 6 -66
8 -70 59 -68
-13 -66 92 -71
82 -40 -2 -55
-30 59 59 -30
94 3 -50 3
-100 25 30 60
-25 49 45 81
-11 43 19 55
-11 67 -60 -68
88 3 30 78
50 11 -25 -11
-27 -23 55 23
41 -59 -86 62
66 -94 96 -68
80 -29 10 9
63 38 -55 46
-15 97 -99 -73
3 -12 -45 -96
84 -47 53 37
79 99 -32 -8
29 -28 -39 -5
12 74 8 -29
-23 69 -34 -77
38 96 -19 43
-78 -14 22 77
17 -20 -68 -24
59 96 32 31
-10 39 74 8
39 -95 -11 88
26 33 2 16
86 28 44 11
-80 -55 73 -44
31 16 -1 8
15 93 -43 10
-57 81 -41 -16
13 49 -8 -43
-70 94 -83 92
-18 97 64 71
-75 41 2 -81
-85 -58 -83 67
20 -15 -7 9
60 59 -7 99
8 60 -86 -9
40 -18 80 -97
83 -14 -68 40
-50 19 -91 -73
-86 20 57 -29
9 54 -58 20
-97 8 -6 43
20 37 -72 -86
9 -92 39 0
-41 -70 53 74
-62 -37 50 25
-14 -45 12 -74
-49 -4 55 -48
-6 73 -68 28
-16 -71 51 -65
-37 -12 12 91
-4 11 -95 29
64 -9 -50 80
58 -79 -76 18
-43 84 -22 -14
42 -81 -96 -79
46 10 2 75
67 92 36 -8
-67 -94 13 20
-76 87 -64 -23
22 74 -23 76
87 77 66 43
-98 10 -37 -12
81 64 -62 -5
-60 95 27 -83
37 -16 82 -25
-19 2 68 76
26 -45 -15 -2
-96 -72 60 10
-42 -39 26 6
75 -60 67 -7
47 12 -49 -18
44 -34 7 79
83 -13 -36 -75
-46 92 44 -3
44 -31 -28 -79
-21 -97 92 -23
-91 29 -6 77
-88 -84 -71 22
28 71 -38 -66
-85 -99 -99 44
80 16 94 -60
78 33 -44 91
-3 -2 42 46
-96 -25 88 61
61 48 6 97
42 -6 -59 67
-1 71 47 -14
-81 -27 6 69
6 -91 -76 7
-18 82 -36 32
13 22 -15 -64
-66 -60 24 -100
40 -95 -49 -24
96 48 32 82
21 -44 -79 -66
-5 91 -35 -13
-75 7 -31 -50
93 -79 -35 73
100 -59 50 28
-95 8 9 -90
-45 17 -58 86
84 -36 72 5
67 -13 -46 60
92 -21 -48 -5
4 -22 -32 96
30 57 11 14
-23 -10 -93 29
70 7 98 72
18 -95 -46 71
27 64 81 -69
-18 -57 -63 88
-59 -28 -96 60
92 10 -90 18
-8 9 85 48
39 -98 92 -100
49 -3 96 -69
-73 21 -3 55
-70 65 13 -76
-70 -67 -76 30
72 31 97 -93
-68 7 32 -29
-7 -90 -77 -75
-15 -67 -29 92
80 38 -59 7
78 -75 -71 11
-10 -80 -16 25
-60 -30 11 -43
16 -63 -66 43
-25 -1 10 62
27 -75 -2 -40
7 75 -43 -87
-23 15 -72 -14
-39 -98 44 -1
4 -6 39 29
-46 -5 -79 22
90 86 -14 -58
-48 -79 -40 84
86 24 -67 46
-12 11 -96 -65
-38 44 81 -69
-47 -51 93 -68
-38 82 -34 -80
10 64 47 35
-6 86 -50 45
99 43 58 94
-49 8 97 39
-95 -33 -80 14
34 48 -18 56
-61 0 57 6
46 -18 -99 36
23 -45 5 74
46 -16 75 -39
-71 -59 -94 7
7 91 -9 -32
31 74 -55 64
0 -37 -56 -38
83 80 -39 80
25 -85 -71 83
16 -41 58 91
-61 24 -49 61
67 -87 -40 24
18 -98 73 19
-71 -11 -31 68
58 -43 30 9
55 -42 96 72
76 -72 73 -52
100 86 -77 -99
-31 80 -82 97
19 -24 -91 5
-45 93 -68 -34
64 83 26 74
-8 9 54 -75
1 -91 -38 -17
-44 79 94 71
80 78 -49 0
21 42 45 -22
-9 72 -100 79
-16 -66 -89 -65
-18 44 -11 10
-11 -77 -45 13
-16 -74 -64 77
27 47 -90 73
60 -22 -63 -64
-29 24 -41 -3
83 50 -84 43
46 -83 87 27
-65 85 -26 73
28 -88 32 -64
-53 -75 12 91
34 -69 -28 -62
32 -42 -74 -54
-99 -53 23 3
85 89 -16 -33
99 -55 97 -83
63 -61 -48 -88
77 19 -75 -60
-79 -62 50 19
-72 56 83 24
83 -97 6 -89
72 -41 -47 21
82 83 -28 -15
78 -44 -94 36
-8 48 -75 62
98 98 14 27
46 -78 -69 -59
40 -57 -22 44
-8 28 -98 4
-54 34 -6 29
53 39 -4 -99
-81 83 29 -1
59 -20 -48 -88
52 25 25 -33
-52 -58 0 -12
-93 -40 -49 -98
33 50 -11 52
-19 -54 -49 0
71 85 20 -4
-45 88 -80 -21
84 20 -84 -61
93 87 25 -91
-56 -5 38 -29
52 71 27 57
-22 21 80 -46
29 -96 -38 56
-90 80 40 1
-96 -36 -14 -80
-25 -30 -40 73
-33 7 26 -37
45 -12 65 -30
-6 75 -16 -74
89 99 40 80
-77 -71 -95 90
23 -15 -98 -61
82 -92 -30 -59
-50 -48 71 -83
9 -93 -12 7
-32 -61 -47 -72
50 -20 -70 -79
-83 -35 -31 71
-92 57 17 -29
-34 86 -94 84
2 -56 -38 -84
-90 17 68 -58
-42 -58 4 93
-94 5 11 59
-79 13 -64 5
-80 27 14 26
11 -48 68 -71
-13 -6 -26 -15
-38 -94 -5 100
51 -87 29 89
-64 82 -76 44
-39 47 -1 46
-90 24 2 -95
34 -6 -28 -69
58 95 -31 -24
31 30 86 63
69 52 44 -89
64 -74 56 -30
65 -87 -65 41
-83 47 -93 43
-88 84 80 -61
-98 -90 76 23
66 -25 -16 76
-70 34 70 -2
6 58 27 -56
-68 51 -84 64
63 34 -32 39
57 -91 -9 70
17 76 53 -30
52 -66 3 18
42 -89 -86 -32
14 -29 -18 -55
59 19 18 -56
-68 5 5 -87
35 84 -100 -32
-45 57 -73 16
-99 -94 -28 43
-96 -58 80 94
-4 43 -90 -30
-88 -77 -66 -63
-93 56 16 51
37 22 -33 -58
86 94 -56 -86
86 26 47 39
50 94 4 -33
-14 -79 65 -95
-71 -86 62 -55
-70 83 85 62
24 97 -19 -45
-89 58 98 28
-91 -68 70 -51
12 75 -67 -39
-82 -14 80 -77
-96 -6 -21 -34
31 -96 -1 -45
91 -22 25 77
80 93 -2 -85
-88 -12 -83 -72
-6 77 -24 97
-10 -21 -2 86
-21 -61 62 62
-32 -15 70 69
84 -6 -98 1
89 37 -11 13
-76 11 -91 -31
100 -8 15 60
23 34 -81 -42
-29 40 -97 -22
89 -65 -33 93
-22 48 35 66
75 4 97 80
-75 16 73 -24
18 46 -93 -85
13 -6 -3 -78
78 -81 90 -99
4 71 -45 63
94 -28 -54 -94
19 52 17 89
-30 -40 42 -65
95 -7 -5 -77
11 2 -95 -75
95 14 -63 69
30 67 31 61
21 5 100 46
44 66 99 -41
90 -11 6 -74
-52 -99 -47 92
-17 -41 -73 -100
-64 -89 -18 -67
83 4 -59 -76
-64 34 14 -51
59 95 -63 -99
-26 60 65 68
63 -37 26 47
-39 100 -15 38
68 25 88 5
38 7 -54 53
-4 24 -42 -3
59 -1 74 33
44 -89 -100 62
-90 -1 30 26
-87 -4 -53 -23
-28 42 28 38
-82 24 -63 14
-66 -31 -36 -42
-33 69 -21 44
52 -47 -26 -38
-9 -62 69 47
91 -45 -67 2
-83 37 92 -85
-80 24 -74 -88
8 100 -30 -28
58 67 -67 92
4 34 47 -95
-40 -90 31 -54
23 -4 -32 17
-77 31 36 -90
28 -55 17 -64
-40 -26 65 64
95 -72 -59 -15
20 8 93 69
22 -52 43 80
20 -100 99 -34
-58 0 -28 33
28 -70 -33 60
-90 -89 -75 -27
14 31 -27 53
34 88 35 43
29 -89 38 73
14 -49 91 -56
69 -30 -25 -26
50 4 83 3
6 -11 77 -86
-92 24 71 34
29 -53 -84 14
-30 90 87 -16
94 -82 -94 52
86 98 -36 -63
-65 -3 8 83
-57 -29 -42 -95
60 -55 80 -87
61 -85 -62 -2
-87 -86 -78 54
-49 -46 -22 -75
3 -16 -38 -73
23 -26 75 -30
34 61 81 -21
-92 -17 100 0
-8 -25 16 58
-81 -88 68 4
-7 -84 -62 40
-88 30 23 66
-46 86 41 -12
-86 71 82 17
-14 67 32 -74
-74 47 56 5
-23 61 80 -86
-98 81 35 67
-20 -27 73 15
75 -29 -7 47
-66 19 94 94
-68 12 83 -70
-6 -52 32 -58
81 80 3 -90
4 6 11 36
-65 -11 68 71
-27 -79 -21 -17
-29 -35 89 -1
-79 -6 32 68
-47 -72 24 23
66 42 -5 25
-62 -84 -21 -29
50 36 90 -77
41 -63 28 -37
80 14 38 -70
14 -95 -28 -88
80 52 -87 -98
-62 74 89 83
-10 -86 -6 -73
-44 -75 51 -85
82 -8 -67 62
-66 -65 24 -38
-12 -79 -17 -9
-86 9 -69 48
-17 38 -70 -33
-48 22 -80 -45
-34 -60 26 -7
-100 -19 -54 -61
58 -63 -86 99
17 -85 16 -45
-16 -63 -98 94
78 20 -83 -57
-11 21 18 -7
-59 62 -15 -29
-34 -76 49 -84
21 76 25 -89
-57 -54 -54 50
-13 -67 -3 -97
-50 -40 13 -83
0 -7 -100 -13
55 93 61 79
-50 8 7 -79
-23 89 -50 -41
59 -78 83 -42
85 -76 78 100
42 -49 11 31
-40 -67 78 -91
78 94 -85 49
-82 -35 90 96
-67 -18 -53 60
-38 66 -28 -28
54 -37 -16 84
27 -15 -93 6
63 59 -59 29
77 -7 14 96
-8 20 31 67
-65 -41 76 85
-91 40 14 -80
91 -89 93 -53
-55 -58 12 -41
-93 60 -18 88
40 67 -78 57
-31 -97 64 68
-80 -15 -36 51
27 22 -75 48
16 -59 59 96
-79 -96 39 66
-48 -61 -98 -76
58 -90 -16 39
41 100 -84 -43
86 60 35 -18
-55 -80 78 66
-71 -86 -98 -41
67 -20 -25 53
2 -67 78 71
-8 -66 44 -9
3 -94 -53 -84
39 -1 -48 23
82 60 60 -33
24 67 -39 59
-38 27 7 -28
-16 -51 -98 -71
80 -83 27 71
89 46 55 29
68 43 43 -44
95 -68 81 22
-4 -81 30 -84
25 3 78 38
45 -49 -20 -4
-25 -25 22 -74
98 -20 34 -48
-60 92 6 -14
-46 -74 -12 -50
-38 -23 11 -6
65 85 -33 -99
96 9 -97 91
82 -89 -80 -81
-54 -97 -42 -83
-9 80 10 -36
-44 23 2 81
-20 -10 42 65
90 -61 90 53
-83 16 52 -44
88 95 -23 -42
-23 -48 58 -18
83 89 -11 39
77 -28 -8 -84
26 -100 9 -13
39 80 10 43
27 -66 -96 -39
-20 -8 -9 76
-58 -22 79 60
39 -75 -37 8
87 15 16 -91
86 59 -35 9
-61 -87 25 69
31 69 50 -17
5 1 98 -31
71 -96 51 35
95 -93 26 87
-55 -92 -35 -12
-64 78 7 1
-73 -56 67 -13
-24 -40 87 -60
39 31 40 -43
-43 98 -53 -9
3 71 27 -26
81 44 87 -12
-12 -4 -83 80
-88 -10 -44 63
-89 41 -28 -19
-78 64 83 92
-54 86 26 9
-90 -100 -31 9
-24 30 76 4
-90 63 -33 -13
39 -97 39 10
-12 -10 -91 -94
-62 7 98 77
38 -37 -52 80
26 -59 -16 -47
-20 2 -63 66
-3 -73 79 6
-87 -32 19 -19
-21 -36 80 72
19 34 -44 22
-96 97 3 -50
92 -81 53 -68
-43 -44 36 -40
-16 -86 58 94
48 -59 80 14
94 79 45 -72
76 -76 -76 -73
-24 -13 29 -38
-99 -6 3 16
-64 -93 17 -58
-12 78 53 -15
21 73 -12 69
-74 58 49 55
-42 32 74 60
-22 -35 26 10
-91 49 98 -50
14 -2 -62 86
-68 23 98 81
-11 89 45 -62
92 25 24 50
2 93 -88 -90
-93 -28 1 76
-54 64 -39 -78
-41 -78 -8 71
-84 27 5 -74
-85 80 8 -24
4 -8 -36 -84
96 46 -99 -32
59 68 -65 -75
