247
-10 -54 -57 26
37 54 38 -28
46 -29 92 80
18 -51 68 29
12 96 -70 74
-1 -84 -37 12
-83 17 8 54
29 -76 33 -96
66 86 94 65
-98 -18 85 77
-42 -58 38 -34
-71 40 18 -96
75 -50 -83 48
-47 -68 -100 -72
-52 -8 41 -41
47 39 -88 21
-81 27 34 87
-87 -50 -23 -94
-75 53 4 40
-61 -89 57 68
35 11 -26 -58
100 7 -71 15
-35 -99 -4 -72
0 -29 33 -51
-25 37 -54 -71
-66 -71 -8 -16
-58 -98 -38 -52
34 -70 28 -59
-17 -42 11 0
-81 70 7 -53
-88 62 77 -99
2 -34 15 -42
-18 19 61 13
41 7 -25 -83
100 -76 -60 -65
27 5 -68 39
-69 -82 -2 25
-95 -9 58 79
55 36 -55 30
-40 0 55 5
15 -93 98 -49
-64 37 -67 27
31 10 46 47
-47 -1 -38 -39
4 55 -14 41
-43 -9 -20 71
-28 21 -60 45
28 11 -79 -54
56 -97 32 -48
-53 5 53 -100
76 73 50 -85
60 -94 64 23
51 -16 94 45
20 29 50 69
-32 71 78 81
-42 68 -49 -66
9 42 -88 28
6 49 87 49
89 93 -9 -34
19 73 -44 3
29 -45 94 49
32 10 93 -80
56 76 18 62
-73 -21 37 2
100 -10 61 -32
72 42 -47 53
47 78 -14 20
-84 -13 -79 4
32 74 51 36
-41 -21 -83 -36
-24 -30 -82 -98
-61 -85 61 87
73 80 61 -31
-76 5 -56 1
60 91 9 87
56 83 22 1
52 84 75 5
-7 -65 96 26
-10 -70 -15 -83
4 -24 56 28
-13 69 -31 10
-43 100 -92 71
-68 23 -99 -18
-35 -74 77 70
18 -34 -43 -70
-60 8 -31 35
72 -11 -100 4
-42 4 35 -64
21 -34 -94 74
-20 37 81 -67
5 26 -7 -96
-12 47 87 -17
-35 -41 -44 -11
12 85 51 4
-85 3 17 76
50 -9 -28 34
81 28 68 -68
32 70 56 -45
-69 93 57 53
86 -98 6 8
54 -72 4 -52
64 -15 18 54
-69 81 -45 9
-41 76 19 34
-17 -52 -87 -54
-40 -10 -11 -4
86 42 -55 11
37 -98 -32 95
-38 0 97 -24
-45 73 -82 -15
52 -13 -1 -96
-30 -65 85 -64
61 69 -23 87
40 -62 21 2
-49 -41 -7 -29
47 -12 73 -100
84 -70 88 27
-43 66 -35 97
-68 -90 -96 32
-8 -8 59 41
-32 -28 47 98
-48 -1 47 28
-52 -36 -22 -100
-68 67 -14 -31
-66 -74 -82 50
-30 12 -49 -20
-60 100 96 69
-39 9 -12 -57
84 91 2 -67
15 -2 -58 13
3 18 -35 -23
-74 -38 -51 -64
-49 38 -7 -8
-83 -82 25 -68
-40 33 74 89
14 95 99 -77
97 83 -29 -72
-58 -94 -61 -14
-44 -72 83 -39
95 66 -31 -59
77 -43 -22 -14
-70 -82 -85 -77
3 40 -2 -57
-78 -93 -23 -35
19 79 -36 22
90 36 52 80
-17 -58 -70 14
-100 100 17 -3
-5 25 8 -25
-35 -95 -91 36
-7 -98 96 95
69 39 -10 -64
-12 23 56 -59
20 45 52 -88
-38 -37 -27 86
49 -68 30 39
84 16 100 70
-1 -97 68 38
-23 25 76 -16
56 35 56 12
44 -69 -16 9
-86 -62 87 7
-99 -80 -62 -77
46 -25 -66 73
60 -41 -72 2
14 89 17 -15
-83 78 -99 64
-99 -23 73 48
-43 42 -41 -57
-31 58 71 -40
-83 0 44 68
18 -16 -1 12
-49 -77 40 76
28 -22 -37 37
92 -40 6 -32
56 99 -88 -3
18 45 67 50
11 97 83 89
61 33 -53 52
-73 66 79 49
95 14 45 3
74 36 69 46
-95 20 -92 -78
-25 -39 4 -94
28 77 52 36
81 85 -27 -23
86 79 0 -3
-64 58 -7 85
-35 -8 27 83
-9 63 65 -48
75 47 -28 -43
-70 92 -53 -74
-86 -87 -67 -5
29 -2 -32 -82
77 62 1 32
28 -53 -73 -96
-63 56 -61 10
52 5 65 -8
43 81 52 81
26 -64 -83 85
-85 -23 -7 25
-66 -40 52 -95
24 -71 42 69
15 71 32 -5
-80 51 2 73
-59 -36 -67 -97
-42 -6 51 -83
-27 -85 55 -86
-3 -68 -4 4
-100 30 -20 9
46 86 62 11
-82 95 42 -68
-66 59 -91 -46
-36 -32 -86 -97
-93 -83 -46 59
-93 -39 70 37
41 91 -43 13
30 26 81 -3
-20 -19 79 -31
-13 48 43 -16
-83 11 15 -78
47 -1 25 -88
78 15 17 -86
-19 -26 39 -29
43 0 -28 -71
56 89 51 -60
-22 96 -25 31
81 91 96 -86
-73 85 -57 56
-71 -22 34 -57
-14 93 -48 71
-25 -15 1 -75
-80 58 3 7
-58 -83 -47 0
-90 -34 -96 90
76 -75 42 -21
-55 100 -5 15
-31 -23 98 -96
58 13 -55 -80
65 -31 -17 5
-93 -97 81 -81
43 -45 16 26
-24 -32 98 33
75 4 66 -66
62 -87 -70 53
-53 10 -76 -8
51 63 62 34
