523
51 -38 6 -33
20 -100 -87 -41
-21 47 -37 79
-84 30 -71 2
-79 -51 25 96
33 -12 23 64
22 11 -100 35
-5 22 -3 15
-100 93 27 -28
-61 30 36 96
-83 14 54 50
85 79 55 -7
17 25 -19 -25
11 65 -26 -66
-80 3 24 -8
-16 21 -35 -52
-82 98 50 -93
33 -96 -72 80
44 52 36 37
-30 55 77 -5
-34 -7 45 -38
32 -71 -67 1
-58 -74 30 36
66 -77 -91 -69
69 67 -49 97
-90 37 28 -48
-33 67 -72 -98
-70 71 49 -3
-1 -66 -56 19
-59 30 -58 -91
73 -32 -97 -17
-86 55 -17 54
42 54 -94 -40
37 -6 -36 -21
54 -56 59 38
-45 84 20 -23
85 88 89 38
19 69 23 -60
46 98 -90 -12
42 17 -69 16
78 89 -17 53
-96 22 -43 41
-4 -79 45 -62
88 -71 47 -38
-73 74 0 30
-18 24 -8 -23
-68 38 9 -90
11 85 -99 -57
-35 -25 -61 36
69 28 23 46
43 14 -13 38
4 -84 -44 -24
0 64 82 -80
6 -65 65 -62
-48 89 61 -70
24 -4 27 -31
25 70 36 -94
-82 -10 -31 -90
-15 4 99 71
38 10 -10 71
88 7 39 -47
-100 -69 52 -49
65 -82 16 -49
-75 -51 40 60
-64 -86 17 -38
85 -34 6 -28
-46 43 70 97
-51 56 -25 -87
-62 30 60 -99
-76 -20 -53 -36
-25 -37 -88 -9
18 24 64 -9
-83 2 -80 28
49 68 -76 -10
32 49 92 98
-39 -41 -74 -10
41 15 45 37
-35 -59 -51 -55
-72 19 94 -9
24 -37 14 -45
-85 10 87 47
-76 84 -81 -56
31 -90 48 -32
-73 -95 64 14
29 20 -35 -29
-20 -66 45 81
-73 65 -15 2
-66 -13 2 -27
49 -24 -54 84
84 67 -28 22
-82 90 -80 -77
-54 -66 -2 -97
78 68 -96 17
-50 -54 19 -26
95 47 -84 3
-36 -35 -61 81
-49 -87 18 -85
-64 -61 66 46
1 10 -24 -92
-33 -34 -78 2
-99 -53 30 24
-95 40 43 46
-82 68 -100 89
-22 61 -80 -73
22 -5 -77 46
-74 95 -30 42
-64 67 -19 -38
-28 -17 42 76
-37 30 3 -55
-75 -58 81 -58
23 10 58 74
94 79 35 -16
-8 -30 -31 87
-41 -3 57 64
-89 20 -5 73
-5 46 -63 -97
75 40 -10 56
-83 45 -94 -79
-32 -79 -16 86
66 -81 -27 -54
-56 -50 -35 -18
-29 -20 77 -14
72 10 -26 -84
-84 65 -1 86
-16 76 31 -48
52 11 75 64
74 20 -12 -15
84 -67 17 -83
94 25 3 -23
-55 32 -11 91
97 -73 -37 -85
56 42 3 40
-21 12 77 -42
-68 -23 -71 73
-8 90 57 -71
-7 -56 33 29
9 44 79 57
-92 27 -62 90
17 49 -99 -8
-31 28 -83 7
-94 81 -33 96
10 -53 23 57
-85 87 82 13
76 54 -100 28
3 29 79 -96
-71 99 64 -93
-2 13 23 -3
75 -45 -88 43
-61 93 32 -77
-29 -12 88 -41
-8 -70 43 37
70 16 70 79
-78 -34 -25 -57
-67 52 -91 90
-46 22 55 91
14 25 -66 18
10 16 95 -89
-36 39 52 -74
-90 -81 13 -65
-58 69 1 -34
-30 24 56 90
69 -34 -2 3
-49 63 21 -34
81 100 -51 26
-15 -6 83 45
-39 -94 51 -58
95 -97 -35 -50
-92 -91 -58 93
89 -80 73 4
-61 -25 52 31
-20 70 34 22
25 -89 97 -12
73 -52 10 41
-14 77 1 -8
-80 -81 -45 44
31 -94 -58 81
-47 -43 90 51
-1 99 -16 -31
-3 -44 -95 -11
16 67 -85 27
35 -53 -25 -80
-91 85 14 89
-90 -32 -53 99
12 -100 29 -34
-1 -2 69 -86
-73 12 -90 42
81 12 -63 94
85 39 -60 92
-33 51 -13 32
41 -49 -6 58
-87 8 -16 -85
3 -3 32 18
-3 78 52 0
67 61 -67 89
70 86 -76 -91
-98 -36 96 -38
-81 69 -60 37
-58 -45 41 -45
-55 -23 11 10
-11 -32 -15 -91
59 -4 -20 36
-8 74 -54 -39
-57 -7 -36 -89
-17 57 -97 11
78 -4 20 -76
9 56 60 42
-48 -18 64 26
15 65 97 -65
52 -72 94 60
-78 -78 47 -58
17 -74 30 95
84 -7 87 56
-32 -17 -90 -7
81 65 -78 6
21 97 81 -84
-51 -11 -17 14
-27 15 -82 43
-77 -23 -87 -68
-45 42 7 -23
-1 -78 -62 -88
69 -45 -12 65
50 75 -75 -46
-6 -40 74 -37
-76 -62 45 79
-27 -39 80 51
-94 48 27 30
-28 69 69 -8
-18 57 -26 35
1 8 -73 82
47 43 -67 4
49 -17 -27 -47
98 -53 87 82
-59 48 97 98
20 35 65 -17
13 99 71 96
-85 87 82 78
-75 -3 83 97
41 -1 26 -96
-90 -55 -13 4
89 -59 95 -4
-87 -84 -27 92
61 -100 86 -65
-28 -6 -16 -42
-65 -43 -46 -78
-49 -36 -79 91
53 39 54 11
44 -3 24 -60
-60 -90 67 10
66 -14 17 75
73 66 -48 58
93 -12 54 -21
12 100 75 72
-76 99 -11 -41
-55 -73 85 -89
60 49 75 -75
-36 -92 -32 -61
-81 44 33 -1
-64 41 -81 -61
-44 85 30 57
-25 2 -78 45
35 -23 -74 -79
24 94 -38 -8
-81 -4 44 19
89 67 -15 3
-62 37 -99 -63
-19 -12 35 -15
92 55 -51 28
79 18 -35 -23
32 -68 82 -99
40 39 -66 79
-90 80 -85 18
-93 -31 79 56
-58 90 11 86
-22 -57 -66 32
-34 28 -50 35
30 -18 64 27
-9 64 87 -41
-16 -63 41 2
85 -64 -38 16
47 83 13 -41
73 91 47 -41
-60 9 62 -88
-3 -78 57 -50
-14 -6 82 -30
-68 60 63 62
89 32 -96 21
22 -50 -26 50
-19 -59 -53 -4
33 -100 -18 -18
-76 -38 38 -98
-63 8 -4 -45
-57 16 75 -7
35 -44 30 -97
43 25 -39 12
57 80 7 64
28 -57 16 76
62 -55 76 -98
39 49 93 76
95 -69 -24 -50
-74 81 78 -83
4 -41 -96 90
-32 90 25 58
60 64 24 -83
-63 -39 -22 -87
-52 24 95 -8
24 -24 32 -65
-90 -97 -88 -36
30 96 -59 -36
95 63 97 -55
28 82 -89 74
51 -9 92 -9
-71 -72 -39 53
13 98 97 43
78 -78 74 6
-22 -89 3 -59
-19 27 94 -6
-85 3 -100 -81
39 -89 26 -8
-11 -74 -55 -12
38 51 -98 50
-65 99 16 -53
24 -60 22 21
25 -94 -52 -69
-60 -77 -37 71
1 -93 -85 -19
55 -40 -36 -41
-20 -82 38 -69
-35 9 -85 92
-76 -61 -92 -59
-54 -59 71 -62
-68 2 -66 -84
-74 92 -37 83
49 64 34 5
-19 77 -71 -60
69 -42 -93 -48
39 -55 -70 -38
-56 83 -95 -40
-31 -81 12 -61
-82 93 50 -4
-5 -95 -77 -63
79 -81 31 -2
-53 -10 -94 -78
53 28 -20 -89
40 67 44 87
98 -29 37 68
50 -73 28 20
-50 38 72 -10
48 22 43 -46
74 -93 -13 80
-46 83 72 -91
70 59 -20 -17
-7 63 -23 97
29 18 28 47
-3 88 -99 -10
-71 52 72 29
33 -49 -81 85
-48 11 71 90
25 22 10 -69
-12 -30 -70 62
-32 79 15 45
-69 -9 86 -6
72 -7 3 81
-88 -59 16 -29
-68 74 -40 80
-23 9 -52 -7
36 -80 83 20
47 44 -59 -33
68 -61 62 6
-62 45 -67 -69
-37 -96 -97 -52
95 66 -41 -20
-20 50 -55 -64
-50 13 -25 59
-95 -11 58 43
1 -82 19 22
47 -77 -2 66
-73 96 -34 -9
14 -48 -47 59
18 -39 58 -48
57 -2 61 41
25 -63 4 85
-7 77 86 80
-30 15 62 82
-91 -3 -99 -68
-80 18 89 28
4 -68 -87 -94
-42 -79 -44 -96
77 -89 86 19
95 42 -22 -13
-91 -71 -73 26
2 -78 67 -87
92 -21 51 -58
91 77 87 14
-32 -82 -73 -7
-54 23 -1 -46
6 50 -11 -95
-2 -37 -62 2
100 -54 -86 0
-97 -16 -85 7
80 -34 -87 33
-65 84 55 52
-30 40 -60 49
-48 97 15 -43
48 -64 -65 -44
-84 -83 19 74
56 -6 -4 -62
8 -62 -7 -27
2 -83 -52 -22
-84 35 -38 -56
-73 -92 85 22
91 -41 -64 74
59 -24 89 47
-28 67 38 87
-81 12 -99 -7
3 65 -23 -74
36 75 11 -47
27 83 92 28
2 -3 94 66
17 -20 -18 -4
-68 34 -9 76
34 -38 -75 16
69 12 -49 -57
-75 30 31 -77
-4 -72 -46 -30
9 -37 3 -51
-6 43 80 -22
-64 -88 70 -80
4 38 -5 -51
-78 -88 88 -20
-73 70 67 -26
-57 65 15 -74
-60 49 17 47
-51 -35 -43 76
-49 57 -34 -55
-7 56 6 -25
58 -2 39 0
-16 -3 38 2
-34 -75 -36 98
-26 -44 89 8
-29 77 38 24
76 -37 -88 92
-40 -74 64 1
78 -97 98 2
-81 -15 53 -23
-75 71 -27 28
90 6 -52 -49
85 86 -96 -26
40 -85 44 -45
-45 -23 -85 4
-46 -5 69 -30
20 -95 -66 -45
56 -66 -32 51
-16 -53 -5 -77
64 -18 -82 -29
68 -19 3 -55
-59 -57 62 -70
-92 22 -94 -60
-88 81 88 -76
4 81 14 -81
-10 65 -94 14
-43 14 79 73
77 16 -31 36
86 -59 20 -40
-95 10 -91 41
-10 68 -72 -57
61 76 10 -69
-65 15 -86 85
65 48 -18 63
-35 30 -79 -25
-15 -82 -10 25
20 48 89 -23
11 14 1 -1
11 50 100 -31
59 -73 -85 91
94 71 -84 -22
95 39 100 23
93 -79 97 56
63 -18 65 45
-87 -56 36 68
-20 -50 -65 -61
-88 79 51 99
14 59 85 -88
78 -30 -6 26
-88 43 -41 -55
-45 -28 65 53
50 -31 64 18
-62 31 -28 24
-15 59 -91 22
-13 30 97 -60
83 -31 -11 -65
47 6 10 -14
17 -50 63 89
-86 49 -1 29
-85 -96 57 89
30 98 -85 -32
36 68 -75 9
67 -41 45 4
63 12 -100 -95
89 46 -77 -70
-64 -86 -99 -66
72 -13 -45 -50
76 79 -91 12
48 85 -26 -75
-20 -42 -34 99
-69 69 6 -76
-12 25 74 -5
43 -78 -12 53
45 -42 -50 -15
91 -16 85 -78
-3 67 79 -25
-2 -88 -56 49
-81 -11 6 -99
-95 -48 -24 64
-56 -99 -32 -7
98 39 -46 57
-41 -25 94 -45
-49 4 32 -41
-12 93 16 -29
52 68 -80 3
-8 87 29 37
55 -42 44 93
66 13 20 -91
-24 -42 49 -26
