962
-84 -3 -20 0
-10 -68 -11 -9
63 -39 21 91
-1 92 -15 -13
45 -3 -41 -16
11 1 3 -87
-4 82 -34 -49
19 25 -43 -78
19 -73 28 -85
42 23 69 1
-58 -41 -42 -37
-62 -65 99 -65
-75 73 -70 53
-6 -81 -91 -90
-50 -18 6 35
-60 93 69 26
-23 -54 60 -83
38 27 -30 56
-24 36 43 60
67 27 -35 -94
63 9 33 -49
-28 -20 38 -93
56 -45 -97 -10
-16 -14 95 55
-49 -97 73 -13
19 -32 -19 39
75 19 -64 -93
-49 37 -66 18
54 -44 -24 -76
-26 43 -58 16
-53 13 -66 -91
6 -84 -65 51
-14 44 86 28
1 -41 -93 69
5 -77 -59 -22
-79 -77 71 25
-31 61 76 -40
-9 74 90 -28
-57 -18 2 45
13 -7 20 93
-20 3 -78 94
-42 8 85 -81
23 -30 -38 87
76 -52 -51 -57
-56 53 75 -24
-5 -78 61 -22
24 71 28 -16
-9 14 83 -98
-96 24 38 -7
52 10 -54 -2
39 -41 -66 -4
75 62 74 9
-10 64 -66 57
-87 -57 -29 59
30 78 -56 60
88 85 -12 61
3 -75 -99 67
-11 -32 71 -42
35 97 1 19
-41 -99 62 -82
-20 22 32 8
54 -26 38 92
87 7 -85 -52
24 -9 -92 -29
-18 -69 -6 4
58 -32 -71 -90
62 -25 -67 -5
-62 6 60 6
54 43 -39 -7
84 -50 9 3
-16 41 -84 73
89 17 -47 95
21 59 26 29
-80 -9 -66 -16
42 -21 -83 -80
-27 6 -82 53
33 39 -58 -80
46 -98 -63 -44
-38 -29 -55 -10
-54 -61 -68 -68
-34 -91 -75 -75
-5 -85 3 -25
-34 93 -45 -72
11 31 12 81
-10 -87 7 28
-52 -46 12 -45
-44 -24 13 22
12 30 -24 33
-63 97 29 5
80 -92 -30 -90
93 93 68 98
-36 94 35 -42
83 -31 8 -93
-36 -78 -68 56
-42 25 -50 5
86 60 -52 -27
-84 4 -97 -65
-68 37 3 69
-52 -54 -95 57
-85 -86 7 -6
-74 90 15 -98
52 -87 -95 -43
29 87 8 -56
-73 79 12 -2
-41 26 -67 -79
88 62 -31 -37
-76 17 -77 -29
-98 90 51 -65
9 -30 -76 82
-85 -63 81 1
94 -77 65 -28
78 48 64 -25
-14 -51 -87 -83
47 28 78 -44
90 65 -3 -45
-52 -78 26 -11
89 94 42 74
42 91 -93 -40
-47 83 2 -21
32 12 -85 27
-11 -54 61 11
71 82 32 55
-20 36 37 52
36 10 98 -5
-7 -77 92 40
87 -31 -39 72
82 -88 -73 -14
56 -95 95 -81
24 -15 18 39
1 63 67 -92
-10 77 -54 73
-77 34 -48 36
9 -67 30 93
67 50 -65 4
8 -42 -30 -32
-4 -28 41 58
28 40 35 -11
44 -100 -57 9
-9 -74 72 -44
-65 -21 2 42
-94 -20 16 81
-27 -81 38 73
-66 -49 81 35
57 -71 -68 92
-12 65 -2 -21
-29 29 -78 95
-73 -91 -35 -15
-47 -77 -34 -12
-90 -71 35 10
-32 46 5 32
-57 28 12 47
15 6 49 -87
-26 7 -12 86
-71 -40 -1 -53
6 -40 -4 -4
48 25 97 89
-74 21 90 13
-22 1 83 93
-28 98 -50 9
18 -86 -8 69
-79 19 -76 -80
27 -87 81 -13
-98 -2 -41 -48
41 -46 -50 2
-79 99 6 -27
-99 44 35 98
37 90 -99 56
-30 67 91 -69
35 39 -62 34
-53 -3 -7 87
-33 -70 67 -19
-62 71 15 39
-69 3 15 -74
-2 -74 -44 -68
11 -96 88 88
-40 -36 -19 -68
-12 -3 -21 -72
-58 5 84 -47
2 65 -54 -61
-98 12 81 -60
72 -41 -13 39
-93 -100 47 -67
50 49 -61 -66
44 2 23 -57
-83 25 12 50
26 42 17 -52
-98 -96 44 30
70 -72 81 100
-96 -2 -4 27
25 -93 34 82
-35 18 -83 -30
32 73 96 73
32 39 30 -16
-12 88 -21 67
21 -55 38 5
-62 61 46 -47
86 -73 -67 -47
-70 -23 -42 -6
46 -91 -99 -80
-82 -41 4 83
13 -47 34 68
-16 32 70 -47
-32 70 -3 -49
-7 -68 -70 -25
-83 -29 -79 20
-41 46 -17 -65
42 5 -18 45
60 -63 51 -32
10 83 50 -33
-66 46 -90 92
37 -34 41 -84
68 -25 16 100
-8 -77 95 -28
22 -62 -15 17
-10 -19 80 -49
-17 -19 87 -22
35 -78 -72 -93
-60 4 39 19
-11 -97 83 68
-31 -96 95 83
-46 -14 3 -96
-6 -36 -32 -8
-30 -91 -83 -8
-24 -42 49 3
-22 -26 -77 46
56 66 -83 -98
51 -47 76 -65
87 -72 79 -60
-76 -44 20 43
-79 -63 46 53
-55 57 57 66
-89 23 27 -31
-20 -81 -84 98
-88 89 -83 -33
-86 -19 -33 -16
-34 -40 3 -78
88 17 -69 -23
26 -35 60 44
-47 88 64 6
22 34 -3 55
78 53 15 -97
-83 28 -56 71
-47 42 -55 25
-84 -4 15 -72
-98 -53 -47 22
87 43 -38 48
89 52 -70 3
-100 -64 79 82
-44 39 -71 64
35 -71 7 -86
-15 -16 8 19
29 -70 -13 -100
91 -74 -89 43
56 61 31 -8
-86 0 58 -24
-75 -38 99 -92
-27 -42 3 -83
-3 -74 40 57
-74 59 -29 58
-41 -48 -92 24
56 -84 50 55
56 7 52 43
71 -30 77 -2
26 55 4 46
-41 74 -11 -65
-84 56 93 87
-58 96 74 -20
-77 -61 78 -74
55 80 40 7
-28 -38 -60 20
61 -4 32 91
-82 39 63 48
12 39 66 -48
64 44 -63 40
68 -70 -36 -14
-77 67 -71 87
18 -26 -41 -5
71 100 -70 -17
65 -89 -11 -3
79 39 61 -95
99 -89 19 -63
85 -95 69 1
18 -14 -83 -8
-87 0 5 13
-55 -55 -82 64
-20 78 -35 30
-83 -72 24 35
-57 66 94 51
49 -70 73 1
-7 -43 87 88
-35 87 28 77
22 -93 -30 70
-93 -61 31 -8
92 74 -84 -85
-68 79 50 36
-67 34 -10 -18
-27 -54 47 -7
-40 14 -74 75
-45 46 6 60
-52 46 0 59
43 93 45 -85
-28 -75 -29 19
96 -46 -22 -2
26 -64 95 8
37 -18 -2 -79
-52 -35 32 -33
-92 66 -18 98
-39 -40 2 34
-41 -71 -87 -97
-47 -13 32 -19
46 -23 -49 54
-23 84 67 -90
84 68 -6 -67
65 15 -28 29
2 -57 -97 99
97 94 -3 81
-69 -16 18 -36
-56 -96 -76 79
-96 -68 -77 75
-95 57 79 97
25 24 -81 -93
7 46 17 -43
87 82 -66 -93
-45 -16 -82 -67
98 -34 -48 70
7 14 -11 30
61 11 75 84
100 -61 30 26
40 71 85 78
23 48 -17 90
90 65 68 -80
-94 68 23 -27
78 -15 -59 -87
-5 -65 95 2
-34 7 2 48
16 -87 -60 0
-29 9 8 24
-65 87 -20 16
-7 77 -100 76
-99 64 85 28
-49 -42 7 -51
-96 4 14 5
-50 89 -87 73
79 51 -55 -38
-64 47 41 56
-53 -55 58 -31
62 90 62 42
48 -5 7 -47
71 -31 7 -33
-86 28 49 87
-5 38 45 8
88 -88 99 100
-77 -26 -55 46
12 76 -29 16
16 76 -7 58
23 -33 -7 71
49 -76 17 97
-22 -83 20 -50
-29 16 50 50
3 -42 -32 47
-18 -13 96 -4
64 43 -6 85
61 -2 -48 78
75 -9 -18 -69
-17 100 -75 15
10 86 63 -71
4 -19 -2 -56
-45 -51 51 77
36 61 97 55
4 95 -71 -65
50 7 20 24
16 -30 20 -73
20 -16 41 -51
87 21 29 8
96 86 -24 -36
50 -80 -47 -89
73 -19 -30 -76
98 -26 84 -33
-81 64 100 -59
46 87 77 -97
-12 47 87 68
68 -81 92 18
-89 88 92 -59
-42 21 3 -83
-38 -89 -56 32
-16 -73 98 36
79 -97 100 33
-100 37 49 -48
-16 -47 19 73
-27 71 -47 28
-11 -83 74 46
-91 85 50 95
23 22 85 -40
66 84 -85 33
-11 68 -41 42
-86 1 -68 -11
-28 -32 -3 26
-10 49 17 -43
-71 -89 68 -8
-80 29 62 98
55 69 60 42
-77 66 17 92
-10 90 37 56
-19 52 55 -5
-21 -53 6 -85
85 -74 14 -43
15 0 31 41
-37 88 -77 24
-78 7 -32 -62
96 -6 -13 -6
100 90 -100 97
-50 -43 65 -14
-95 -63 54 84
-25 74 -4 34
-22 -90 -43 -13
-13 -32 37 9
-36 -26 -81 68
96 90 -61 -31
-15 -5 -54 -53
64 -17 -75 24
-74 -20 -44 22
-39 -49 -65 32
35 -52 40 -20
-100 88 -75 37
-14 -80 47 -18
0 51 92 78
-5 -86 -15 -80
-93 79 -86 8
73 -80 -46 -48
-89 -88 -94 46
69 32 -100 -90
-17 -58 31 -72
51 -31 94 -17
68 85 0 39
-50 -50 47 78
60 -99 37 90
58 -22 -92 45
58 9 -74 3
21 63 -17 8
94 -73 -88 -39
-99 57 37 -88
-92 88 -75 4
-79 11 -28 27
44 -8 11 62
50 -16 98 22
4 -24 -88 89
-85 -61 -61 57
48 -60 50 41
-43 97 65 -35
-88 45 47 -29
66 -13 37 -90
-24 -14 78 -49
94 -49 23 -56
-80 52 -93 -84
34 -51 47 -38
38 -41 43 -72
88 6 -25 64
35 39 74 -8
9 -34 -76 25
-80 12 -14 47
-92 95 -8 3
-58 -31 78 -43
-70 -19 1 4
15 65 -1 25
43 94 -1 89
1 43 21 -60
39 32 -59 2
-74 -99 18 69
72 15 -61 -41
-9 -51 -97 -88
37 -85 -80 -20
-92 31 -36 -28
35 65 -25 56
-94 -63 31 -44
-93 57 5 32
-1 -30 -36 -19
31 -83 25 95
-70 -94 -21 -55
38 15 -67 48
15 -85 86 65
-42 7 -28 -70
8 76 -31 14
46 -86 65 27
-82 26 -60 -5
-87 -7 17 48
17 54 29 43
-99 -47 -12 -95
-8 83 43 29
-44 19 65 22
-56 -82 -2 -76
-53 66 76 58
30 -18 -17 -33
96 25 -94 -1
62 97 83 49
51 -6 66 -18
83 -9 17 43
57 -22 -39 -29
-98 22 27 -45
-18 -32 21 -60
54 35 36 -9
46 -7 100 60
47 31 98 44
-10 -16 -60 68
81 -24 -73 -72
-56 -37 -25 -21
65 26 67 12
-24 66 -99 25
81 79 -29 14
81 74 28 -92
-74 -55 -46 -38
83 -30 37 87
-43 85 -4 -56
-13 50 44 -18
-40 66 47 45
36 17 -72 11
-49 98 -27 16
-1 37 -63 -50
24 37 35 -35
-37 -6 -33 -89
47 50 -25 1
10 96 -80 59
93 -17 19 43
-67 44 -63 -61
-98 -26 -45 26
63 39 94 -64
29 -23 64 76
-55 98 -16 -46
63 97 -68 48
-94 -41 -12 38
-54 -99 -35 45
-99 -12 -13 -4
-82 89 -58 -81
1 43 -20 -40
0 -63 56 -45
-6 -95 -52 -27
80 -51 44 81
52 95 33 89
-45 36 -37 -69
55 72 -51 -88
-38 -99 76 13
16 -11 -100 77
-37 -13 -22 93
-46 33 -57 71
-56 24 25 -63
71 -52 74 -79
-65 -95 29 29
-30 -84 -79 -33
-37 -24 21 70
-22 25 -23 52
-85 93 85 48
-56 -95 74 94
68 30 90 100
72 -38 -65 -9
64 -84 88 -100
89 -68 4 -30
15 -26 -47 87
23 84 -52 29
23 99 -38 9
-65 -69 61 25
27 -30 -14 96
26 -37 75 -99
98 -32 -17 -37
-75 -70 -65 83
-13 41 -15 -88
-38 -98 -23 72
20 -41 -75 0
-24 -85 36 7
-17 -60 -34 90
-23 -12 -51 -7
-51 59 79 71
63 -91 59 13
-82 24 -73 43
62 -5 45 -1
8 -88 -6 -91
-12 49 -39 -89
55 -74 17 -98
27 47 60 -40
-94 74 66 -77
-39 58 -58 5
10 52 -77 12
74 87 -65 -29
60 99 -92 52
-40 -74 14 -39
-79 22 31 -11
-36 -41 -96 26
22 -1 -60 61
-72 -28 -28 63
34 -35 25 1
9 89 79 88
18 -57 -63 -6
-61 -71 -13 -87
53 -6 29 47
31 -64 12 -33
-72 -92 23 74
-34 28 -48 -94
-69 84 11 28
-55 -98 97 1
87 -30 55 -55
60 46 94 84
63 -76 -59 21
-59 -24 -75 -93
14 -26 -40 -10
-76 6 -88 26
17 25 -30 -41
40 28 52 94
42 1 -46 -39
-97 41 -26 -79
-47 -26 22 -99
84 74 1 -95
42 58 -100 87
-67 71 85 45
-28 -96 -70 -92
-97 -41 15 -92
33 -58 71 -69
-64 81 73 23
89 -2 44 -78
-95 25 28 -30
-55 -80 -69 82
-12 -9 -59 -78
36 -72 6 30
35 -18 70 -77
-22 -1 -75 3
89 -69 63 -76
0 -43 -97 -44
-60 5 6 48
19 7 41 -66
-48 -84 -52 -20
29 -5 63 -81
-20 -22 -70 -50
-38 68 -21 -49
-38 -63 29 -92
-14 92 8 -75
-31 -5 -53 36
-71 69 -55 51
-43 1 14 66
-60 97 61 22
-32 19 -77 -33
27 -56 12 11
18 53 85 7
-82 -55 85 -9
53 -32 95 -32
-78 -60 87 81
7 -8 57 -21
-82 -76 92 20
96 -26 0 82
8 -89 -93 50
-7 12 -47 -10
38 -48 -17 -37
-77 85 99 36
-5 -39 2 -79
-22 27 5 70
87 54 -44 40
-79 -97 -78 -60
83 -52 79 -17
99 -41 -18 -38
-54 40 67 92
-22 -100 43 -49
-72 -55 -24 -96
0 29 15 10
-56 -33 -8 60
83 68 73 -59
22 -70 62 -25
2 17 -66 -6
28 27 20 70
82 -23 17 -12
66 25 -8 8
86 -67 66 42
-57 23 33 94
74 -96 59 32
-56 19 98 17
51 -93 -7 81
20 31 55 35
-36 59 -68 -38
-90 10 -41 66
-88 57 -58 -67
-81 92 47 2
63 68 99 94
-52 83 -35 -34
56 -51 -46 -34
40 64 85 -31
36 75 -79 30
-46 6 -96 -62
24 -90 62 2
65 -73 -84 85
98 -9 32 -51
-95 74 -56 -96
91 53 47 -54
-32 27 -44 -93
-30 -31 -72 83
41 10 -20 -60
36 -1 47 -91
-50 -22 42 98
72 -99 -75 -19
40 39 40 -30
-89 -75 -95 46
56 -85 29 -93
99 62 -67 -22
-10 -70 41 28
29 32 -47 59
-86 -16 -59 29
-29 21 45 96
-39 -86 -26 -58
-68 51 -13 49
-74 17 -23 86
40 80 -87 94
-13 -58 78 -1
-40 95 45 2
51 -9 56 -90
38 -24 100 -46
35 -50 -2 37
40 -69 -26 70
-34 -81 1 5
66 -64 82 -41
-13 -65 -15 96
51 79 6 30
41 -73 -66 26
-24 -31 1 -39
6 63 64 -82
-7 51 -49 -24
-68 -97 23 60
-70 -67 59 60
-80 86 -5 6
-17 66 -57 -18
-77 10 64 96
-19 10 80 72
-15 77 61 -96
9 90 39 -22
-53 -67 69 -100
47 -19 89 6
73 63 40 66
-86 -70 -16 30
-87 -31 30 89
93 100 89 -37
44 -84 -20 -60
-18 -85 -25 19
-87 82 96 12
98 -26 36 -31
-85 31 -23 38
81 -58 58 -96
-14 8 -47 11
33 27 6 78
36 -14 -54 21
76 -8 -99 7
89 -98 -17 -80
36 -5 -18 42
73 43 -12 -49
-25 -33 -61 74
87 35 56 -81
-10 -20 20 -10
-32 -7 -9 -10
-83 -13 -10 -29
-90 55 -88 14
88 -63 25 86
-59 59 -32 65
-46 58 1 -61
-65 56 -100 -88
22 -64 -64 25
33 -63 72 -69
12 -50 35 96
-28 74 -2 -91
-57 68 84 91
99 -86 -69 78
62 68 46 67
19 -45 -50 -68
50 76 -16 48
-26 -96 61 -25
-83 -71 46 -93
52 11 67 61
-40 67 99 -4
69 -47 12 -53
-6 40 85 -50
-9 -73 -12 -36
73 -36 13 69
-80 88 -41 83
79 -35 40 82
83 0 71 -17
-36 -6 22 83
-25 7 65 64
-80 9 -44 31
69 45 -70 32
-47 -44 85 37
-39 -37 68 76
-6 92 65 31
-26 61 68 31
63 -97 28 -25
78 7 52 65
83 14 -80 95
53 93 4 11
19 16 92 53
-50 97 20 18
44 -61 -9 -92
-2 -78 54 -10
13 56 -86 37
25 -37 73 28
-10 73 39 73
-100 -69 -59 23
73 83 -77 -39
-82 -31 -31 3
68 -72 93 17
10 -4 -71 -97
51 96 94 -10
28 -3 -68 85
15 12 14 44
-64 -71 17 21
-16 -90 -85 -64
67 -68 -18 -22
-26 80 83 8
12 -9 -92 53
79 59 -6 90
69 -87 -49 -4
13 37 -45 18
69 -62 4 12
87 32 1 -83
-46 44 41 -65
-56 1 70 70
-5 -90 -56 -39
75 -22 63 -69
94 17 -12 -25
85 -38 -12 -44
-47 -92 12 50
-7 -26 -59 -33
-88 48 58 -86
27 93 -5 -76
-94 55 94 3
72 83 -23 59
27 97 1 81
22 -16 66 -33
31 83 58 15
-22 61 -88 -95
54 -10 49 -17
-57 -45 23 64
63 10 -72 -11
-9 -4 18 -40
-45 50 72 8
76 96 -51 95
-95 4 74 47
-20 12 -89 96
41 2 -36 67
78 -21 -72 95
-38 60 -44 -21
-3 -70 99 75
-74 52 7 -100
-32 92 31 -63
-52 94 -76 -69
19 -60 -41 36
-84 -77 63 -69
87 -55 100 -8
50 -14 -17 71
-53 93 -68 -34
-26 -22 -71 -53
82 -57 -91 26
-99 86 -19 82
-26 -51 82 -30
94 65 -78 -17
85 42 -43 59
-40 61 -46 9
-46 85 73 -43
85 2 70 -18
81 36 15 45
78 -7 -62 -31
-12 -64 -62 98
-54 49 50 79
79 34 -68 -50
89 45 -82 -10
1 -97 76 -83
22 -10 -7 75
91 -69 -16 17
-41 -69 13 -98
94 -5 0 -51
16 -9 51 -93
-81 88 71 53
-10 -2 49 30
-57 -61 -75 40
-76 93 -22 -58
-89 0 80 -96
-16 -99 -68 36
-32 16 -48 3
27 85 75 16
-58 -32 56 -83
5 77 37 20
-99 -27 27 88
82 -33 13 -50
-3 -10 -19 26
-25 7 -51 -30
-27 77 -87 79
59 38 -29 -13
-56 22 -36 16
34 -80 90 70
67 -11 -12 -52
-40 -43 24 -98
89 58 -11 30
-80 45 35 -55
-73 46 5 -55
-37 37 -90 48
-14 2 -92 -12
-53 79 -61 -50
-98 -54 55 64
11 -97 32 45
-15 -49 17 -84
-32 97 80 44
-63 1 -26 -90
-34 -29 -4 62
20 49 13 -9
-23 -15 36 65
-67 19 83 7
26 -65 1 79
-37 -2 1 30
48 -58 83 -3
-48 -4 -15 31
55 20 26 -46
32 95 28 -55
-63 -43 -58 65
-39 -34 -58 -90
-14 76 -4 -68
-48 -64 99 53
46 65 -27 -22
15 87 28 99
-15 51 -59 85
-86 73 -84 -89
0 29 -57 44
44 -70 -68 41
34 55 7 -7
-30 92 79 22
28 22 1 1
18 -70 -96 54
91 39 -11 44
-5 -100 55 85
-83 -93 46 -59
-77 69 -41 11
81 74 -58 81
85 -20 -59 -100
16 85 -82 -69
-66 -44 33 -11
65 35 -69 89
95 92 50 19
-6 5 -33 -62
1 -91 -40 -27
10 51 30 68
44 -77 89 16
16 7 16 69
0 13 54 -75
-31 2 63 -93
87 -34 -80 -10
-87 23 -48 65
-55 -2 80 38
67 -17 16 62
69 16 -42 25
-15 32 96 -41
-75 -78 31 34
43 -13 -15 29
-78 21 -90 48
-64 -44 -38 -17
-98 51 93 40
71 -33 -34 19
35 -33 -9 -70
70 -86 72 1
78 -89 38 41
91 -70 21 35
26 -48 70 -45
69 -98 77 15
77 -6 -19 -30
12 -12 65 -56
