1000 1000
187
39
77
229
264
53
458
391
125
338
272
197
292
467
81
103
181
483
106
169
404
178
191
93
359
22
443
6
355
180
203
442
106
40
397
402
137
384
376
195
161
173
203
354
420
324
157
424
437
93
371
365
498
365
279
390
122
276
177
137
446
43
370
328
454
304
390
161
353
175
74
209
15
312
6
27
176
411
184
201
280
81
76
186
226
85
221
106
460
365
92
225
328
279
468
362
364
206
157
381
427
228
181
370
355
64
497
58
336
372
390
148
320
160
111
377
381
122
463
144
251
170
325
252
181
305
156
103
391
421
314
23
27
108
72
22
379
372
352
411
139
481
246
175
414
357
280
161
106
320
200
212
430
386
128
64
29
424
320
268
93
174
205
304
72
27
41
103
334
312
161
460
354
204
425
425
402
54
92
335
250
43
370
354
58
30
370
209
225
48
201
404
137
425
471
113
170
365
90
19
43
497
443
24
204
12
445
480
0
225
201
443
391
335
41
372
152
54
48
424
49
187
105
148
19
255
305
429
272
54
328
462
64
199
81
72
53
295
287
458
19
382
421
276
389
325
335
459
267
133
279
480
338
172
268
275
247
63
223
266
33
299
448
496
401
416
88
140
369
91
450
463
463
325
312
425
354
447
209
149
260
24
344
14
297
64
352
236
58
365
93
498
428
321
383
288
169
366
196
463
216
181
93
74
233
197
113
48
497
203
176
443
480
169
23
324
74
427
300
161
72
69
22
172
72
286
399
425
170
382
353
49
66
276
203
111
175
416
156
150
111
420
295
357
217
138
258
447
176
127
280
354
95
356
170
425
159
144
19
140
414
338
159
335
328
459
151
195
184
480
202
480
328
62
294
492
475
291
468
478
90
463
149
478
353
286
140
30
63
24
93
350
49
376
251
206
129
480
180
427
424
53
452
176
372
401
339
208
195
305
64
474
429
498
225
425
64
201
147
140
133
93
276
209
209
308
383
323
352
309
338
204
313
323
77
10
27
137
1
455
386
284
416
138
338
191
33
204
345
279
276
105
15
450
370
290
246
420
328
54
167
354
420
383
492
17
223
252
175
387
167
33
391
276
354
12
103
43
108
209
64
429
222
475
397
156
24
406
65
443
417
154
460
308
149
276
280
74
474
380
708
759
572
924
647
522
910
896
693
582
683
776
539
741
700
672
820
553
887
704
880
584
688
608
598
664
699
985
637
916
976
971
750
707
645
759
594
791
852
803
770
745
887
679
836
520
708
667
746
941
562
751
820
768
939
764
546
620
618
856
603
570
874
521
534
834
869
789
992
909
621
588
953
567
836
536
514
704
896
655
802
644
856
656
614
874
564
602
598
544
544
645
951
530
628
953
856
765
671
901
918
594
785
648
924
732
544
862
955
808
910
658
828
887
618
544
909
759
989
945
582
553
716
649
553
668
503
553
612
730
638
672
836
745
788
610
759
710
536
564
746
775
769
688
785
873
759
745
831
814
820
567
731
730
972
579
732
723
881
633
619
701
687
916
917
600
555
884
803
544
914
754
995
553
971
633
914
939
701
605
582
815
754
676
973
591
915
517
874
553
725
698
852
717
505
713
740
574
526
789
730
690
558
658
741
612
904
896
813
539
617
741
693
544
666
915
634
805
823
550
887
633
804
614
754
628
670
722
824
0
553
647
937
910
519
672
733
628
674
638
976
909
857
789
786
896
890
842
645
945
804
878
730
759
962
605
862
938
813
550
725
896
564
504
785
653
710
699
804
608
957
858
844
760
628
933
589
628
957
682
885
874
989
657
628
759
753
548
880
923
754
970
619
738
778
733
632
639
865
966
863
724
638
898
915
792
915
989
1000
509
862
867
701
785
603
603
712
771
871
701
619
631
909
924
820
738
619
786
896
834
701
985
600
543
636
526
732
550
705
603
862
857
820
714
634
916
731
753
728
609
501
843
761
710
513
733
526
885
829
953
594
916
530
978
914
693
672
890
683
764
770
845
526
768
708
612
879
976
831
553
824
937
711
862
639
701
820
865
781
865
550
737
921
977
927
927
880
536
503
557
759
807
513
519
721
549
863
986
701
820
559
873
552
924
553
701
785
656
939
971
616
849
770
901
808
910
916
643
716
517
778
904
909
978
971
582
820
738
519
543
915
895
932
738
937
628
979
508
724
856
576
745
933
896
637
923
647
592
625
813
656
807
819
620
886
603
796
922
532
973
683
614
645
652
878
914
815
796
904
915
602
731
651
849
600
765
640
511
820
857
701
550
730
693
937
915
798
541
672
591
814 273
866 118
457 416
793 573
540 37
889 157
801 292
9 906
422 823
780 463
425 360
257 163
254 726
787 356
790 699
843 10
34 701
466 855
280 11
227 222
533 475
944 546
340 393
564 704
174 954
569 295
258 130
99 86
631 707
61 168
584 504
898 548
903 329
815 263
477 471
743 526
800 666
86 966
551 968
746 967
442 593
183 905
877 481
211 301
470 358
74 855
789 467
970 43
508 476
464 733
239 27
61 29
262 803
748 547
936 914
869 912
635 388
127 421
57 629
457 47
628 511
826 276
38 622
361 791
346 888
103 666
319 649
189 740
710 661
424 265
490 631
996 914
336 642
967 52
991 62
149 565
905 886
613 524
986 735
129 17
553 891
947 845
957 343
279 58
649 906
748 174
763 719
639 277
538 244
105 85
734 4
815 486
436 90
563 313
314 312
473 103
976 238
813 758
952 550
235 80
455 552
878 340
100 586
525 1
104 970
772 816
63 415
967 602
70 548
708 594
493 823
649 900
264 961
115 45
824 750
641 365
607 504
344 139
796 839
832 247
539 716
31 622
777 758
29 169
991 877
304 167
716 780
521 645
544 284
102 51
422 623
65 97
530 250
273 793
244 823
951 870
291 962
84 422
237 2
713 372
93 970
47 145
503 897
473 276
49 783
854 271
850 657
523 692
823 934
89 536
91 386
490 887
911 379
658 448
58 315
340 554
611 686
162 415
629 157
873 424
418 617
284 442
467 3
247 423
655 284
351 143
706 648
505 9
127 153
81 245
346 369
284 756
487 160
471 178
127 511
233 650
700 835
902 378
194 86
686 329
137 915
149 7
320 929
36 876
309 426
49 131
530 876
602 176
2 951
632 712
588 184
585 136
350 605
286 209
903 370
502 74
558 796
938 295
350 284
572 56
694 159
786 509
300 979
263 712
379 972
667 307
325 600
873 69
930 215
610 839
96 983
41 19
309 783
774 183
540 579
815 46
237 967
652 88
832 864
521 956
482 487
362 331
745 455
26 790
941 73
884 250
696 861
629 683
959 84
778 463
657 340
150 501
456 516
71 358
629 145
778 890
281 648
171 462
209 948
722 805
761 170
714 972
949 371
812 818
180 259
668 472
958 368
714 309
351 660
299 118
684 246
721 196
222 726
80 694
637 248
18 545
942 923
774 844
128 923
349 33
355 523
461 321
258 967
89 983
491 840
960 16
781 561
413 481
89 347
208 794
972 260
259 906
139 564
335 251
528 659
911 935
973 677
77 203
630 944
77 498
924 848
975 941
959 449
672 818
75 485
203 611
414 389
931 945
721 213
501 120
702 924
460 756
929 409
965 620
169 309
156 758
265 900
862 860
282 773
297 134
780 773
81 768
956 550
812 877
624 110
208 995
225 869
99 193
528 527
939 86
996 572
328 60
843 260
975 822
607 670
1000 357
211 426
690 969
614 390
53 382
263 847
992 893
466 80
684 868
713 655
881 729
255 518
967 931
857 79
264 881
814 244
477 576
248 318
710 230
659 292
93 300
622 671
453 676
48 179
751 568
837 609
269 683
345 898
507 291
916 166
515 711
270 103
408 269
717 135
189 576
388 609
286 400
934 647
791 522
388 760
588 770
124 788
417 166
995 970
523 757
731 913
342 455
672 54
153 151
775 991
703 646
889 501
967 146
463 727
38 151
158 380
395 116
741 177
236 705
652 957
575 872
495 64
195 410
667 947
520 323
529 44
196 857
273 792
152 160
720 751
826 826
285 642
356 709
960 184
701 837
557 354
671 876
736 19
353 575
768 364
69 355
953 647
212 399
140 114
377 996
322 142
852 355
26 881
640 813
231 801
622 945
205 394
803 401
389 761
464 102
671 626
808 206
967 199
360 315
651 298
554 669
756 214
410 162
124 864
93 853
871 907
174 957
653 277
179 776
566 164
704 616
399 21
194 300
828 294
846 186
990 682
651 356
223 397
861 144
580 705
12 716
379 968
597 114
444 706
919 792
485 450
384 588
1000 108
129 222
968 802
176 910
596 104
780 623
27 708
702 812
721 642
214 451
889 334
963 199
915 659
663 98
303 732
883 802
11 953
271 715
994 788
756 390
166 141
37 272
879 587
187 222
828 259
657 800
945 246
176 540
426 310
964 108
287 473
942 50
760 50
722 523
619 900
756 146
723 104
967 31
900 289
246 207
509 574
55 901
196 760
508 545
592 108
356 329
411 491
66 509
366 472
268 479
498 906
14 474
12 43
96 251
81 960
334 910
395 106
566 122
2 355
295 167
590 469
592 30
219 24
431 58
206 955
675 414
624 925
132 215
337 276
401 52
359 862
738 323
606 878
336 221
826 329
938 901
83 81
641 109
736 593
509 729
912 275
929 320
932 735
77 289
489 556
307 642
773 612
884 215
823 651
652 656
540 400
971 323
760 832
149 157
554 910
605 27
675 943
229 582
767 462
649 158
821 211
221 462
772 714
723 360
446 921
90 810
426 337
459 18
100 649
518 694
976 39
853 839
943 209
455 583
577 51
248 64
708 1
998 647
979 24
343 921
971 920
905 228
170 332
603 185
608 661
58 401
179 628
758 526
421 287
471 563
753 406
338 862
246 190
712 189
891 285
128 63
612 151
803 917
564 161
665 32
812 36
603 188
978 212
121 830
605 666
125 762
328 478
215 417
861 777
650 848
412 826
62 36
380 87
703 45
345 255
743 848
959 374
128 826
598 448
108 737
782 337
409 45
437 341
311 136
463 35
779 9
317 863
729 95
537 937
277 708
120 864
531 696
161 314
129 848
438 880
953 310
961 494
603 971
161 489
818 43
292 204
589 752
95 964
545 113
907 411
342 931
674 122
791 488
252 466
782 648
3 868
487 694
245 367
131 565
219 467
64 402
309 260
711 315
569 353
991 968
572 725
464 433
663 822
650 145
85 708
479 313
205 428
374 40
691 390
937 706
972 475
977 326
498 451
529 172
972 70
145 390
865 833
428 327
150 36
300 434
775 353
828 628
131 927
109 580
683 265
877 42
187 65
14 702
402 992
875 418
479 810
920 347
917 653
698 723
840 563
765 899
528 521
653 72
973 623
22 627
92 664
792 77
273 676
997 730
53 837
565 846
603 622
597 189
109 379
723 591
844 716
669 396
504 300
458 517
637 354
40 732
582 765
736 780
46 333
120 923
277 440
327 942
567 906
982 742
620 937
165 363
683 1000
700 326
888 745
267 763
360 849
923 63
75 247
215 46
193 716
101 104
919 762
410 124
164 718
21 214
416 224
138 165
517 501
914 168
960 954
480 75
561 955
263 564
280 525
947 699
347 89
30 641
854 498
972 200
666 698
952 819
185 407
200 751
377 428
431 947
183 453
554 876
294 874
717 724
936 984
870 492
243 836
593 447
208 314
390 209
216 605
153 87
408 624
665 873
239 340
971 230
350 579
87 518
23 692
75 878
32 280
134 104
794 997
8 745
901 376
561 583
63 320
527 90
893 281
755 905
952 223
318 897
508 99
896 50
621 850
426 603
587 36
805 143
552 427
394 839
878 125
755 450
166 611
346 746
631 523
680 921
4 107
856 140
730 55
550 911
64 140
458 857
175 150
234 913
708 639
167 41
571 969
766 867
590 598
481 217
711 694
631 688
58 913
570 928
879 757
295 773
39 10
692 74
92 252
685 111
630 729
343 512
507 284
64 817
575 753
102 510
708 178
712 135
651 985
738 76
540 950
597 701
339 492
478 302
963 175
638 665
791 681
770 956
167 486
339 980
1000 436
744 946
991 94
547 885
495 179
546 176
161 650
367 686
163 505
770 363
132 791
557 893
839 599
360 83
590 958
30 428
385 126
775 388
415 532
904 490
173 78
168 133
605 377
501 416
120 322
350 395
734 708
818 813
597 938
929 991
73 821
720 930
659 888
395 476
397 82
303 663
677 547
686 162
600 619
342 276
689 103
836 614
466 502
317 600
226 43
285 783
703 699
747 717
158 442
869 930
377 841
248 42
408 107
779 255
595 599
220 41
527 360
907 474
511 20
630 126
829 610
908 339
593 952
662 646
321 860
827 783
282 641
387 501
638 395
886 253
830 351
374 183
698 957
378 281
310 311
781 192
383 455
806 924
575 676
697 804
533 333
966 610
601 281
888 768
582 406
353 3
337 801
796 102
369 645
363 418
863 231
778 293
40 746
588 809
344 238
68 903
585 175
351 531
845 603
832 802
561 19
587 201
866 685
926 895
652 298
805 278
425 300
614 318
591 306
460 43
549 207
207 655
606 280
340 515
247 645
585 723
302 697
828 87
500 709
420 49
765 138
16 564
276 846
655 849
468 777
232 520
397 424
227 861
436 201
894 769
902 720
125 579
710 561
148 678
805 80
383 285
633 278
140 60
490 396
327 168
976 221
470 450
585 462
990 856
786 378
574 117
91 340
714 115
792 315
219 69
142 741
901 713
755 413
617 94
624 751
732 483
131 287
184 48
368 868
273 65
9 530
3 624
422 824
66 2
502 319
777 669
894 141
743 375
