90 90
13
30
1
19
31
4
2
19
41
34
19
2
32
16
8
33
24
37
42
1
31
42
6
38
32
32
19
19
18
42
19
8
35
19
19
30
36
11
33
2
42
0
6
24
7
55
79
55
71
49
50
68
76
57
0
70
47
69
77
73
52
52
50
77
51
61
55
55
55
61
64
66
52
47
49
48
76
46
48
72
77
78
52
70
72
47
64
46
79
86
53 73
40 66
49 48
18 87
51 78
37 67
26 32
89 17
88 58
69 3
90 42
2 47
22 35
21 30
52 53
32 13
12 88
13 31
62 57
56 21
74 78
33 20
81 23
14 34
21 65
47 38
3 4
24 10
55 5
35 69
46 72
23 57
3 53
37 24
38 58
76 31
14 53
12 75
22 27
5 60
32 54
39 16
56 38
63 28
66 73
1 69
10 59
20 4
24 55
24 63
19 12
85 41
77 79
71 26
64 30
48 23
14 78
62 48
6 65
84 29
84 8
60 6
62 73
29 58
66 37
11 80
12 88
75 70
31 7
18 63
43 69
21 55
61 55
60 4
50 66
18 54
46 74
52 77
34 6
77 13
12 64
71 67
34 53
32 6
76 64
19 37
46 2
45 42
28 30
13 75
