160 160
24
27
41
10
44
25
0
7
48
8
16
45
36
29
27
41
7
17
23
39
9
38
3
17
50
12
25
42
10
10
2
16
44
48
20
44
7
33
18
34
7
46
30
17
9
3
8
25
8
7
45
23
50
60
97
60
85
59
80
78
85
55
101
101
78
92
79
82
78
69
61
99
104
103
85
83
75
59
84
0
72
94
77
54
80
80
74
98
105
83
85
77
54
61
67
82
98
54
85
92
61
78
80
99
75
85
121
148
125
138
142
135
159
132
133
112
158
137
126
133
158
133
112
135
130
130
115
146
155
158
137
158
130
131
130
118
112
145
154
135
126
150
133
132
159
121
146
142
159
133
117
155
149
146
159
111
117
0
158
153
44 114
100 110
51 131
104 111
33 101
159 160
58 30
160 138
68 155
103 74
159 87
75 49
85 94
144 79
82 49
157 17
86 108
49 72
136 102
50 45
77 122
102 2
122 36
101 58
70 77
111 91
67 107
90 131
143 3
110 105
101 144
85 102
154 136
45 51
133 157
96 20
94 1
54 22
43 110
41 117
118 101
121 33
35 150
33 2
33 159
138 25
30 88
158 105
32 110
64 22
114 14
122 13
155 101
23 100
21 134
114 3
93 107
79 68
70 127
136 150
51 124
139 72
37 113
34 4
49 134
18 58
150 2
105 95
141 109
49 117
98 146
74 45
2 39
119 106
53 48
120 104
14 64
56 93
65 98
40 126
117 120
43 38
154 33
147 82
92 32
108 16
120 27
56 26
78 97
59 61
152 79
151 159
122 21
59 128
155 20
23 32
115 139
20 98
5 19
65 79
143 135
17 126
127 104
35 18
72 128
98 100
22 133
79 99
62 33
123 122
26 79
89 17
148 8
83 86
160 64
28 125
46 42
134 37
32 3
85 62
25 13
52 40
151 122
6 125
3 109
96 50
7 59
53 57
95 119
145 11
82 79
107 4
34 49
148 79
3 146
53 69
9 112
57 48
5 54
6 84
49 64
50 112
73 32
83 65
157 128
151 40
36 41
21 13
147 100
132 68
143 62
11 79
159 81
153 132
37 1
22 144
47 4
57 28
105 134
91 16
