250 250
30
80
12
18
49
4
3
77
55
44
18
46
37
8
47
75
39
56
80
61
56
43
16
57
4
34
30
24
8
82
18
36
14
59
65
53
42
61
13
12
79
82
61
42
18
82
35
34
21
21
78
40
16
77
49
82
18
57
49
28
18
53
36
75
56
1
37
6
1
83
12
63
78
75
82
64
42
27
82
49
79
0
71
99
161
149
94
149
153
149
105
90
165
162
161
105
116
126
106
164
134
86
123
145
0
164
84
114
127
153
158
111
154
117
89
153
153
123
89
149
120
149
141
114
154
91
153
117
149
126
85
153
105
166
143
120
159
88
128
110
135
120
96
96
89
116
106
89
114
117
117
148
105
149
128
86
97
106
166
91
127
153
100
117
117
164
0
172
171
209
223
244
172
187
228
245
167
172
249
167
209
180
191
200
204
171
203
202
231
203
232
171
231
204
223
186
175
186
232
177
175
223
176
176
169
209
167
198
167
180
194
249
246
190
203
179
238
183
208
180
247
187
170
246
192
175
185
245
189
229
207
245
186
204
231
174
167
226
177
180
173
167
177
228
167
191
191
218
175
199
2 40
237 55
241 229
17 140
168 225
69 33
47 105
188 111
149 84
165 168
108 244
60 192
219 200
129 37
15 25
91 107
126 99
221 89
97 7
192 247
217 171
75 163
188 110
221 224
10 91
16 206
61 172
25 240
90 119
185 150
168 4
101 124
45 60
118 175
122 40
226 62
37 236
187 99
64 92
185 118
218 48
189 100
209 192
22 104
241 213
236 196
149 123
208 73
123 33
35 10
208 226
101 172
81 219
125 178
217 65
239 197
23 191
194 179
7 215
115 249
166 77
40 62
94 100
52 177
18 112
117 197
179 223
155 172
188 208
172 125
15 143
200 195
48 222
139 37
221 234
7 148
15 183
117 62
31 232
166 142
64 71
112 213
185 75
227 198
34 167
153 39
8 59
119 61
53 24
105 67
45 41
99 100
21 59
100 115
49 149
45 182
199 187
41 192
39 159
64 141
179 62
188 229
17 89
150 59
149 193
19 144
216 61
236 108
40 109
114 101
204 27
96 72
210 146
238 175
97 127
75 186
39 75
210 74
101 112
166 189
88 62
140 227
187 16
156 234
80 7
166 235
55 196
133 110
40 139
64 112
179 57
131 4
164 68
230 145
54 89
248 11
202 162
233 221
168 14
79 63
218 89
4 142
132 14
206 81
182 37
208 59
111 69
228 78
208 173
36 192
156 78
124 108
196 219
162 134
83 209
136 205
185 212
188 139
215 207
237 64
88 192
190 11
207 101
112 145
197 149
229 28
209 187
197 34
198 179
31 167
149 105
80 46
67 142
127 167
109 83
128 178
240 158
57 91
32 187
154 236
23 40
202 201
214 175
49 190
133 236
97 144
14 38
183 223
48 132
218 38
68 14
159 32
43 202
130 74
119 1
169 118
202 56
179 93
197 80
208 196
67 232
69 30
116 159
92 153
203 133
226 239
100 8
89 43
239 57
79 167
25 224
187 121
80 155
179 29
166 39
131 213
200 8
6 215
110 2
148 57
226 59
172 148
216 84
71 136
222 175
136 158
42 156
113 58
198 211
13 190
136 60
220 178
87 122
62 210
140 150
103 168
163 44
176 70
165 162
202 241
205 167
60 49
180 197
64 75
143 96
55 218
88 158
231 68
134 62
117 204
