360 360
120
74
100
110
38
21
40
106
71
39
46
116
96
18
107
116
24
116
99
23
67
0
12
4
49
5
57
12
20
51
34
31
71
13
58
22
23
49
59
20
116
13
99
36
36
45
36
96
116
58
3
92
99
114
73
108
23
28
12
116
110
26
120
73
108
14
29
116
100
100
114
14
4
71
112
38
28
107
99
44
18
96
14
93
22
11
81
91
105
49
47
47
5
29
35
106
57
94
108
13
61
89
83
41
8
22
41
96
69
26
88
77
23
22
71
36
96
5
11
77
140
179
224
160
196
131
179
138
196
179
201
208
211
194
184
151
172
122
158
197
226
131
184
180
149
129
122
173
235
197
199
122
173
149
224
122
127
179
182
180
130
185
123
203
158
201
199
181
127
129
175
123
211
144
181
156
149
227
181
179
0
179
224
199
161
197
158
173
140
194
176
196
182
238
130
226
122
187
175
179
200
122
161
168
189
228
195
185
167
155
224
138
132
131
161
155
174
191
199
236
177
131
126
158
201
130
184
142
154
131
168
132
167
169
142
196
139
142
179
131
253
338
306
243
283
338
292
286
286
352
306
257
284
299
304
248
0
350
257
304
284
305
283
309
306
300
357
300
346
284
276
275
298
327
349
306
285
302
306
284
275
268
342
257
257
252
243
316
265
243
300
252
333
261
243
277
269
248
289
306
257
292
314
286
348
257
278
260
277
320
292
309
294
301
345
258
279
337
344
285
357
295
247
265
243
299
342
291
348
298
320
249
251
281
255
306
279
265
350
350
347
253
246
312
342
310
349
243
295
252
258
245
282
285
282
273
311
300
284
311
236 317
138 28
35 281
176 121
248 304
158 234
8 134
55 359
134 189
103 297
86 221
158 292
342 236
269 162
330 28
118 213
296 189
281 84
195 83
236 146
275 121
195 76
141 189
241 186
191 70
181 303
87 204
56 348
276 71
117 58
189 354
234 55
145 113
271 306
319 121
117 82
127 55
80 341
40 275
24 149
227 214
165 247
119 210
329 46
255 106
314 22
265 234
359 45
193 24
347 95
197 314
288 97
210 50
127 53
175 80
245 152
200 126
351 129
174 322
337 60
85 31
339 173
334 85
86 48
342 58
150 16
15 209
80 263
77 242
53 110
332 2
263 37
304 197
92 5
284 265
113 212
127 29
153 33
196 281
350 216
346 136
159 360
348 67
203 187
208 184
52 54
341 67
119 243
217 251
276 35
129 113
329 271
270 140
188 264
68 145
256 197
163 9
263 62
19 130
241 119
220 339
108 231
52 290
125 17
197 305
150 82
166 289
176 213
224 165
291 163
164 42
275 295
355 301
117 281
30 270
67 169
295 251
284 343
80 328
200 328
347 158
130 83
161 113
223 309
279 103
78 186
37 334
120 341
217 20
218 98
340 349
225 18
131 9
85 167
353 172
201 232
274 170
74 79
267 346
285 360
241 114
6 157
344 292
159 49
5 119
102 129
221 225
138 306
335 196
215 286
95 166
287 129
156 126
292 155
317 299
83 55
112 167
283 340
355 252
335 137
183 302
152 326
65 105
223 136
298 164
33 270
26 287
195 314
8 344
144 146
173 340
33 72
99 37
172 334
64 175
193 126
343 71
161 17
296 158
135 318
350 130
131 141
170 125
341 253
94 235
207 299
101 126
110 259
281 28
138 212
229 28
284 160
301 180
24 33
290 222
211 122
306 117
134 340
231 3
348 48
134 92
96 245
28 352
259 26
220 260
53 94
228 115
33 278
81 108
158 215
167 92
338 141
198 333
162 339
297 206
152 52
88 29
261 41
281 282
351 83
59 302
268 204
147 5
247 73
267 231
346 123
95 285
13 151
273 58
70 26
128 320
2 152
117 317
203 183
142 261
211 360
150 234
175 102
140 336
239 90
251 6
149 117
275 235
100 207
269 189
235 81
261 248
66 134
235 316
260 159
2 232
310 287
333 318
15 171
22 311
344 71
329 144
334 269
217 61
342 231
145 5
48 199
150 262
111 52
323 291
192 272
285 155
1 305
320 276
156 125
9 175
108 25
294 78
358 10
178 259
44 77
70 3
118 149
44 251
218 212
102 289
230 172
23 310
11 13
23 339
357 146
333 194
128 191
160 134
149 286
103 206
285 186
50 158
93 147
184 102
26 92
234 190
351 305
64 282
301 5
282 187
155 115
210 223
190 19
160 90
130 343
318 13
266 198
334 238
100 97
160 39
224 173
144 27
331 128
208 326
39 39
2 53
285 351
296 151
62 275
15 242
110 206
113 120
202 9
282 179
52 23
286 295
348 78
209 15
49 249
319 3
160 140
101 304
164 184
223 176
151 192
4 356
32 330
247 248
286 130
207 102
308 4
225 349
237 81
292 162
233 283
253 264
81 228
260 69
56 100
15 157
90 338
294 338
345 205
71 108
270 251
251 270
309 193
360 41
52 340
