490 490
29
30
35
74
64
87
2
24
76
13
63
31
87
16
13
83
11
35
17
59
33
72
64
2
32
53
17
24
58
87
87
61
44
8
37
42
87
55
37
61
11
56
37
64
2
24
83
41
13
38
20
74
66
76
2
10
61
10
37
32
63
55
87
2
81
35
18
38
81
10
86
57
82
30
36
59
52
47
17
65
87
2
86
62
65
59
0
92
85
35
6
30
53
96
91
13
38
35
138
115
127
164
108
193
165
102
109
164
125
126
127
167
190
120
194
174
156
148
135
139
126
192
177
147
148
109
125
147
177
164
177
134
148
142
116
148
171
101
124
152
162
144
194
0
125
144
127
144
145
134
131
147
125
162
135
142
174
144
124
156
162
144
154
152
190
148
124
153
135
145
141
109
172
101
107
178
109
144
183
135
110
141
137
104
123
123
99
147
172
125
118
134
117
153
183
150
240
279
286
262
292
266
282
242
233
257
280
254
289
254
255
229
224
211
289
232
199
279
286
264
255
223
218
279
286
291
262
251
240
262
261
279
267
265
244
203
257
257
292
255
224
236
292
282
267
279
203
279
261
227
206
210
290
279
279
220
250
232
255
275
282
290
223
203
236
279
255
236
212
249
203
240
224
250
266
265
275
264
282
279
224
0
240
269
293
255
210
251
279
232
257
219
246
270
348
320
295
340
324
352
328
345
372
328
391
339
357
304
318
345
295
383
334
374
323
334
389
313
332
388
295
348
349
313
333
302
325
357
323
297
0
352
357
331
304
324
388
389
322
387
388
345
345
325
388
385
296
354
383
347
331
313
388
323
323
332
313
337
310
336
355
372
378
392
343
353
388
334
363
383
375
304
345
297
334
339
331
343
368
364
319
385
331
392
326
320
343
334
365
302
387
353
476
476
490
473
403
432
432
489
443
453
425
456
482
472
418
476
438
405
429
457
410
425
456
454
473
393
478
417
432
446
426
413
442
394
443
420
477
436
409
420
401
473
417
442
394
484
442
454
474
473
442
446
475
426
472
405
466
476
417
470
480
396
473
405
476
473
417
430
429
479
451
476
408
443
474
442
402
434
411
481
0
475
473
484
479
425
473
473
436
443
436
473
434
412
475
405
425
435
335 204
283 297
16 201
71 181
244 121
478 123
284 201
251 205
136 73
93 281
401 56
325 270
1 397
347 426
401 49
200 172
257 264
59 315
198 208
234 80
206 30
202 187
422 306
104 369
140 453
344 97
395 75
159 393
156 72
426 275
305 469
24 131
465 338
308 264
323 443
58 417
197 165
316 307
311 33
253 408
141 137
336 34
95 367
328 126
370 32
287 266
316 421
450 115
154 76
241 465
114 135
270 108
97 357
268 28
172 38
368 322
260 465
233 258
323 123
472 481
319 176
120 127
188 306
92 232
131 125
362 252
325 456
284 58
300 266
308 424
334 288
277 145
397 35
19 75
173 108
206 50
131 415
483 13
158 329
116 438
244 161
197 310
479 173
100 405
237 423
328 425
201 486
213 304
106 402
174 319
143 153
163 271
200 246
45 385
143 490
251 40
182 427
261 340
451 242
247 334
161 452
160 61
391 135
18 90
370 314
265 232
44 7
95 38
324 220
296 352
53 100
386 335
384 322
93 408
113 372
311 469
156 57
74 400
45 130
240 297
416 308
295 32
47 203
336 111
207 351
281 247
33 227
325 141
274 420
97 152
424 76
32 360
151 417
404 428
7 428
304 28
107 262
210 243
188 27
221 238
303 358
34 402
218 272
30 443
91 392
313 245
439 255
49 320
27 283
450 107
435 114
219 11
241 314
452 467
10 98
160 73
48 219
143 44
60 473
173 483
340 472
177 321
58 448
240 323
428 67
376 134
137 338
341 204
418 428
60 488
140 405
355 156
186 358
39 418
349 194
175 79
139 235
107 375
399 299
27 66
421 13
45 405
416 85
138 43
256 338
346 335
222 61
124 443
194 410
262 442
150 373
170 245
158 65
39 283
58 289
279 255
384 134
120 21
243 166
468 340
6 161
360 154
317 123
232 3
185 212
253 317
112 403
80 245
108 237
407 100
437 88
3 33
164 272
354 163
228 268
321 467
2 84
383 215
231 282
72 438
352 102
14 303
78 392
50 353
28 182
53 368
298 454
448 468
240 98
381 169
487 124
379 130
170 374
335 110
129 337
112 202
481 64
467 352
246 247
381 260
283 201
403 37
353 162
77 454
194 399
454 177
326 123
200 412
153 451
80 411
166 434
370 343
12 403
31 232
197 227
251 478
158 427
311 76
14 363
91 443
243 78
221 380
146 24
476 463
101 482
467 95
180 30
284 473
428 273
70 136
416 264
462 144
243 146
110 101
159 44
437 183
318 10
374 173
31 367
163 137
251 100
393 461
64 401
311 169
352 3
56 132
219 218
79 75
478 67
137 465
62 444
364 429
185 42
449 178
485 17
455 356
60 50
107 425
371 419
392 384
23 429
385 411
257 292
408 259
272 178
186 294
209 149
261 372
2 343
169 154
287 30
195 482
480 419
412 180
115 161
384 386
249 11
292 180
70 187
401 346
218 298
53 181
40 55
246 30
376 297
125 409
228 465
100 269
216 267
163 288
200 58
298 450
88 464
310 115
109 319
458 136
378 379
33 470
392 247
291 428
96 35
358 211
354 382
68 361
383 195
115 23
295 152
371 392
24 33
115 216
14 474
32 195
227 388
364 345
440 177
402 476
485 196
487 232
151 478
151 325
402 207
477 187
59 41
76 300
255 94
65 481
464 179
330 74
480 490
372 328
205 78
72 32
68 447
77 408
320 454
320 124
205 200
58 294
367 410
210 230
85 261
34 356
406 350
328 211
161 65
245 457
433 105
300 330
393 411
106 367
21 482
27 306
296 204
60 164
62 393
198 82
368 103
205 79
192 476
264 94
461 406
176 211
26 455
468 488
150 91
150 347
302 411
172 94
344 202
221 103
306 333
236 338
140 364
403 12
467 216
44 463
77 63
428 293
385 391
116 269
196 482
281 341
489 73
281 398
222 313
161 234
45 370
188 221
55 147
396 206
276 65
345 66
239 419
165 121
147 199
46 71
426 267
390 31
387 263
223 254
128 118
119 183
240 448
323 85
170 347
448 343
124 198
169 69
485 112
27 272
20 270
237 387
390 101
11 140
465 45
393 384
225 314
218 437
62 365
29 7
18 155
215 287
199 343
18 12
312 59
232 464
153 489
35 84
211 164
88 103
263 362
183 312
18 81
158 71
207 151
318 32
372 2
400 146
67 333
313 445
402 457
327 107
133 293
410 444
92 217
104 148
111 181
61 21
261 264
73 362
