640 640
33
30
19
39
68
89
28
68
3
67
51
10
32
69
69
8
87
30
49
36
8
58
16
75
3
88
34
56
28
67
44
5
88
52
46
32
59
63
41
25
82
55
16
29
89
37
15
12
0
89
89
55
17
5
25
49
68
88
19
37
49
41
56
26
49
19
28
19
56
68
34
81
12
89
82
16
56
74
14
15
51
67
32
9
56
63
56
69
28
38
20
155
141
151
157
134
125
116
182
145
107
167
122
116
157
112
102
152
143
152
131
102
98
176
124
122
121
159
170
133
122
0
177
137
107
93
143
95
133
145
116
122
122
149
98
102
132
137
145
94
170
114
135
163
150
182
164
131
121
178
177
133
132
170
153
110
133
114
98
165
107
177
98
142
152
158
171
150
167
180
98
178
177
112
157
133
172
157
127
116
92
102
255
210
209
225
200
268
190
255
183
226
263
197
213
190
252
184
221
0
248
213
184
190
255
273
191
267
231
217
200
268
190
256
268
211
237
261
231
186
200
229
268
237
200
253
238
200
228
217
228
183
225
218
225
260
271
255
213
202
224
216
238
213
273
199
241
255
233
245
200
191
227
259
269
225
271
272
255
225
228
183
251
254
242
256
269
262
251
233
183
270
209
354
319
341
285
343
316
326
320
332
302
324
308
335
342
295
291
352
352
288
291
339
291
305
277
292
279
333
304
352
291
360
316
302
279
332
343
292
308
354
337
278
279
350
348
295
339
293
287
339
302
339
335
316
292
323
298
335
288
302
332
300
287
323
323
289
323
298
302
302
292
347
316
276
283
298
352
308
305
0
332
295
302
292
308
360
275
341
291
355
287
336
398
406
408
441
447
409
453
389
368
452
433
401
418
407
369
418
426
408
426
425
424
450
446
454
450
400
398
391
447
422
428
375
387
0
365
450
383
392
416
447
390
398
416
429
428
365
419
454
368
446
455
429
407
398
447
438
367
406
448
427
391
398
391
398
453
446
410
392
450
431
441
406
400
389
373
391
453
419
413
427
367
425
425
383
434
455
388
368
398
391
392
457
543
529
495
513
510
489
506
528
494
513
458
457
536
479
465
490
525
457
530
535
524
464
459
535
510
543
521
457
500
515
498
483
500
495
521
485
500
500
536
499
520
512
532
0
484
528
524
474
468
485
536
485
510
474
489
511
485
500
507
545
511
489
512
511
508
544
463
521
489
489
511
482
535
462
482
492
526
504
506
462
508
546
487
537
463
465
462
457
487
513
591
618
582
583
610
608
617
599
563
580
571
571
576
605
613
635
621
609
599
603
577
637
612
568
0
566
551
587
567
599
621
595
547
570
591
577
563
578
572
556
576
622
629
567
626
597
639
567
637
579
568
563
637
595
610
598
635
555
572
620
632
571
594
600
599
571
600
601
572
568
566
572
599
572
571
603
552
599
619
607
557
578
564
607
619
621
617
553
632
622
571
566
571
599
323 266
423 518
25 632
635 109
258 542
203 482
94 481
401 279
417 546
512 384
39 411
242 473
584 266
418 490
557 146
155 266
353 350
240 610
43 519
46 371
540 312
527 91
100 16
112 339
362 583
133 637
27 405
76 221
1 79
63 292
536 212
78 565
222 167
268 226
42 605
425 374
318 442
288 377
31 407
433 47
165 518
146 226
334 441
610 225
215 416
350 457
270 210
471 387
226 302
228 398
60 66
468 127
18 492
358 454
57 574
445 50
122 39
526 312
489 208
284 240
114 69
102 608
565 597
414 509
148 443
478 111
265 382
535 533
445 405
74 457
215 79
122 229
274 498
481 389
147 290
98 143
121 261
191 241
53 421
140 170
412 406
483 268
570 344
602 192
234 254
50 266
292 400
593 78
533 47
626 468
117 503
28 72
21 554
80 261
439 10
7 147
291 6
604 621
119 409
261 136
319 112
135 530
69 203
42 375
171 37
555 298
310 23
434 162
237 250
3 547
483 332
504 190
337 212
431 283
231 9
256 374
612 433
178 616
485 454
110 360
506 541
115 273
383 74
12 166
170 574
575 595
480 306
456 53
589 329
326 29
563 240
179 145
386 137
153 148
42 586
131 296
45 351
562 400
376 215
274 346
115 189
493 285
87 133
477 256
320 427
263 635
387 22
134 482
193 322
550 159
60 30
211 446
490 179
81 560
456 391
301 72
497 449
627 266
495 269
33 421
337 450
476 574
509 323
482 239
328 291
64 272
324 140
69 565
345 609
54 631
408 162
579 248
331 528
314 545
81 146
507 430
169 600
172 237
332 574
557 194
64 499
590 239
362 346
320 274
164 432
330 623
527 112
317 368
42 243
298 618
164 92
466 290
111 435
350 144
278 336
465 99
80 507
186 581
213 593
430 607
624 106
629 160
470 440
260 186
438 306
171 494
529 50
272 394
460 412
220 432
260 577
180 344
289 515
363 408
558 313
374 36
232 213
32 145
276 196
383 94
278 405
550 436
64 350
540 621
232 603
13 84
445 601
320 171
91 466
329 115
412 218
384 359
305 185
561 458
242 474
21 354
115 612
129 69
88 422
478 83
362 184
473 260
106 95
219 228
549 178
316 347
72 123
436 562
630 480
18 339
536 579
560 336
244 486
166 551
514 467
574 69
250 507
552 456
306 413
623 393
167 233
300 346
217 102
634 268
477 401
41 565
429 583
55 175
450 612
251 484
485 429
548 457
322 491
98 425
190 217
611 164
10 192
385 503
248 609
314 638
142 531
224 119
602 301
273 8
516 38
618 132
170 635
632 618
615 465
239 558
437 476
31 188
630 127
547 315
461 309
604 270
562 431
30 545
582 319
40 226
483 628
474 269
376 263
546 429
276 373
184 352
320 238
523 346
530 110
507 428
127 426
456 326
369 173
74 571
537 579
355 325
391 22
307 9
504 279
10 284
239 415
163 453
519 598
143 261
7 85
623 212
439 135
486 430
242 213
590 206
637 258
170 442
23 467
92 639
593 244
25 318
544 151
409 359
49 606
531 69
252 379
104 443
540 22
415 333
350 110
401 225
24 452
229 327
188 629
575 120
172 614
53 411
208 164
515 78
103 460
255 290
154 41
79 487
87 413
601 171
476 578
251 253
274 336
380 503
541 66
67 635
49 564
71 572
551 16
327 640
592 617
443 293
393 551
266 482
271 485
509 208
21 535
116 169
20 368
88 335
611 259
336 16
7 552
312 424
204 417
335 135
277 637
431 85
112 445
387 52
109 310
244 325
177 310
356 365
198 362
351 601
565 255
206 575
343 8
494 487
616 160
1 619
221 80
324 443
247 435
416 99
281 471
548 17
343 359
179 593
335 135
122 156
316 384
549 273
72 285
595 258
290 341
71 562
209 553
480 477
456 336
75 505
570 530
503 572
47 242
585 222
88 527
530 288
543 204
62 525
515 303
590 640
547 519
136 486
152 338
492 69
392 221
363 638
632 429
596 463
354 542
271 283
392 74
269 238
135 44
639 316
47 262
326 617
530 511
427 142
475 145
209 379
98 418
231 120
125 241
34 81
536 564
363 17
392 512
469 525
28 616
81 36
629 361
421 198
152 390
410 435
578 303
373 389
124 359
297 369
366 166
75 458
504 124
454 70
639 120
208 133
389 72
157 207
381 33
338 286
221 98
60 220
372 116
66 365
382 372
24 624
246 404
438 66
555 62
137 580
278 507
360 223
235 148
457 69
622 247
565 249
136 91
249 401
154 39
287 59
145 528
540 638
59 130
331 66
601 66
154 531
629 209
4 418
501 147
575 524
625 304
566 479
66 315
441 603
475 530
115 501
349 261
413 162
101 186
498 337
296 79
483 313
323 450
139 214
588 142
613 46
301 407
189 601
178 72
612 320
352 635
424 37
265 409
3 356
29 130
531 632
323 559
74 576
168 406
359 131
151 461
293 179
331 627
178 110
1 460
482 202
593 171
421 82
317 405
55 588
523 291
534 446
80 296
185 560
206 148
383 50
511 408
358 289
370 395
381 39
86 13
28 129
341 106
338 133
35 321
287 355
470 101
355 427
120 131
279 143
602 133
187 235
44 55
15 514
203 168
518 266
90 468
632 108
532 383
535 325
352 100
548 560
38 527
483 199
610 136
204 615
503 305
387 52
581 625
522 221
125 402
182 162
436 232
223 19
567 308
220 410
415 583
302 571
293 363
636 155
439 254
64 63
587 224
319 23
499 400
574 59
177 17
115 628
269 19
570 510
486 463
265 524
6 435
550 13
121 447
23 174
542 303
603 416
254 218
343 411
349 474
19 291
143 493
38 394
397 539
495 54
72 281
262 292
317 366
498 557
202 340
541 392
320 609
389 401
313 230
51 328
556 408
113 413
574 493
184 107
