810 810
50
49
59
6
99
59
14
42
48
75
65
3
61
75
38
59
105
111
3
63
38
14
63
103
75
104
3
97
54
20
64
101
95
57
89
95
22
28
37
104
101
54
72
24
68
101
87
87
12
64
63
3
14
75
107
52
12
47
54
97
40
30
87
102
107
14
113
77
27
86
44
27
35
87
0
87
3
52
28
27
26
10
59
13
28
92
59
82
104
5
85
20
104
86
59
61
54
20
57
47
14
52
59
42
101
85
63
87
90
68
8
33
8
8
86
223
209
144
123
188
205
178
209
178
221
130
131
163
207
137
206
228
128
116
159
211
135
137
221
193
137
207
209
228
157
176
188
224
132
125
147
209
122
199
171
180
130
221
226
119
160
230
205
176
141
161
192
228
147
159
201
142
155
192
123
171
218
188
205
159
150
193
122
164
170
201
185
159
159
118
226
175
188
135
178
224
144
157
145
209
228
136
185
129
226
189
124
181
135
153
226
177
207
199
223
220
165
201
124
224
207
206
123
205
135
0
170
159
162
163
341
322
321
303
328
246
303
297
332
298
245
332
246
332
330
338
252
321
341
305
321
323
270
231
335
299
274
233
276
289
337
309
246
309
280
321
311
233
289
256
265
330
277
231
256
314
289
335
299
242
258
263
246
338
274
281
306
284
268
283
279
334
266
273
335
259
323
275
321
250
303
234
0
307
276
315
309
259
266
341
284
338
240
315
332
341
303
308
335
280
332
309
332
264
314
289
337
325
337
321
298
303
308
299
256
287
256
335
231
336
299
321
309
342
321
351
366
347
435
376
443
351
438
437
408
443
421
427
419
411
441
437
443
439
441
0
380
400
403
437
417
451
419
434
397
421
416
444
366
419
347
418
443
348
454
441
459
376
446
363
392
352
417
427
440
392
365
368
433
427
449
395
428
415
444
415
439
439
365
363
371
355
453
354
447
407
407
357
353
352
455
405
392
369
458
431
366
366
363
355
458
380
438
407
400
427
428
366
427
366
439
430
438
407
407
437
437
443
438
394
400
347
425
430
407
372
416
438
370
457
523
479
495
537
530
557
472
533
541
500
504
539
472
528
495
517
570
467
523
477
530
477
470
510
506
570
568
543
509
566
568
537
571
508
487
522
568
528
508
539
554
465
569
495
495
548
508
484
554
465
537
571
523
472
492
481
504
461
461
487
516
516
505
475
545
528
483
515
530
539
539
502
481
517
484
465
539
479
0
490
470
566
465
471
481
505
542
515
548
483
470
499
515
536
463
467
464
463
571
473
529
464
567
536
470
465
492
472
495
472
570
553
539
496
535
610
683
614
664
635
597
599
620
664
623
587
609
643
610
681
638
603
618
682
611
607
610
673
610
670
608
600
665
670
667
610
583
650
603
608
670
620
670
612
642
643
616
664
658
611
576
599
616
595
583
620
620
616
600
594
637
607
576
643
643
610
678
684
667
581
643
612
0
608
635
678
629
583
619
641
600
586
597
679
650
667
658
630
641
689
623
593
580
643
608
601
599
629
607
650
623
663
664
576
654
670
650
611
644
637
612
678
635
600
620
661
656
612
581
643
714
698
738
692
745
788
733
808
755
778
790
776
760
701
716
737
789
710
747
808
805
771
797
768
751
786
716
726
786
700
707
717
0
748
778
723
726
694
797
799
717
784
735
793
755
729
764
744
802
733
736
795
729
712
726
695
723
803
731
751
723
747
747
734
698
720
782
729
786
700
735
754
720
797
799
719
777
786
797
771
729
713
797
735
790
743
747
771
718
729
709
803
793
710
805
791
734
751
698
736
723
760
745
784
729
716
723
796
745
717
810
698
793
751
731
737
808
723
726
764
516 45
510 708
432 260
217 614
325 531
51 128
275 748
752 433
606 296
663 589
111 369
713 247
106 503
343 490
645 586
77 798
13 581
322 774
756 170
609 355
379 501
73 435
768 3
104 737
446 594
804 455
432 118
702 636
316 746
342 505
522 322
358 619
192 605
320 328
462 787
365 673
663 198
716 355
749 631
223 367
716 147
649 94
164 666
102 18
469 765
446 87
712 152
155 799
301 154
329 315
215 595
267 701
371 755
578 263
285 88
635 469
58 103
530 579
560 596
516 541
733 264
681 658
215 172
71 458
732 673
156 612
606 261
379 520
429 372
226 492
697 739
593 414
98 734
615 511
447 156
32 370
66 62
170 355
683 671
804 765
516 11
478 237
23 503
127 133
109 501
654 667
581 282
325 524
71 634
247 581
421 162
292 387
412 35
84 219
15 735
129 385
493 744
186 228
386 538
354 491
46 690
263 3
599 591
674 158
136 688
3 554
270 664
532 67
437 68
250 803
16 530
331 621
213 523
586 477
528 149
11 773
108 205
14 100
607 345
583 140
785 100
371 3
225 734
595 647
175 206
112 778
284 565
182 566
741 30
612 17
609 784
644 739
197 90
631 157
607 39
788 623
340 810
203 741
302 225
494 484
800 577
276 315
787 806
391 258
87 33
655 789
349 40
363 436
700 591
172 657
607 587
128 430
623 204
324 634
73 807
39 65
583 292
523 133
391 386
64 467
202 280
720 634
428 347
610 53
127 566
508 417
319 666
116 142
107 98
732 81
367 589
390 90
335 461
542 21
25 327
542 117
502 89
798 301
275 798
638 801
487 506
401 716
712 254
737 630
694 478
155 543
542 309
1 294
26 438
449 316
697 374
530 697
217 262
419 490
281 15
605 131
444 321
509 431
767 261
599 547
198 164
107 343
767 676
364 259
250 326
271 500
615 539
84 382
92 729
647 755
28 502
27 492
170 672
226 459
796 467
392 676
672 638
463 634
480 166
713 77
318 531
459 378
128 76
235 721
689 106
540 239
58 389
283 573
26 538
621 105
741 38
239 541
9 80
642 167
1 617
6 565
94 223
123 377
395 345
563 317
473 187
758 102
473 288
414 12
264 747
171 252
623 544
429 615
415 585
486 523
539 749
239 698
660 788
52 730
666 402
375 706
160 201
623 355
272 561
72 722
291 155
206 266
464 585
168 777
302 575
487 71
432 509
340 469
779 756
133 598
631 306
28 106
722 122
690 83
521 150
624 781
807 645
56 278
68 355
451 308
775 401
15 10
672 111
139 91
435 654
238 716
59 165
784 558
154 676
690 609
370 766
68 103
486 430
137 9
344 687
9 767
400 278
337 758
190 556
516 354
162 432
592 305
782 576
466 634
760 19
630 268
594 783
109 431
253 20
480 460
440 397
172 243
433 430
349 332
426 611
461 718
21 345
149 455
658 641
671 3
759 299
208 295
423 169
626 488
482 670
585 602
606 562
9 723
328 433
771 315
20 340
749 784
332 221
282 371
493 97
735 96
473 358
579 337
46 708
51 458
187 776
452 612
435 613
375 357
682 756
26 772
121 743
705 72
54 559
722 468
652 644
237 200
702 84
81 438
760 550
663 667
703 512
360 257
405 174
674 674
660 39
53 622
406 508
188 229
397 177
747 747
400 570
394 554
667 552
281 671
478 103
787 478
756 580
569 659
185 615
37 253
128 99
346 210
483 69
110 320
103 629
352 431
329 274
678 431
70 714
220 257
646 265
534 351
580 146
444 317
775 185
633 315
96 264
752 135
106 715
667 432
459 536
327 759
223 642
288 572
787 270
548 581
64 730
258 1
672 524
654 781
7 790
308 235
140 165
289 435
287 691
236 500
361 74
711 572
310 255
650 679
462 404
644 40
334 653
775 684
609 757
457 613
136 113
758 42
463 182
762 809
490 355
158 672
437 538
199 286
157 319
417 225
386 618
682 447
774 44
346 632
525 707
418 536
768 380
534 791
501 117
714 178
625 552
323 793
28 288
638 52
146 27
98 225
786 278
11 627
340 142
122 275
148 471
572 793
701 254
489 67
534 152
223 289
238 630
422 262
357 421
690 272
289 311
7 580
528 382
318 760
48 468
687 627
648 600
200 105
796 509
320 163
75 776
232 491
641 133
680 604
476 349
625 717
750 683
107 229
64 540
477 613
550 514
732 193
137 548
408 763
5 495
331 345
73 425
712 529
280 199
681 467
581 604
547 229
77 625
236 385
32 669
451 720
588 340
292 46
745 669
446 665
592 52
630 92
414 126
437 548
619 174
620 113
170 400
616 183
131 335
695 415
519 695
259 468
597 493
87 297
372 735
579 540
776 321
165 277
210 550
232 721
623 262
342 236
327 145
170 660
787 350
405 708
328 337
199 451
646 464
48 386
415 460
318 777
470 132
554 439
750 241
16 517
583 422
377 420
407 402
810 666
10 594
2 691
435 136
628 41
808 679
788 40
101 229
264 470
108 60
789 259
342 409
433 464
501 658
540 464
763 643
221 708
258 670
807 372
604 52
558 258
127 799
585 454
171 808
263 365
122 434
322 440
500 652
562 383
377 363
444 379
461 497
340 588
383 380
109 414
343 429
684 169
447 240
757 457
373 397
75 129
655 376
97 797
52 362
571 569
290 598
681 467
373 786
733 65
123 675
742 444
303 662
353 338
79 528
287 494
346 5
252 53
673 459
714 32
221 633
687 387
394 555
759 355
85 573
140 547
543 421
407 301
146 526
79 257
211 513
92 265
434 66
444 601
28 420
141 300
724 659
603 560
551 288
797 699
620 554
10 231
282 4
579 482
232 31
63 186
483 787
669 567
721 140
289 207
636 264
636 437
507 527
439 71
551 486
564 379
465 405
154 586
116 81
104 77
742 374
344 410
172 738
767 424
524 165
291 428
438 412
431 599
690 483
226 513
333 192
589 551
428 625
443 163
13 544
794 377
202 187
574 365
691 393
114 179
449 314
346 126
693 232
59 783
665 417
419 488
356 710
609 448
251 322
582 491
17 158
212 458
489 544
319 31
218 266
520 462
258 329
486 180
674 757
591 396
525 451
206 321
270 517
530 402
452 607
703 182
689 681
63 495
651 247
379 448
685 480
62 128
415 184
134 249
168 787
392 306
552 645
673 369
169 349
500 592
188 24
112 307
606 312
750 434
728 172
652 329
422 618
517 162
759 308
393 388
590 422
58 345
180 555
609 133
223 474
762 84
425 738
456 348
40 241
190 728
213 249
656 480
261 308
591 658
581 475
286 316
555 252
353 118
652 485
257 324
309 694
547 735
471 283
566 629
75 164
299 648
110 272
259 412
671 40
43 670
389 475
441 75
522 621
148 769
671 236
214 135
750 711
65 420
633 259
362 247
693 557
215 707
62 48
47 107
575 496
712 281
361 32
144 252
806 743
100 709
13 280
323 779
692 55
505 172
298 432
633 691
332 182
129 88
785 791
594 312
227 54
262 151
641 284
802 139
693 764
299 259
330 294
338 109
167 808
276 356
368 216
13 751
303 644
692 175
453 491
468 628
247 377
60 421
12 758
416 311
355 142
46 688
739 555
365 650
535 240
166 445
307 800
71 721
375 799
442 651
301 238
133 242
598 453
93 560
318 35
286 46
333 446
576 389
174 97
495 316
