46 318
41 33 31 32 46 30 21 6 25 44 22 15 39 27 5 9 42 18 45 13 19 26 10 7 8 1 35 34 14 28 16 24 43 3 4 29 37 40 17 2 11 12 36 38 20 23
223
251
197
105
317
294
188
141
159
190
207
172
249
248
274
251
172
174
188
327
280
277
339
234
106
186
115
289
137
357
212
278
216
286
202
199
144
236
35
318
156
57
166
175
205
130
191
358
93
40
206
248
205
243
150
254
87
83
214
134
94
263
77
219
226
70
152
82
222
217
211
172
139
81
118
311
179
330
198
270
136
183
160
85
244
255
243
320
79
185
188
193
252
150
241
359
134
36
39
50
117
92
261
184
67
269
264
245
146
280
86
243
229
219
260
48
179
80
346
230
224
253
250
114
309
162
374
198
187
279
289
96
229
212
201
233
197
64
171
216
52
308
271
302
170
166
115
249
164
191
321
314
226
143
219
183
118
244
244
212
202
136
291
211
167
97
37
168
248
272
40
289
174
173
179
198
194
102
298
127
318
323
299
204
158
245
380
251
177
308
260
239
290
207
239
188
227
236
155
301
181
334
271
198
354
171
295
325
195
243
219
26
227
213
110
60
228
249
279
36
182
265
358
152
204
218
293
122
48
212
131
47
314
89
263
147
102
231
174
200
373
309
285
124
176
164
146
80
242
84
172
122
156
259
273
54
119
139
108
102
262
115
213
119
242
313
185
100
133
247
269
281
258
244
105
130
183
280
241
130
107
203
139
127
228
203
45
186
356
170
244
191
310
294
343
164
219
247
100
194
254
183
238
255
183
202
190
318
137
331
120
138
293
64
194
136
125
345
