431 381
364 125 318 244 309 209 268 58 137 168 266 369 71 220 198 154 172 340 235 367 141 44 27 413 36 267 70 212 100 110 346 385 190 200 240 68 306 99 352 181 147 323 370 38 214 242 305 132 156 399 275 227 269 294 112 402 161 162 351 381 187 43 65 105 76 249 325 46 45 232 150 195 119 50 328 366 392 228 382 297 387 72 394 135 426 74 383 111 2 289 237 321 286 37 109 149 196 360 270 157 79 257 307 236 344 123 124 122 358 121 1 311 39 272 219 142 203 193 80 90 66 202 390 16 263 127 368 134 393 175 359 48 59 69 225 165 19 283 194 42 277 113 143 208 341 342 201 129 405 89 6 92 40 199 424 251 280 183 120 96 230 334 176 218 87 254 409 416 169 49 279 163 128 75 361 21 204 104 144 256 285 296 206 252 299 61 319 86 308 357 384 9 77 260 401 386 410 223 4 126 288 425 397 378 102 420 234 140 8 23 210 60 103 310 377 373 192 293 138 31 347 226 238 411 271 3 250 265 430 332 327 388 146 290 145 205 108 255 324 335 174 261 33 428 371 67 5 320 258 186 159 229 376 166 216 55 97 114 171 62 151 106 184 374 14 273 398 396 217 17 78 116 380 178 415 315 177 317 419 354 233 160 11 179 278 32 93 152 15 84 427 274 349 47 7 91 213 56 355 241 167 282 423 408 115 29 287 404 13 88 348 83 331 41 30 139 276 20 406 12 130 329 300 185 421 170 64 98 197 153 429 164 291 298 188 26 330 292 243 295 24 353 118 51 182 337 73 224 314 189 173 356 343 28 52 379 362 82 312 422 180 248 239 313 247 10 18 215 333 372 191 155 417 53 94 34 304 158 221 281 264 262 22 25 403 54 57 322 148 245 389 136 101 246 418 259 375 63 431 107 253 303 395 207 407 211 95 338 391 326 131 336 316 81 400 412 350 117 133 414 35 339 301 302 365 222 345 231 85 363 284
367
511
425
492
420
412
352
794
494
468
384
709
746
661
229
347
603
362
333
147
551
310
313
479
763
490
191
583
127
789
481
479
454
441
268
746
497
221
533
241
225
358
327
558
625
694
379
294
428
473
462
429
638
352
327
773
420
490
280
714
464
379
576
464
564
468
269
521
312
291
384
356
210
405
616
801
92
658
725
392
426
472
776
13
384
649
343
534
271
680
612
239
181
587
332
333
824
289
224
635
761
356
393
277
317
503
422
531
688
567
106
300
541
532
187
599
218
590
294
433
450
487
708
603
436
423
409
587
460
588
745
75
413
602
474
661
419
425
432
194
683
430
717
337
383
413
643
375
158
462
646
411
646
68
291
430
415
450
363
86
701
615
813
355
164
521
744
278
384
64
553
108
556
261
129
367
716
736
323
671
467
350
353
689
174
199
682
514
127
579
854
398
406
437
507
132
381
378
790
272
779
461
736
393
295
153
373
502
499
115
473
776
427
377
614
390
440
672
419
416
195
473
458
386
804
819
608
471
243
361
362
727
409
406
356
389
254
406
288
323
409
483
257
676
589
178
711
635
231
543
739
399
627
410
487
794
508
110
296
642
402
327
559
370
576
242
550
454
260
578
718
595
674
371
555
352
317
408
332
301
580
420
549
516
531
670
211
242
461
260
268
445
490
260
313
553
415
191
490
382
503
482
586
818
173
483
364
609
405
538
556
387
725
343
636
415
445
464
495
458
421
520
400
332
134
466
397
252
532
148
778
451
439
248
572
201
483
418
728
529
710
487
90
506
351
758
438
356
175
523
527
755
188
140
490
474
521
681
274
487
510
785
138
287
426
422
416
412
116
221
646
300
675
176
95
593
127
353
376
149
465
