1254 1284
502 570 1061 474 876 1178 397 504 200 1216 1074 130 774 746 1113 1066 126 780 1012 614 531 119 784 111 473 9 924 382 510 74 1052 534 40 1186 856 994 461 95 558 1252 448 546 351 639 310 777 543 1008 1075 851 48 1247 18 1133 496 727 1059 1238 839 887 458 308 899 63 128 505 1087 522 342 714 1249 583 951 204 726 1102 395 481 825 158 157 3 1246 697 19 1188 974 1224 577 621 1076 1211 402 836 681 804 212 277 592 101 758 22 175 1038 210 650 850 882 353 135 173 1043 240 509 1124 1019 17 280 1127 131 1021 1123 1150 1044 506 533 594 257 1022 222 94 340 334 1106 1203 1033 1122 317 371 1002 283 800 243 316 826 424 39 624 682 891 1132 803 816 1085 44 360 664 547 1097 757 1032 830 229 292 28 625 100 36 693 436 498 1100 907 584 536 493 225 1034 428 275 832 615 263 216 232 516 750 297 1199 75 848 149 432 811 606 1156 512 14 450 1072 736 1037 93 966 357 327 771 960 1023 620 975 864 33 860 115 138 622 197 102 413 168 284 567 759 98 785 7 964 365 1129 181 479 1200 228 985 604 384 632 652 170 219 143 1171 984 105 729 715 1099 1141 823 92 362 868 55 613 720 319 1163 230 779 773 844 998 859 900 999 526 530 195 110 182 990 833 1184 398 485 642 1250 294 1139 635 704 156 817 363 343 321 492 1226 78 568 588 166 897 619 603 258 312 762 152 634 612 763 394 696 459 1159 675 500 6 480 454 303 1209 688 728 439 145 1070 84 576 354 1175 447 375 72 1234 1192 73 198 1029 778 438 358 411 285 761 896 818 311 988 912 377 944 1067 88 1103 67 174 578 892 1151 877 997 538 1098 665 82 519 172 1225 914 165 840 104 118 772 193 710 487 602 905 462 1176 1206 946 629 961 910 996 1146 227 930 117 913 120 1174 209 958 1083 901 169 97 1155 1152 528 31 976 1042 828 591 676 61 935 1233 96 983 1251 1154 1213 289 301 1177 707 713 541 685 49 1137 1149 114 499 867 405 374 265 269 554 29 155 1128 552 986 259 596 408 549 146 787 679 134 386 32 373 657 702 937 807 26 525 416 683 600 366 1168 863 852 1084 249 925 744 1243 37 1202 1010 611 1191 939 1096 908 189 171 796 658 1212 426 335 271 231 566 648 871 943 672 233 582 646 274 409 1241 617 1120 805 393 184 776 671 663 1217 66 103 706 599 989 786 716 440 176 1003 347 251 557 810 359 162 1082 315 380 1153 837 1138 290 154 712 748 196 917 244 1093 641 942 690 959 1011 542 660 795 1114 465 563 1014 857 879 248 1116 1229 239 1063 183 238 667 2 144 662 647 798 62 16 58 967 653 933 1228 968 767 161 517 949 270 178 970 1119 57 532 843 1232 687 831 65 153 1030 418 241 1142 314 886 703 866 1125 211 1109 1240 429 1160 638 71 733 1009 346 89 341 756 434 331 348 911 553 904 220 1080 845 455 651 1051 1108 281 369 1094 140 1065 808 35 1046 918 91 978 445 76 246 722 1049 560 1235 23 885 1169 123 739 385 306 645 56 788 888 1056 721 1057 598 926 490 895 601 770 1227 1036 880 1136 1004 520 1158 760 406 69 1189 133 202 585 422 483 218 203 782 446 701 991 792 349 433 814 581 302 1117 177 1179 524 874 1 579 922 948 148 562 90 698 344 214 41 883 51 1092 1035 881 734 116 159 605 640 1208 694 488 956 735 457 1110 738 83 872 1130 1172 979 207 809 893 515 1000 1236 8 993 304 273 109 870 841 420 425 971 1254 1190 769 1047 906 1143 1134 442 452 449 324 1187 711 1201 503 320 30 242 631 692 945 626 333 1220 206 364 352 389 890 160 60 1205 1013 1219 12 237 724 555 1170 569 574 410 1207 752 1115 370 1165 470 205 571 523 927 766 1237 919 85 656 293 507 982 464 1104 476 889 245 607 268 1147 475 799 224 673 188 1221 916 1028 668 1024 1183 1050 749 163 11 1245 977 262 338 261 1131 1231 847 842 597 64 743 329 1214 902 390 45 253 941 336 376 81 215 278 894 1140 122 838 87 471 1107 545 267 1112 1064 822 356 1005 20 723 305 934 1210 992 865 725 705 666 1239 1194 1054 387 80 79 929 1198 643 430 783 1039 501 124 52 24 99 855 427 254 392 801 590 700 279 313 616 68 378 815 898 466 747 250 1040 125 1079 318 862 1166 717 740 322 921 484 1185 820 565 431 797 260 325 608 931 539 972 1048 878 550 27 139 383 180 1058 332 846 1148 282 264 396 633 1077 677 686 1222 350 1121 708 288 691 873 1016 404 674 5 932 1001 680 618 129 764 655 167 164 938 1180 511 414 276 824 1091 107 401 468 1055 435 226 751 1167 768 849 15 709 630 1145 296 1253 423 112 791 345 903 1025 564 247 573 963 10 813 444 1204 834 54 829 1020 497 330 548 661 467 790 53 326 1195 695 1060 1017 884 221 236 255 775 368 559 137 1078 513 256 754 415 1031 609 936 909 589 367 453 753 1118 1069 472 59 953 151 42 969 77 940 518 947 486 718 187 217 213 544 678 965 1073 295 923 793 4 132 636 1162 1230 379 1164 928 1088 491 1215 21 806 142 291 208 875 38 478 50 529 644 962 287 113 86 147 300 551 307 981 995 272 610 745 361 25 108 47 732 508 572 299 1045 858 765 1090 1223 915 355 789 623 400 586 388 1062 595 298 495 987 1182 854 755 1071 1193 286 194 252 540 593 456 731 1218 527 627 628 489 1027 451 412 1173 689 861 1197 421 266 372 719 1181 794 957 950 323 328 741 669 337 13 70 186 1105 1135 437 980 34 1144 1242 399 537 419 637 521 699 1161 477 659 482 556 561 920 1157 1101 781 1018 1026 853 1007 737 1081 1068 575 827 535 391 339 190 1053 670 1126 43 191 192 869 46 802 223 835 121 580 1248 179 514 1196 460 141 684 234 730 954 494 821 127 812 1041 381 106 1111 819 441 201 654 649 1006 1244 407 417 587 1086 973 199 309 463 150 955 742 235 469 185 1015 1089 443 403 136 1095 952
639
863
1312
436
882
1343
1223
668
561
657
443
302
581
926
533
1059
531
649
900
486
473
682
912
1405
935
116
1112
712
1067
1488
725
922
745
960
918
898
668
1053
1251
486
759
315
668
770
711
961
952
751
1456
531
872
1432
940
841
787
1220
816
1270
1272
1073
489
1315
879
691
888
658
713
1242
1274
829
1069
489
803
726
826
832
1023
1541
745
853
1073
1006
1034
1108
598
1354
963
964
319
522
852
995
379
760
1239
870
620
855
442
538
879
319
708
743
950
258
1143
1064
1101
555
489
469
216
987
649
1402
565
715
225
1215
917
591
464
1407
804
398
1133
1138
1127
907
584
1061
1080
769
905
765
1325
512
1232
281
688
1395
820
1262
357
985
614
1001
1129
1391
652
1010
750
997
904
772
1025
902
848
216
1158
978
883
1177
55
261
987
685
522
591
583
1362
1001
1147
782
768
760
777
1152
994
883
948
965
95
1102
1325
446
755
341
1312
1408
919
267
460
1052
1558
908
747
123
663
1100
1232
1115
887
918
805
981
587
560
939
664
900
1011
314
907
709
275
1095
625
1549
1213
731
638
1296
533
1013
803
476
310
1171
712
1018
788
835
718
932
954
689
1258
753
524
1182
974
1008
872
1091
800
1029
1182
659
577
750
508
1335
1096
897
581
1233
679
1037
534
1115
419
278
1410
103
572
347
755
990
587
1264
592
450
608
837
818
140
322
830
1197
1199
1007
890
687
1397
674
877
891
510
1225
743
651
1093
875
173
756
540
1001
475
769
1164
1243
520
823
920
400
643
274
727
657
753
867
1374
1051
1295
1081
724
1160
147
1013
477
488
1098
502
721
449
252
1324
1379
1460
965
678
668
632
827
1094
670
478
716
327
1252
685
1341
830
829
1444
461
855
853
1180
593
470
589
1444
1207
821
1183
805
581
170
955
732
792
1023
1358
163
710
665
1111
266
605
1265
977
790
867
799
1454
1227
821
971
792
157
1097
1308
942
670
973
619
589
1173
615
1389
742
673
1173
558
1057
1243
907
1041
386
563
568
914
801
558
1442
549
433
431
167
694
315
748
1179
616
865
981
238
631
221
723
1316
438
769
900
251
627
853
576
618
1423
637
824
925
1224
1522
531
571
689
485
1329
898
853
992
745
1287
1241
518
523
535
663
431
1087
538
613
942
836
875
108
940
1044
642
979
779
1021
1132
755
772
997
1102
929
363
656
774
746
999
1106
1003
1103
924
669
970
1421
963
760
809
504
1196
899
420
1020
771
1012
947
1213
617
605
738
692
249
806
569
1113
1218
684
660
435
143
554
713
587
1316
301
582
409
1367
447
785
1105
732
1342
903
705
1468
995
766
1451
602
1213
836
1258
782
435
1119
980
1002
1383
684
788
762
879
865
908
1085
731
973
1434
589
1107
627
976
1021
887
467
1179
760
895
867
735
1403
633
847
311
773
270
893
1110
805
286
941
1129
1061
1505
946
787
391
902
379
1200
581
1077
559
277
1264
685
1225
556
595
488
1312
697
1071
531
1187
568
1118
727
598
413
1040
499
696
660
882
1025
701
608
995
559
1076
1149
287
1124
740
798
629
1058
425
850
1169
414
440
472
1044
233
1249
1455
1047
1453
744
1162
461
1094
875
1076
864
1294
1218
753
593
948
1399
1214
857
609
594
270
587
690
977
1005
304
482
1449
829
971
702
616
859
1395
1264
1171
1467
1021
471
713
842
880
905
1311
1545
976
1080
419
1205
405
267
1115
547
1139
801
995
637
753
468
1171
999
626
1201
313
637
656
545
824
1139
573
932
1232
853
738
913
598
1030
672
665
472
258
947
899
892
958
619
782
959
1026
243
1107
312
87
619
1120
1426
277
1230
576
1174
1488
1167
751
800
374
1141
711
1095
1160
675
951
599
612
563
968
919
797
1398
1016
613
1054
695
543
628
1292
1398
526
1142
866
751
940
398
755
690
695
1179
1036
265
491
754
657
1014
916
1535
1308
1267
539
1419
1186
946
1055
403
431
700
1017
1163
615
370
1176
452
1060
912
485
1408
251
1095
702
863
1400
1247
572
789
766
347
301
754
617
309
347
986
589
927
1156
811
1173
578
737
1181
1190
512
801
570
315
947
364
907
585
1164
1410
748
665
662
1114
786
1009
1202
1156
589
876
569
489
578
797
1183
902
750
562
490
310
1478
588
704
294
890
521
920
288
239
732
452
450
930
496
783
710
1161
169
506
857
882
1124
799
100
1219
403
911
1415
761
676
1556
1208
426
408
688
1354
164
1164
829
643
845
437
814
898
705
220
618
447
729
1031
756
715
800
1234
773
845
701
399
848
516
494
1227
799
809
455
1384
306
939
1047
901
709
1042
900
306
1096
1022
939
670
901
517
642
715
607
475
984
1077
845
419
817
80
964
1087
1292
999
843
1382
765
318
807
746
723
786
718
335
981
854
788
792
958
309
578
1114
518
468
923
616
569
493
759
1095
991
1270
361
919
372
537
1146
1105
557
410
364
965
154
1110
760
506
863
1119
1074
975
859
866
385
124
1570
642
265
882
196
987
835
632
614
930
607
1166
677
288
1193
619
535
731
355
830
585
559
997
1169
387
877
673
1411
737
740
929
907
953
790
1256
185
601
831
815
599
614
851
839
576
1152
1533
1178
560
826
546
1291
501
578
189
626
1207
960
642
770
1269
688
860
420
520
1512
464
730
671
886
696
285
994
1281
426
1025
1041
612
752
1358
1508
534
623
1349
938
517
1025
513
1002
759
187
852
1253
777
1257
1159
787
402
879
444
450
958
1255
525
1085
340
518
1100
544
402
728
417
901
524
864
272
603
690
1051
658
970
1160
922
1304
498
396
460
588
298
436
787
656
803
687
747
1215
868
449
1416
1032
940
200
1301
951
980
731
1303
941
1194
519
1193
1123
729
1201
1022
877
509
1144
836
146
880
433
573
630
737
745
676
1105
1113
967
847
726
949
522
1192
846
783
1156
1108
795
535
422
269
1239
755
628
1033
691
421
718
146
1242
1187
774
588
1260
669
301
916
773
1178
488
604
949
956
244
945
1127
857
1062
1046
1147
1057
591
104
108
572
913
729
1131
971
909
885
548
643
213
1185
406
406
827
536
539
938
866
782
902
1216
1448
207
1249
1104
419
253
941
521
577
886
1090
692
968
686
917
462
917
622
1167
1009
830
1212
591
460
562
179
147
520
1364
870
425
483
708
1090
668
469
761
1131
687
655
1469
1371
987
727
663
712
1200
398
872
1116
443
173
545
924
1083
512
1074
