682 482
675 492 300 117 577 600 260 512 616 594 303 201 495 89 497 366 109 236 108 556 647 519 356 185 408 365 548 550 456 145 517 227 49 23 161 476 91 370 429 315 465 440 232 524 457 567 578 585 357 635 69 468 14 182 516 680 399 573 614 564 398 105 203 213 655 239 448 171 251 509 97 617 317 606 143 189 544 460 466 478 637 442 279 135 67 111 10 491 60 33 531 102 664 99 321 323 168 121 272 558 222 624 94 638 50 208 277 318 63 593 319 646 320 447 328 437 355 38 474 534 74 70 384 641 489 333 196 301 244 388 494 93 604 261 209 304 219 576 68 181 73 565 125 571 142 404 352 682 393 175 607 199 677 80 71 673 386 633 496 210 231 569 21 147 292 62 258 415 417 36 1 334 451 368 263 645 54 249 329 8 27 51 332 238 552 159 285 316 364 39 186 590 158 259 150 286 438 651 252 242 163 420 322 18 405 312 530 609 88 480 532 270 449 663 101 592 363 167 498 346 122 204 46 454 335 136 311 256 650 9 502 299 374 293 515 149 619 376 350 348 610 636 539 541 84 77 657 361 294 484 425 17 613 281 649 666 387 284 426 644 170 383 371 372 445 140 615 583 603 424 156 65 85 59 172 584 269 409 96 174 623 31 659 394 630 340 243 570 78 452 13 463 436 582 43 5 392 443 283 446 40 347 533 403 266 224 246 326 505 61 211 493 11 375 605 42 58 247 313 439 555 233 195 137 453 114 385 72 223 671 200 665 194 382 380 521 290 654 568 367 435 563 314 128 268 331 131 412 503 461 107 298 475 324 193 413 24 427 444 307 305 482 7 255 653 212 353 116 207 2 289 349 523 681 402 622 419 44 37 672 518 611 391 253 662 20 47 275 338 166 262 177 562 397 148 4 138 464 632 198 410 165 184 537 458 588 407 202 580 257 430 354 254 288 55 656 345 6 599 602 378 395 507 180 220 250 597 225 566 179 64 35 441 631 229 513 668 325 297 561 129 514 104 234 341 546 188 422 267 557 400 276 164 81 151 53 228 48 485 621 169 359 154 183 295 330 56 141 625 302 414 343 549 676 674 98 536 626 486 581 22 362 15 542 477 339 152 360 411 587 41 214 591 206 488 508 287 327 92 237 86 390 661 192 265 667 103 274 123 660 396 306 553 119 235 29 377 608 467 157 640 540 669 431 479 643 658 34 124 627 95 120 628 308 264 525 473 511 351 499 450 144 218 428 434 572 579 139 416 559 504 153 146 520 506 543 278 529 66 500 291 421 342 634 373 45 226 115 490 472 670 100 83 216 197 538 191 471 245 510 433 12 162 133 82 75 418 271 79 76 337 30 639 401 554 629 134 527 679 309 118 596 215 32 462 406 545 601 110 130 282 598 52 126 221 648 16 379 310 526 3 187 296 176 26 432 678 280 112 273 522 620 470 618 28 230 535 501 87 205 358 652 487 381 455 483 589 642 173 423 217 336 19 240 389 57 132 369 574 248 25 344 127 586 575 190 459 178 113 481 612 528 560 469 155 106 547 90 160 241 595 551
1704
1082
1609
1359
805
674
1274
672
2043
1981
1206
2040
1067
1622
2080
477
1123
1566
330
1584
1027
1483
1847
317
759
821
616
1671
1890
1282
141
1097
813
475
2129
675
462
1840
1709
1456
821
1206
979
1544
960
1844
1863
1533
471
1787
2111
2178
930
1251
1860
857
1308
1516
1378
1435
280
1499
2312
859
338
782
1369
849
952
1326
1876
1685
1031
1523
1166
724
694
1437
1202
1769
1730
1632
1719
870
1289
2207
1165
2149
1398
1492
869
537
555
1021
752
1031
1505
788
1407
401
654
1140
1455
1319
1414
1828
1189
1426
630
915
1582
1706
1169
2074
116
1045
887
1938
1094
1790
1428
757
787
1938
2231
1563
1814
1731
1252
612
1999
1154
1160
1502
1642
764
1524
1551
825
763
243
1055
739
1860
1664
1848
1926
2162
1716
800
1904
1299
991
840
2116
119
1879
1542
1135
1110
803
825
935
110
578
1922
865
1500
2338
1550
1461
849
1679
1211
1678
695
1000
1389
1054
1356
949
1204
462
1308
1023
231
1556
808
1513
2138
1318
1072
844
1010
741
1326
770
1372
1837
1967
1172
1253
910
2013
1378
913
1153
784
1786
687
1677
1300
1650
1720
1579
839
133
1265
356
988
743
2033
2018
1462
1083
1024
1709
1358
1632
878
1467
607
1238
806
1541
1368
507
1744
1184
1573
1361
1424
1187
1897
2244
1007
782
1504
1488
1182
1467
1120
1313
2142
1106
167
1226
1165
1362
957
1719
660
1222
595
2354
1604
1166
761
1483
1448
492
364
1261
2071
990
2071
1509
1921
919
1341
1470
1510
1853
950
1313
1682
1452
1854
978
573
1243
1947
1196
1478
1760
1445
1747
1019
1442
342
1725
2147
2079
1160
613
1097
1780
740
1885
1069
551
714
1992
1278
1516
943
1240
1568
2174
1641
1296
2049
393
1600
1118
786
2046
526
1467
1253
1163
883
436
868
1717
1708
952
722
1395
1831
903
325
1454
877
1401
1746
637
1826
1414
1196
1412
2144
635
178
1069
1468
1650
1396
1489
1816
1244
663
1180
1287
749
1161
1162
1278
1405
1649
1062
1493
1270
1562
495
1478
1611
1227
1450
2099
1175
1301
2036
1514
1202
797
1062
1325
1615
1474
1554
1527
625
1177
1092
897
1866
859
380
1103
740
830
1387
1153
1232
1386
967
1269
2038
1695
1187
705
2001
1279
934
135
1184
277
397
227
1623
1066
1918
329
858
441
499
1562
672
1994
1393
1252
850
1734
1814
443
1262
1672
1165
882
1295
214
1281
1144
730
2313
1956
893
1538
1151
615
708
1571
662
296
686
1225
831
1502
1644
655
1862
1223
905
2022
1314
713
1054
1124
1794
1169
588
1029
1260
749
393
897
585
742
1669
987
1577
