574 855
306 43 437 155 259 322 83 258 246 35 120 317 338 285 176 131 3 490 190 333 388 71 73 535 485 279 441 416 463 344 256 355 151 5 11 267 126 33 486 349 167 301 85 212 353 398 523 270 141 159 370 364 19 295 112 195 53 412 331 417 13 405 110 481 543 277 188 52 240 70 426 414 399 177 571 210 263 84 146 202 559 268 122 534 483 328 187 447 304 134 401 343 200 104 1 123 479 88 89 462 24 324 350 524 394 413 157 406 262 329 247 431 305 514 487 105 323 439 107 473 358 239 47 139 194 436 403 513 224 478 315 165 138 313 529 54 7 400 383 172 310 154 467 250 307 566 198 489 352 197 442 25 103 260 539 337 425 119 230 235 521 316 39 372 278 214 92 560 203 133 357 143 232 40 454 77 445 273 181 515 369 452 525 504 380 148 429 242 269 526 191 340 69 348 500 457 114 264 362 449 14 173 75 498 531 386 396 320 510 2 257 135 221 231 303 408 407 74 101 378 391 80 96 158 97 455 49 219 162 81 557 10 213 72 38 375 22 234 294 556 29 68 558 522 465 319 511 428 166 555 87 287 430 9 118 12 62 117 91 244 458 243 377 100 216 499 266 393 90 208 492 346 565 367 318 517 236 130 332 16 60 142 253 249 31 497 397 26 519 20 421 27 109 218 128 541 50 237 546 15 291 282 448 170 206 36 574 335 164 299 482 136 379 385 474 432 288 196 341 471 554 538 484 186 286 424 132 171 185 226 59 18 41 527 184 345 204 55 48 422 461 144 423 150 540 228 402 389 156 532 30 284 549 217 434 61 544 245 4 272 241 347 368 145 233 271 252 274 342 99 334 468 121 361 302 435 311 567 115 283 42 309 495 384 433 363 116 183 503 275 179 505 82 438 376 124 427 470 66 518 209 227 113 450 193 382 248 79 542 207 174 493 280 32 572 411 153 453 127 469 387 488 466 261 102 223 290 314 547 175 95 106 456 251 65 76 169 359 409 460 8 51 459 551 356 238 419 443 537 312 533 6 161 64 570 308 44 108 281 506 365 98 392 149 360 550 373 545 168 321 201 374 137 410 512 67 296 536 78 189 351 289 160 45 404 254 528 152 182 477 225 178 516 211 222 509 475 330 298 46 205 326 440 502 276 56 491 520 366 125 28 57 395 339 446 562 564 300 501 293 220 476 563 552 354 140 444 17 180 390 297 37 93 530 472 569 494 21 561 418 381 464 548 192 229 568 163 508 480 58 63 336 147 420 94 553 371 215 34 292 496 23 129 265 415 86 327 507 111 255 325 451 199 573
1947
1552
883
2490
1950
2234
3153
3424
1303
2182
615
1719
2501
1432
3507
2495
2748
2923
1474
1438
1555
331
1029
2269
1446
1644
2268
2492
606
1672
1555
1305
2807
1885
2650
2518
1565
1837
844
2762
1761
1845
2131
1459
1103
737
2607
1499
1868
1611
2683
1305
1151
2904
1064
2565
3190
1836
2721
2526
2189
1451
1111
1829
1668
2751
772
1688
775
2229
2225
1888
3268
2104
985
2732
2627
1982
2180
1421
1310
1336
3141
2202
2525
683
1782
1682
1526
1387
2360
598
998
1242
1749
2685
2587
2039
2911
1351
2218
2050
984
1108
953
2026
2415
1891
3319
688
2450
836
2450
2707
961
2759
933
427
613
1173
768
1711
3377
483
1032
1417
2444
1571
1314
3037
2699
1387
2438
1781
3039
2157
1848
2104
1560
1462
2703
1706
1515
1593
1223
1995
2558
1610
302
1329
2229
2588
2362
2752
2522
1989
1259
540
1478
1581
1540
1831
602
2413
1212
2231
2776
1371
2880
3205
1163
704
2422
2351
700
1898
2565
2304
1381
1724
920
1885
2631
3186
1256
2327
2357
2021
1344
780
2488
1478
1920
647
2113
1813
2243
2404
1410
855
978
791
2495
1406
1632
2811
2767
1434
1716
2076
1309
1361
1685
182
2523
2349
2126
2916
1801
1491
623
338
2324
2557
1804
3142
1970
1265
2812
616
1999
2345
1373
1494
1060
2826
547
1468
2540
1311
1814
2612
1191
1326
1818
1916
1872
3101
2085
1598
1616
1270
1294
1750
1392
2144
1282
2864
1333
1756
1590
1273
1092
2544
2425
1843
1035
989
816
1042
650
1209
1696
555
978
2046
545
1248
646
2291
1847
1221
719
2230
1224
2848
1207
1170
2242
2041
1768
2100
522
1584
2076
1757
2167
533
1892
916
1958
1350
922
770
1966
2606
1647
726
2489
601
1350
2575
1057
1730
936
949
1915
1502
2544
2360
1539
2528
2310
2546
1880
1659
1869
1351
390
1333
3101
1537
222
2208
1451
1839
2195
1439
1349
1025
2580
1336
2519
2272
430
2741
2291
832
3399
579
1513
1613
2125
1844
885
1909
775
2677
255
1631
2696
2202
2705
1003
1960
1303
2829
2298
1187
2326
1797
1947
1840
1580
1954
1502
2107
1333
2271
1689
678
1180
2125
1286
2290
2213
493
805
1647
412
1723
1100
2410
2205
1278
1475
1986
2051
1353
1787
1011
2274
2206
2122
1292
526
359
1817
2507
723
901
2225
2780
2571
2657
3046
2487
2956
1232
1651
2105
3241
287
1126
2230
2574
2588
2577
1950
1404
1215
721
509
420
1425
2719
899
2029
2733
1907
171
486
2172
2980
1110
824
288
1683
2438
3064
1067
1462
1924
1539
2239
2751
884
1635
1812
2132
1372
980
1574
1644
1018
2403
1901
1265
2051
1723
780
1890
1214
606
1037
1598
2936
2771
1192
1029
1495
1490
464
2287
2313
3315
2326
1204
1803
2422
2758
1196
1899
2065
2326
1702
1007
2328
1051
1465
1805
1661
2405
1519
1682
2460
1486
1117
3220
1946
49
2709
2282
1522
1319
1141
1247
1848
336
1127
1179
2199
2729
1930
2316
140
2265
2004
1446
1865
586
846
2288
1404
1071
2712
1919
2799
3178
1346
1666
2319
3036
1186
2717
2519
1598
2610
1735
2243
1820
656
1013
1830
1197
1789
1774
460
1283
1496
2974
3057
1891
945
2356
2313
1820
1992
2638
1200
2535
2091
2273
1721
3361
989
1090
3065
1032
1172
1384
1746
2632
1527
1465
1441
2339
2198
3354
2105
1777
1657
1897
1807
1645
1825
538
2148
2449
1645
2055
1247
646
995
1473
1258
1470
2678
2153
353
2251
1411
1403
2600
1454
2242
1998
2266
1657
980
2975
3132
1472
1432
1715
521
1929
2119
1458
1533
1128
1791
2312
3251
1135
2896
1467
2359
1741
2515
1697
2703
1055
2143
1936
1315
1342
939
1340
1201
1162
1728
486
820
1695
1565
904
1569
2694
2627
2171
2194
2528
1447
1955
2493
2223
1835
1223
2163
2782
1062
507
802
2942
1816
2021
1563
2447
1153
757
1278
2125
1529
1870
2923
1241
1735
2599
1959
2053
1979
1206
1526
2650
772
1000
1820
1771
2324
1508
1403
2872
1783
838
2642
1541
1048
3237
2026
954
1390
2574
2991
2585
1112
512
1358
1436
2319
1671
2994
2085
2409
1386
3055
1829
1648
1959
1544
495
2696
1986
1146
2420
901
2411
1775
1286
2253
1021
1709
2782
1952
2658
1438
2382
797
2027
3142
3241
1564
1624
1682
2743
1485
2303
2005
402
3128
1574
2715
2758
1332
3425
1061
1506
817
3512
1859
1209
1015
2720
2158
2316
606
1902
2187
3157
942
168
1630
1519
2014
2731
2193
1402
1070
1750
2969
1938
2101
927
3145
1013
1636
2995
2214
1272
1355
2432
1516
1404
448
1972
2380
2243
1628
2267
2462
1150
1174
1981
2401
3326
2246
2359
1900
1983
1597
1120
1210
3169
2985
2898
2414
1750
1251
2158
2110
2128
2009
690
67
906
1901
353
1753
2347
2782
2155
2429
2663
2547
2285
2411
2791
2308
2950
1373
797
1697
1433
217
2635
