242 1719
200 172 236 71 152 237 2 42 151 91 207 85 86 77 214 123 179 97 49 165 38 76 12 21 162 52 138 5 110 178 3 241 44 188 100 54 196 223 99 168 134 50 9 156 59 235 205 95 113 116 203 222 155 122 107 129 187 125 204 69 98 109 183 221 146 103 182 45 43 132 234 74 29 6 121 117 27 41 83 87 92 202 218 102 240 65 154 173 201 105 231 96 10 53 143 111 40 13 194 57 16 8 191 185 94 242 24 81 61 206 193 72 119 114 199 161 75 209 239 101 25 224 157 140 169 163 73 216 28 126 35 66 131 208 174 230 15 112 186 108 181 7 32 39 229 124 160 33 198 215 158 128 37 26 226 70 166 144 130 211 148 170 47 159 82 189 58 23 118 62 14 192 142 233 153 149 90 67 195 18 93 150 133 238 78 22 104 147 51 88 68 106 46 213 164 210 137 56 63 197 19 34 167 89 64 225 17 1 184 135 36 175 227 79 217 232 177 55 141 176 220 171 48 4 180 115 60 20 136 120 190 219 212 139 127 228 11 145 84 80 30 31
2314
2779
5144
3525
3650
3694
3530
853
5078
4141
755
3477
3974
3284
1601
2317
3240
4219
3448
3105
4014
1167
5235
5131
3871
3029
3623
2521
2459
1643
3741
3322
5977
1481
3067
3499
1833
1082
1020
2952
2675
1379
3827
3076
2616
581
2638
1894
1933
5941
2062
1233
1572
3422
5073
2495
4420
2761
4170
3074
2764
1875
1988
1859
5429
2863
2211
3459
398
2031
1636
2590
2943
3573
2201
3652
4295
4225
4336
1663
2624
4648
1834
4658
3031
472
2852
1301
2965
3671
1746
2235
1946
4034
1600
3981
4894
4879
2961
3533
5360
4109
6018
1812
3447
6112
1637
2774
1333
5893
3111
346
3519
1109
2634
1988
5320
1532
2797
2444
4629
3070
5056
2821
2311
3388
1042
4825
2197
3945
3268
1416
1359
1556
1237
3437
990
3620
2261
4281
2048
2132
4211
3704
2061
1723
2929
904
3702
1992
3626
2725
1858
3263
4116
4321
3088
2367
4409
2598
1561
5308
1085
2100
4012
3078
3933
4774
1201
5825
1131
3438
4393
2155
3412
4053
2089
3292
5020
2813
3170
4542
3166
4576
3100
1562
5197
1487
2487
2763
1334
3572
4779
3721
2428
1747
2695
4577
4379
3010
1778
953
1576
3317
3886
2509
3532
2421
2577
1845
3277
1828
3852
734
3334
4156
2341
1805
1643
1102
1276
3809
5512
1989
1739
1999
2048
1250
351
5158
4111
2622
4257
2057
2953
3916
3218
3703
3417
3030
3400
4552
2564
4092
4210
2087
1957
3769
4057
2971
2800
2655
3423
1665
2608
5655
1400
3727
3530
2403
1461
3923
4536
1693
1470
3635
656
3574
1875
3820
3580
2169
2763
1813
2753
2950
1174
2458
1721
3544
3004
833
3673
5762
3934
5162
2349
3306
4786
2888
4825
5334
3336
3947
4759
604
2247
1975
3644
4593
2673
4138
3636
4060
2844
3226
3842
3778
2936
2102
578
3481
4430
898
3240
3509
5243
1628
2304
4287
3322
2299
2349
3770
4184
5100
2219
1406
2622
3604
4878
1341
2669
1201
898
3330
3514
3930
3401
3886
2328
4603
1857
1275
3979
5212
1244
3450
821
3992
5800
534
3662
1576
5959
2703
4390
1750
2420
5376
4259
5578
2182
988
3783
3458
5476
2666
2983
851
1430
2252
1141
2155
2741
4990
1271
847
3063
5969
2574
5086
4134
3822
3634
5069
2598
2263
4593
3370
1268
229
2294
4059
5282
1867
3966
5789
4189
3090
2657
3461
1896
2588
1038
1539
3488
2595
3088
4444
1271
2617
4868
5037
6137
4423
2594
5228
2891
5775
2875
3432
3368
1450
4789
3268
3172
5516
1938
768
4715
2429
2408
626
3135
2334
3815
1478
1918
4586
5078
3714
1244
1714
406
4742
3874
2978
3231
3973
5686
3000
3713
3470
2195
2386
5346
5767
5581
3102
6019
4013
2702
3368
5180
2711
4381
4305
3067
6193
3923
3794
458
3266
1958
1982
4296
1895
672
1790
939
2583
2533
2900
2117
4127
3250
5082
4861
2979
3929
2562
2131
4900
1095
3733
1246
3318
1535
3509
1487
2374
2590
5083
1643
2972
3158
4570
1302
3795
2164
3804
3140
1443
1755
3169
4103
4505
3207
2757
1670
3098
3980
4663
4992
6245
3478
3011
1614
4878
1000
5323
5471
1540
1374
1286
4282
3342
3052
1929
1666
1736
3613
4156
4459
2472
3862
4832
710
1403
2706
3088
635
1514
1893
2110
1290
3822
3194
2996
3723
2528
2773
3858
813
4845
2195
3667
2359
5018
3047
2249
2187
2246
3484
1053
3486
3750
3478
2384
3587
3400
4050
1726
1758
3987
3426
2839
1010
3649
2291
3173
5013
1132
2760
2059
2743
3711
446
2625
3553
6209
1991
3609
1969
4559
2672
4735
2912
5663
2653
1586
2876
3199
3912
2252
4271
3605
1542
3649
1208
2270
2818
5336
2029
5424
3393
5301
2688
3258
1247
2257
5817
2688
2190
2301
117
2401
4506
2275
2094
2192
4968
5765
3060
1567
2931
4413
1006
3697
2894
2876
2267
3397
2087
1805
4243
5039
2240
5265
5511
4639
1652
1794
4030
3801
4921
3441
1367
3067
3353
3144
3722
4092
3513
4682
3113
2344
3412
2958
3993
6055
1981
5257
475
2676
5345
3203
3462
3175
4036
5791
1738
3245
4352
2900
2544
5451
5194
4215
4822
2720
3310
3886
4725
3040
2767
895
2779
3099
2025
4802
4402
5302
3793
2727
4153
6253
4273
1723
2759
3033
4812
4189
4300
3429
2433
2376
1872
1751
2752
2574
2419
1358
1304
2071
1388
4159
2219
5799
4108
2039
1845
3158
698
3230
4490
5656
1652
3376
918
3252
1877
2948
476
1741
4490
3910
2551
1117
3166
1404
4637
3638
2861
5509
2968
3841
1137
5526
1485
2624
3641
3902
1079
2509
1709
4065
2665
2777
5262
5821
2960
4847
3888
3816
1391
2288
903
1744
2531
4756
2073
60
4191
4592
3717
2502
3566
4332
1795
1895
1715
1994
4324
1389
3693
3236
5008
1532
3309
2028
3332
3602
3744
3562
3801
4741
2826
3138
4032
2052
1093
2925
4609
3220
5894
4924
1658
3601
4760
2521
2723
4018
3296
4039
269
3974
1497
2654
1886
5489
4119
1745
2519
3634
453
3624
5457
4189
1449
4808
2744
4322
4124
2919
3223
1029
2450
4249
3852
3301
3480
1480
3409
1143
4178
4916
2355
3592
3195
3576
2715
1727
2150
1926
2441
3226
768
2856
1428
2926
2893
2302
3565
4841
2280
2307
1498
1296
3204
1288
3773
4930
2926
1079
5644
2484
778
4755
4823
3317
3026
4853
3525
2408
4699
4110
3352
2892
2001
3944
4390
4152
2295
2533
1888
4762
3754
1984
5451
4661
2268
3592
2954
553
2458
2729
4052
3563
1415
3684
1656
3017
3294
2130
5981
2154
3189
999
3204
3912
3767
3947
3717
5437
2087
5246
1039
2675
993
1950
3562
1268
5017
1050
2933
3098
3610
3100
5290
4892
3273
2726
3862
3464
3873
3090
2018
1989
3381
3729
4686
1166
2611
4654
5682
5242
2141
3017
3452
5367
1293
2334
3382
5323
2491
6077
5246
4628
4208
6032
2317
2759
2769
3546
3122
2097
1432
2482
5333
5241
3867
1933
4982
796
1348
2355
2859
5873
3351
326
2087
2725
5809
3135
2992
2237
4804
3826
3365
2840
5020
5766
1789
5611
1822
1535
4811
4419
3013
3253
3125
3335
1574
1883
1147
1652
490
3705
5491
5026
3159
4211
3472
1403
1992
2818
2775
3784
3761
3383
4456
3493
2974
2942
3964
4231
4017
3221
1378
3134
2088
4248
4227
3695
3926
3578
3933
3479
2855
3330
1417
4236
3229
2387
3765
3324
4565
4583
5547
3436
1540
1167
1225
3387
500
3063
5000
1439
5770
4765
2167
3747
4160
2654
2238
4144
4652
3690
2461
1922
1783
5451
1643
2735
4328
2531
4632
4773
4952
6125
2988
2474
5053
633
4808
1884
4128
1905
1953
4014
167
2327
3721
2929
2702
3716
2791
2378
3879
4652
1850
3895
4062
3158
4380
1292
2361
2086
2233
1272
3408
3477
2652
3969
2907
1395
1508
3076
4258
5741
2248
2745
2827
3202
2585
5418
4753
2317
253
4287
4296
2367
3254
309
3036
3875
3865
3875
2959
4762
3863
1909
2623
5470
5817
2930
3679
3840
3229
4663
1018
2410
4477
3643
3764
2782
3238
4683
3018
2934
385
3596
3598
5540
3726
1277
3181
3889
740
1778
3691
4671
3251
2971
2082
968
4035
5500
5576
2589
1141
5876
3238
1384
4926
696
2466
1197
2992
3030
568
2754
5491
2995
2810
3803
4419
3214
4117
1793
1148
3708
2892
3222
3725
3179
1275
3668
1020
2720
2710
2124
3946
2106
2984
3305
526
3118
4183
4203
1592
4298
1244
2286
2001
3379
2827
2658
3287
4329
3922
3474
995
5695
3762
4127
2979
3555
4425
2305
4322
3934
2890
2701
4348
2186
385
2411
4331
4894
5200
3101
1982
1320
1717
2685
1181
2574
3907
2876
2248
4237
2340
3557
4887
4539
3102
3928
2807
4487
4622
3408
3189
3381
2660
1504
4652
2275
4270
3310
597
3976
3599
2112
5441
3439
1091
3692
2263
834
3743
1127
1558
2683
3725
3064
2200
3442
3216
2371
1674
3027
4550
3777
437
3237
3427
3651
1657
2373
5937
5107
2381
1642
2067
3796
2113
3488
1671
3262
3582
718
3360
3043
1602
4914
3849
1486
2406
3168
4104
4832
473
4297
3702
1875
5282
4143
2503
3128
4836
1073
3848
2810
4179
2246
4189
4185
2112
3643
5633
1136
2067
4789
2887
2993
1868
1075
2332
2277
3714
2953
2564
2222
4198
2152
3866
1799
4542
1875
3730
4286
3691
807
2871
1921
4709
2204
3181
4304
5179
1470
1712
1669
2453
3701
3348
1617
3507
2045
2886
4030
4332
3564
3334
3118
944
4144
2227
3548
3463
1807
3648
3415
2961
4134
2234
4619
2565
2667
961
3513
2228
2476
3349
4602
3205
3983
4871
4546
2807
2705
4355
3033
5667
1800
3214
3296
4408
4130
1347
3154
4093
5349
1238
896
3413
3886
4499
406
5172
1716
1116
5906
4139
4099
5679
3922
3554
5122
3614
4484
4121
3567
1623
2740
3623
3294
2971
1603
4349
1598
2376
2282
1954
5077
2641
4284
1717
2625
3265
290
3183
4470
4028
2910
2719
3907
1278
4106
3501
1615
3036
2201
2200
5141
3136
4945
5113
3181
4142
1878
5632
4867
2371
5795
3955
4830
2865
1929
3379
3548
2629
1712
2360
4914
3682
2587
3984
2541
3715
2341
3045
2548
1598
2429
4469
2309
3774
5167
2841
2357
2759
5405
3648
6258
2354
3326
3314
385
1654
2919
1999
1281
3486
1344
2958
4327
4429
3530
2175
4737
2366
2336
3083
4084
2759
3508
944
1983
4818
2000
2950
3895
1124
1556
5694
2826
3480
3707
3615
2750
3618
2903
2184
2992
2637
2257
3570
4630
4221
3434
3308
4734
4399
2942
1950
4813
3445
2237
3911
2243
1916
1329
4545
3059
5639
2109
3066
3660
4339
2201
3705
5267
2098
2135
3167
4071
5841
5859
483
3902
1907
3324
3158
3300
4820
3772
3743
3328
4680
919
3261
4367
4411
4180
3401
2280
3504
1943
1522
3511
2883
3673
3968
1411
3240
3435
2386
2217
2731
3191
2658
1632
4142
3327
2237
3508
303
3677
2829
4620
1729
3522
2576
2469
5519
1977
4126
3094
1886
1699
1960
2635
4105
1722
3253
2955
3715
3086
3812
3828
4570
523
4719
2299
2607
4340
290
5230
320
3934
1641
3313
3679
2751
2112
3461
3321
1375
2625
2302
5521
2657
1308
3722
3525
