20
46 19 14 40 7 78 68 15 98 110 148 174 159 163 128 106 152 153 97 60 26 168 92 51 154 21 23 157 31 30 188 156 125 172 140 144 16 173 81 47 20 120 4 190 9 34 18
46 33 77 89 21 176 102 155 153 128 86 124 164 177 18 148 23 9 34 26 19 20 133 111 56 59 150 175 90 147 31 14 32 7 99 145 182 125 112 49 16 4 55 158 30 178 27
47 21 118 26 31 130 171 128 14 55 178 159 19 139 184 30 88 70 2 9 74 182 23 132 67 98 189 101 44 144 181 142 4 16 169 96 18 163 111 190 108 91 20 39 196 194 7 176
48 65 57 185 91 53 159 170 79 30 156 44 186 126 128 150 9 66 14 195 71 43 16 49 4 83 31 50 27 127 13 147 136 21 20 55 189 23 80 67 32 107 19 193 134 7 26 18 34
51 175 93 157 101 14 120 92 158 100 140 17 33 154 163 159 139 7 194 18 164 31 24 21 29 1 183 115 9 19 135 23 200 20 16 28 147 54 160 189 4 67 43 114 26 47 30 10 152 53 156 2
46 125 21 2 73 1 14 26 135 60 178 68 4 54 18 29 89 30 80 114 7 172 123 45 48 146 59 90 195 31 103 186 16 187 19 191 20 41 159 192 9 61 28 109 47 43 23
47 177 9 184 4 11 134 199 20 87 197 171 164 7 162 35 150 137 106 191 31 151 110 26 121 14 104 169 16 173 132 71 21 38 45 120 75 187 30 18 115 73 105 111 19 90 5 72
47 197 194 65 4 14 191 83 161 192 3 169 144 110 27 21 140 176 185 104 94 31 30 20 130 184 72 45 16 168 101 200 114 111 26 133 13 158 181 9 196 151 18 92 172 187 19 7
42 18 29 160 31 5 165 187 38 82 67 4 74 59 3 111 102 132 16 139 131 20 175 14 30 48 19 81 87 46 110 24 188 21 9 159 7 147 43 26 156 138 104
45 155 195 108 31 19 12 44 138 22 178 32 3 59 159 57 26 72 110 135 194 73 80 21 62 16 7 9 166 56 113 39 147 4 66 14 18 96 124 193 63 20 30 162 77 184
47 16 51 73 45 20 21 61 151 156 141 14 200 121 19 120 18 28 179 40 152 145 83 87 101 7 143 188 29 31 4 106 178 104 30 23 153 89 26 6 119 134 9 158 195 196 5 189
46 94 19 133 161 31 16 10 158 184 21 4 45 144 86 131 18 53 139 26 9 187 136 113 30 14 64 78 56 143 175 151 154 7 63 191 39 69 73 100 134 93 89 20 181 170 46
44 72 166 198 163 161 28 18 41 101 193 16 31 14 24 4 45 30 19 8 180 118 21 80 35 26 87 116 9 68 121 160 177 20 103 186 82 147 191 126 197 7 36 136 158
44 31 189 161 156 95 26 132 200 119 7 107 176 28 20 112 120 109 114 18 94 162 179 38 21 16 130 149 143 30 4 11 13 71 14 91 35 78 19 42 10 138 126 9 153
46 76 157 31 194 160 55 81 101 144 21 162 14 184 93 68 150 132 16 169 7 36 178 38 26 9 39 151 48 30 118 53 17 19 107 20 136 18 167 47 161 70 148 4 66 92 134
44 63 115 2 14 19 127 20 7 185 18 193 74 105 199 49 21 9 16 173 191 10 132 179 120 28 31 30 71 26 119 75 89 142 12 108 80 86 186 152 188 27 57 154 4
45 56 7 161 9 94 35 152 43 14 163 169 12 65 4 16 98 21 162 60 26 39 3 168 191 192 130 19 173 49 20 148 190 71 87 128 129 167 125 18 133 30 31 81 42 105
48 18 145 9 127 84 31 19 97 13 144 7 120 199 147 104 16 74 23 175 77 99 196 30 124 63 42 83 143 21 162 75 4 122 118 72 14 191 121 26 20 113 125 61 50 3 192 158 96
44 57 83 15 59 173 98 144 189 120 9 31 29 85 4 28 72 119 21 191 101 172 198 103 58 124 18 135 97 42 19 187 7 26 14 183 48 163 200 122 30 160 16 148 20
44 64 26 143 150 146 160 21 18 110 77 40 94 199 176 188 7 69 4 177 61 178 20 113 31 14 154 164 115 30 189 172 19 24 16 9 99 170 5 158 144 28 125 93 90
