45
92 51 353 34 446 88 329 241 281 83 176 40 286 376 268 132 305 266 43 399 308 84 170 340 432 186 30 220 228 87 204 161 434 356 210 22 242 233 393 194 89 116 285 17 99 249 101 375 20 185 55 183 63 142 409 362 60 441 162 278 28 225 421 57 364 130 244 26 425 323 7 29 231 450 402 76 431 173 426 3 58 38 153 50 69 68 433 139 439 360 226 158 395
91 233 23 16 351 17 258 267 104 319 377 50 174 58 239 190 422 234 108 247 121 266 3 375 283 45 313 384 170 437 342 345 194 179 274 79 75 183 132 263 254 93 122 41 218 195 203 395 55 245 224 191 21 259 229 216 101 167 9 355 2 390 252 89 389 353 365 38 63 401 90 60 175 142 204 347 414 163 57 441 20 157 97 84 83 424 30 440 270 284 51 7
99 151 369 253 239 30 252 51 54 11 262 17 208 93 307 89 351 80 285 306 99 366 192 183 158 310 441 84 402 55 231 204 3 101 129 364 182 238 152 383 267 355 179 134 44 323 301 226 199 329 450 275 13 413 269 412 270 133 50 123 58 213 57 23 119 60 305 38 94 63 375 391 302 388 420 83 20 316 233 322 90 188 47 7 33 66 15 163 446 82 149 440 29 75 105 357 137 274 320 278
94 365 396 208 235 74 338 43 428 270 307 175 281 358 379 133 50 26 84 268 194 259 57 218 447 302 4 449 211 152 147 20 30 260 374 305 73 407 362 352 140 54 3 25 7 344 400 83 197 201 100 38 169 55 89 318 234 425 154 63 217 233 303 241 16 17 253 158 381 151 274 75 327 434 306 58 112 309 432 417 62 247 47 193 384 397 289 353 51 131 18 70 369 60 267
95 131 361 157 55 3 234 29 319 146 394 353 186 268 20 357 443 317 267 38 382 214 436 282 325 7 30 63 269 96 136 71 72 233 50 342 225 348 89 185 188 315 287 178 441 239 256 40 9 244 121 198 139 250 27 60 13 237 132 293 33 224 17 158 84 122 57 320 90 171 110 358 388 51 83 78 164 152 381 445 61 47 221 168 230 62 410 206 58 265 41 438 349 219 261 145
98 392 365 32 83 389 445 58 171 7 74 155 422 205 191 254 373 38 253 161 259 63 91 111 239 57 400 172 122 148 163 346 314 303 261 322 350 165 433 450 8 30 103 22 283 229 84 89 1 194 301 50 67 28 411 405 290 60 52 446 359 79 55 146 375 439 114 93 116 51 338 337 432 186 211 150 17 160 130 131 424 198 324 327 204 333 225 9 353 101 27 310 426 143 20 34 3 358 246
92 347 145 239 200 353 69 52 291 63 55 360 413 149 129 426 306 111 64 105 385 237 181 3 227 346 148 124 89 39 364 121 431 444 185 194 20 277 304 19 394 303 17 269 316 65 363 416 172 60 22 278 51 85 204 205 110 142 415 356 57 50 81 229 30 447 58 438 199 425 146 424 7 83 84 24 15 334 381 315 253 311 151 422 379 80 365 417 212 272 38 293 101
98 164 273 61 20 57 266 333 430 423 153 51 129 58 179 136 389 199 73 411 176 414 278 149 56 204 84 444 23 62 232 395 107 371 437 256 87 248 74 212 104 85 54 11 420 311 86 288 71 135 96 446 300 258 251 264 89 38 422 17 209 7 165 30 60 83 255 207 378 245 272 75 302 332 50 63 408 183 144 162 316 274 3 427 309 143 365 220 383 145 417 79 101 55 304 9 170 35 252
98 30 443 145 293 281 398 150 60 38 222 23 415 241 442 166 185 51 143 58 342 341 159 350 187 89 8 362 7 36 32 154 20 361 73 389 213 238 292 444 46 101 303 21 87 239 397 138 63 50 71 57 147 283 156 412 106 116 77 208 133 17 339 117 399 405 15 142 366 395 144 123 250 368 3 40 385 139 84 387 440 29 174 27 379 205 263 202 1 83 381 55 332 372 429 408 195 437 376
98 239 432 38 289 7 63 132 237 435 57 275 354 35 156 47 388 9 221 430 86 4 20 273 178 22 50 338 173 160 73 89 314 230 37 371 46 17 302 70 123 411 298 231 83 33 143 187 30 58 32 385 81 60 259 226 55 13 18 405 260 59 15 3 225 84 104 316 377 200 137 440 406 272 389 150 21 133 98 43 424 291 246 169 56 14 26 191 263 51 107 346 421 376 154 12 188 357 307
89 282 346 205 254 379 38 11 386 84 17 99 370 434 118 35 112 234 33 230 417 288 138 88 394 303 82 352 315 373 307 89 413 81 31 63 164 347 58 223 420 409 171 340 68 369 57 180 25 442 178 51 3 326 64 181 72 185 262 426 150 16 7 215 55 30 73 406 23 60 196 449 149 124 192 83 358 263 50 211 20 217 232 438 398 241 220 396 377 204
86 419 242 91 304 318 168 12 274 7 369 389 196 243 204 364 94 42 98 423 9 50 122 198 59 197 390 30 83 351 55 342 57 52 172 156 63 127 207 17 148 82 322 290 114 72 231 174 142 87 343 324 51 424 132 275 366 68 431 398 191 33 392 357 58 3 141 443 25 226 144 326 53 20 355 38 307 350 18 95 101 306 89 60 253 408 84
97 186 7 423 134 130 416 137 16 20 116 51 329 350 421 100 149 67 217 75 29 400 183 299 424 133 60 59 209 312 180 444 38 63 49 215 96 322 384 324 233 435 34 56 57 155 238 30 211 94 45 11 439 335 359 3 50 58 326 268 219 365 119 84 83 182 239 236 158 14 89 123 33 190 70 129 170 19 395 265 255 207 308 102 151 413 55 412 293 396 174 304 259 17 289 414 6 46
97 185 3 25 265 83 403 20 284 210 113 272 212 44 175 160 305 96 157 31 146 240 203 378 376 181 315 392 202 59 7 397 399 10 38 163 88 82 172 167 105 450 72 51 384 23 348 377 182 78 152 443 84 363 283 63 356 281 75 114 94 17 282 115 192 58 270 40 435 60 57 225 248 425 55 374 261 50 432 104 173 276 239 300 422 30 9 359 190 362 89 411 229 102 42 382 360 307
96 61 214 313 46 350 299 98 30 423 155 165 55 69 202 340 25 414 84 60 252 192 437 181 300 81 89 20 63 3 118 50 41 407 380 126 394 435 33 170 94 178 232 261 148 370 139 112 417 136 47 270 171 176 321 162 160 57 434 1 305 431 445 348 74 443 296 351 75 247 58 51 301 167 7 80 132 297 364 26 93 197 17 150 250 323 230 119 362 190 103 433 418 344 38 422 83
93 178 323 426 400 339 188 276 86 51 352 449 299 234 55 241 6 19 3 255 406 38 83 208 202 68 263 218 17 207 305 123 20 84 146 71 89 57 223 433 187 141 382 414 387 262 310 235 109 251 7 226 30 313 26 246 120 151 101 363 63 418 322 370 394 9 14 107 42 192 60 242 171 90 48 306 58 152 445 291 106 191 183 36 50 424 184 177 228 441 210 285 67 359
94 114 9 408 281 179 12 395 55 30 312 38 84 148 432 50 399 2 368 192 22 60 104 76 51 95 427 28 446 209 252 246 356 239 260 7 340 42 292 402 375 275 6 215 77 73 20 83 255 421 251 117 288 298 254 423 213 182 63 171 223 442 217 17 248 324 208 201 176 241 224 47 58 39 283 348 181 66 337 420 204 294 190 89 349 276 57 177 302 387 3 132 43 40 318
96 145 400 94 58 378 360 30 438 225 401 208 445 60 344 93 295 50 177 393 417 3 84 176 314 440 2 260 103 193 386 433 430 238 219 139 263 354 312 205 335 91 264 35 182 179 129 7 85 320 319 183 138 427 55 388 141 83 394 57 406 27 51 161 421 291 113 98 203 269 350 223 418 281 207 306 112 220 134 384 20 428 110 52 38 439 89 117 124 190 252 171 17 181 196 63 62
96 203 124 367 230 111 305 379 351 235 284 380 281 55 102 413 60 186 172 38 388 57 447 40 339 84 430 420 322 161 345 17 280 148 20 270 36 370 50 395 194 94 134 239 33 100 312 30 336 444 220 267 145 300 254 138 225 89 58 136 83 428 3 16 358 369 112 7 118 37 265 391 424 285 68 393 51 274 378 389 182 394 195 333 417 116 120 43 212 229 165 219 293 21 63 372 353
95 224 4 265 113 343 327 11 250 60 112 175 448 66 50 352 119 280 259 396 7 84 432 263 85 227 172 204 377 221 347 20 188 80 122 51 17 363 431 308 243 108 59 19 303 350 73 58 118 3 268 384 105 443 341 33 217 121 169 414 57 232 282 101 32 239 63 134 212 181 286 269 190 30 313 353 425 83 16 346 145 214 253 38 156 176 237 197 285 135 436 89 184 86 415 55
91 3 206 448 6 228 255 215 442 308 450 135 42 51 176 120 260 241 218 93 85 296 48 57 262 62 191 55 172 143 111 30 50 69 415 84 424 35 7 34 207 329 293 95 91 334 273 164 331 17 174 316 381 142 110 129 283 389 379 213 223 386 444 108 321 332 149 58 426 65 75 88 367 422 82 138 145 347 309 83 18 38 89 60 256 324 63 292 20 325 167 297
94 72 117 320 41 89 281 333 132 3 302 88 221 206 307 75 55 208 231 118 349 255 415 60 51 272 136 300 308 444 68 163 114 159 212 58 139 419 436 129 396 188 38 102 449 200 50 2 30 57 29 20 180 79 397 288 247 144 387 84 69 294 175 187 374 205 65 7 377 39 17 261 375 111 34 63 240 101 292 28 123 330 380 283 269 80 298 259 223 83 127 171 110 438 262
93 338 366 357 9 301 55 20 39 101 182 351 311 305 59 123 400 219 51 61 187 107 30 47 251 166 169 38 430 60 57 239 3 62 404 274 82 326 84 105 97 193 346 278 377 242 128 314 189 199 140 423 63 142 127 64 72 69 298 188 113 237 50 138 293 180 83 344 200 446 231 253 17 209 434 58 67 194 225 129 427 147 160 230 398 89 4 21 7 104 118 286 23 265
97 218 229 139 245 438 38 314 322 349 179 230 238 306 363 342 270 296 443 293 55 380 430 58 390 319 290 424 60 348 208 46 336 99 136 433 378 51 429 205 121 352 174 161 404 202 335 97 142 30 57 396 89 17 297 12 395 436 409 127 345 220 5 63 7 227 291 124 423 113 166 147 20 301 76 343 50 14 106 90 102 83 406 277 37 207 109 337 448 299 15 25 3 84 183 262 213 267
96 268 109 278 388 51 254 139 21 20 191 60 398 329 233 295 389 371 3 348 396 30 431 423 394 17 89 301 57 73 342 287 7 243 214 111 35 392 250 386 119 34 39 99 50 70 38 293 58 299 359 370 158 279 390 68 234 40 140 84 318 416 83 353 18 450 185 194 63 124 199 380 167 415 151 93 334 168 160 178 414 319 132 245 369 110 55 338 69 46 291 434 411 106 377 103 272
98 404 403 366 150 132 79 284 436 279 29 297 66 360 51 340 133 138 168 210 431 319 103 23 175 17 30 244 145 94 240 181 392 70 63 43 357 50 412 254 85 402 293 330 35 55 91 346 368 213 57 83 444 298 20 119 89 98 447 322 92 216 303 120 343 62 414 38 116 383 364 162 3 367 64 283 69 224 60 339 7 217 371 49 266 220 398 358 53 127 256 285 73 52 157 58 84 429 232
94 78 388 435 16 439 28 131 361 81 174 226 371 241 162 113 60 47 391 133 76 21 281 212 3 163 137 149 157 178 128 108 204 432 83 221 444 362 17 341 23 343 110 326 198 407 349 144 25 30 271 293 333 15 165 50 352 229 307 421 148 55 72 347 71 175 450 20 321 332 65 45 48 89 51 202 84 120 405 353 11 57 58 273 103 428 38 63 250 7 14 168 135 288 41
92 51 414 58 46 284 44 130 203 285 258 395 161 176 207 308 382 415 81 77 228 132 256 124 55 357 377 43 437 295 342 52 330 231 212 30 233 267 353 306 350 26 3 333 360 356 69 139 412 422 275 345 57 164 314 63 443 201 92 300 344 36 38 42 222 312 84 359 433 17 261 351 310 66 376 83 96 89 91 60 230 50 429 236 20 296 86 331 158 6 199 7 109
96 125 307 26 27 312 391 155 212 80 378 393 1 250 435 425 438 139 355 84 325 302 284 216 202 50 308 245 373 14 108 185 60 57 238 148 188 157 182 300 377 113 338 197 52 17 63 192 190 360 12 137 173 123 440 7 124 415 258 89 205 208 166 156 51 299 83 380 409 390 102 446 66 38 69 362 58 349 324 434 20 342 117 399 236 402 169 266 321 259 3 30 55 49 196 120 370
93 321 203 77 264 359 315 202 86 405 255 215 121 236 446 384 51 280 58 47 274 38 290 54 20 191 60 352 439 17 63 289 415 89 189 262 449 193 101 211 395 300 102 123 50 150 324 84 388 306 79 55 124 65 190 3 24 231 302 62 7 416 32 83 299 344 30 122 385 127 93 22 387 334 176 330 362 309 170 57 192 205 87 46 218 4 410 174 157 253 131 5 201 368
96 51 437 7 103 349 50 231 110 57 323 58 179 357 211 373 421 150 60 264 343 41 332 63 174 97 20 279 17 250 449 249 107 418 364 187 427 55 220 248 282 64 352 73 441 42 445 358 251 138 22 296 294 175 355 377 16 276 278 439 268 3 414 83 384 198 238 82 312 328 89 271 438 15 30 375 165 31 317 341 241 84 98 34 86 416 226 38 353 118 289 210 266 360 23 85 217
97 416 301 176 202 91 108 38 51 388 13 348 302 48 332 362 293 264 370 28 63 250 260 65 438 292 60 81 410 43 177 95 339 393 150 50 110 254 89 118 178 20 82 404 162 160 7 431 24 61 447 424 247 437 116 18 310 276 11 55 303 53 17 359 402 217 446 249 79 210 70 286 139 232 341 105 3 180 282 58 30 184 440 83 237 244 395 313 420 84 57 138 344 252 159 224 117 427
94 212 350 293 328 48 423 344 357 239 74 100 382 282 346 106 376 50 147 84 279 222 3 4 275 76 132 104 223 184 314 339 99 126 58 255 320 49 325 63 7 57 432 47 17 310 43 436 38 181 397 20 262 355 439 408 315 130 157 136 51 55 401 111 244 220 60 135 402 71 375 36 441 170 268 273 257 140 86 188 190 337 134 30 363 399 417 83 209 89 146 141 302 259 400
92 30 118 328 142 324 33 426 327 428 88 321 170 416 154 216 5 83 45 55 294 381 60 61 200 347 177 38 58 199 145 3 84 266 322 50 280 130 166 413 393 34 131 18 111 155 215 87 378 255 6 126 136 81 95 187 222 299 115 311 157 89 334 262 275 165 167 7 150 229 17 51 63 104 276 57 53 412 107 171 380 20 355 368 123 21 357 173 424 309 363 394 446
94 231 368 447 384 17 257 74 235 340 373 406 38 309 370 50 117 145 28 441 184 395 83 320 11 32 58 287 158 374 221 264 1 151 42 450 357 269 63 107 39 170 223 345 169 9 294 191 415 99 41 295 60 399 40 255 332 72 275 100 46 57 422 266 88 111 8 315 53 20 106 21 273 439 3 326 148 175 51 89 22 189 86 56 7 402 84 242 76 49 4 202 140 55 30
92 16 256 40 161 75 143 84 225 18 47 329 17 427 38 116 368 365 339 218 177 151 133 30 344 83 354 353 115 55 395 20 366 201 318 448 440 58 166 398 231 129 102 357 244 301 149 384 53 280 371 322 216 271 420 1 77 13 57 221 347 50 136 211 189 193 173 413 302 56 374 21 107 51 100 156 326 137 254 3 249 60 167 59 89 76 380 63 251 215 145 7 185
99 207 186 381 116 63 62 317 349 83 84 146 15 58 89 21 188 57 367 423 68 108 332 417 241 230 1 379 9 51 47 322 406 170 389 30 276 105 50 424 421 267 396 112 153 190 357 330 23 260 60 249 125 17 189 235 155 228 19 20 38 55 77 7 114 144 364 36 439 375 3 418 369 152 359 159 181 355 305 385 268 398 76 296 344 210 173 140 216 323 104 325 71 196 167 360 91 270 329 314
97 211 48 34 71 38 436 112 57 220 259 408 171 17 63 190 27 177 134 108 331 261 172 446 233 92 253 3 115 23 262 217 321 125 138 231 55 67 250 254 117 45 379 59 232 30 275 41 101 53 323 450 401 336 325 50 399 362 410 443 89 7 314 405 390 243 179 64 381 333 84 195 280 274 242 427 413 426 20 120 198 58 51 184 145 60 384 377 39 106 119 161 104 94 320 156 206 83
97 3 444 25 109 83 264 384 103 38 131 385 296 304 99 285 431 271 390 108 325 30 176 279 286 255 50 56 411 114 144 432 311 380 166 20 254 370 140 7 163 63 4 157 205 389 355 331 377 276 267 191 321 58 9 89 236 213 24 146 229 222 364 240 398 147 201 167 215 57 186 362 90 277 346 369 43 86 17 71 344 196 228 349 51 84 150 360 60 232 287 270 119 230 188 55 414 116
95 295 393 155 423 11 41 356 199 57 110 59 5 351 174 20 194 446 241 361 282 441 304 288 303 335 327 434 3 71 447 260 7 124 40 105 369 284 132 68 18 60 89 50 83 278 85 247 148 55 24 358 47 101 203 316 188 106 299 17 297 51 63 265 395 397 84 181 236 87 206 30 220 208 184 313 368 38 122 333 290 387 80 58 365 12 276 271 414 224 235 424 48 73 109 325
93 206 263 75 417 301 334 313 140 186 109 3 345 56 180 228 44 51 326 411 208 197 332 193 436 398 274 430 196 242 296 55 249 57 72 191 13 2 374 60 12 48 83 357 415 203 128 388 89 253 179 305 30 116 400 67 159 58 38 262 397 20 347 77 434 84 94 259 198 103 80 188 92 211 7 164 309 68 251 63 444 233 35 366 261 17 113 50 221 413 97 85 39 412
94 201 96 60 264 61 24 62 349 20 350 268 41 114 87 167 290 186 64 84 251 111 433 151 6 32 89 221 31 432 240 110 235 204 38 144 311 116 202 30 414 133 419 139 220 57 375 101 92 50 11 257 327 248 127 83 126 36 376 253 225 188 28 51 382 143 78 26 303 390 172 58 173 59 324 80 137 368 373 378 39 86 63 3 17 239 23 182 215 231 335 97 352 7 55
93 38 445 145 74 201 432 85 297 422 7 288 281 48 92 405 440 164 111 355 334 70 50 258 94 39 219 343 303 60 156 259 409 58 115 377 388 91 83 178 435 276 194 13 102 186 175 333 110 12 403 30 40 224 57 368 63 443 59 179 139 299 356 177 84 33 20 262 386 54 89 3 55 330 187 114 404 53 17 11 174 345 185 37 129 152 192 51 279 81 137 146 394 359
93 106 77 392 56 135 339 3 60 116 50 253 82 418 360 51 30 389 67 258 391 38 40 221 191 382 341 322 304 23 83 189 264 286 229 44 441 231 335 175 357 438 169 294 202 227 6 28 379 68 311 17 89 340 292 57 35 449 1 168 84 408 206 7 161 203 20 16 115 147 188 412 58 42 415 55 183 365 14 361 112 86 78 207 332 164 428 296 351 334 410 25 63 344
86 7 404 276 200 178 252 207 142 388 89 385 37 18 238 17 443 193 328 95 241 12 225 228 303 273 69 423 280 324 409 120 366 249 350 118 48 58 268 227 402 369 397 60 349 9 57 20 51 125 86 215 62 19 270 30 271 206 85 38 410 362 84 370 320 401 159 49 245 210 256 83 263 55 219 420 293 3 50 368 157 141 102 2 262 156 63
