80
157 523 122 151 103 741 354 677 19 347 629 768 104 172 59 207 398 329 282 454 731 28 292 492 52 18 79 718 546 319 749 47 500 159 142 634 784 367 240 481 405 577 61 421 775 125 469 522 85 517 26 67 542 68 575 499 368 652 97 154 715 467 175 29 647 54 93 58 727 138 554 725 633 274 184 250 322 108 706 38 566 476 446 36 316 14 758 387 232 743 489 188 150 346 203 794 410 389 558 246 402 559 276 695 560 299 350 660 91 757 95 571 55 92 129 659 71 430 34 403 63 130 201 690 738 90 576 157 284 701 735 237 37 22 321 756 381 710 74 766 747 611 600 11 303 416 471 684 729 234 742 520 100 428 569 211 713 187
161 560 26 210 119 182 721 140 625 767 312 445 715 595 50 137 766 444 498 758 502 63 31 42 122 24 78 329 692 605 489 91 341 311 202 783 423 685 681 487 142 151 32 697 631 719 79 762 67 362 770 226 452 92 18 28 4 55 325 542 506 81 574 686 403 100 41 411 451 581 47 57 412 511 173 321 477 230 197 52 256 571 394 514 109 499 88 382 144 222 64 593 488 97 429 11 547 551 733 512 330 186 555 742 380 125 608 208 457 113 58 73 513 93 315 475 185 386 408 627 781 520 755 647 587 66 37 232 700 299 482 36 284 772 106 572 90 134 687 322 701 71 567 136 244 157 307 630 525 168 662 659 336 730 8 200 95 103 337 543 104 763
166 197 136 511 450 245 618 500 278 353 119 655 117 440 700 459 425 67 413 379 721 692 789 776 722 499 739 656 104 62 165 79 28 482 295 305 146 392 572 85 479 111 147 167 36 232 624 696 341 535 159 494 100 697 553 154 73 680 176 30 134 70 320 735 626 52 597 529 11 581 37 201 192 718 76 180 780 565 792 105 26 786 654 717 92 238 487 310 566 71 275 97 204 173 372 429 520 323 142 427 303 316 701 65 243 258 409 712 512 773 330 577 178 571 18 346 72 432 454 794 590 468 47 171 662 103 63 730 706 552 460 90 31 95 442 348 58 375 235 35 93 544 91 231 702 800 769 614 405 416 266 595 140 54 578 404 501 43 322 122 324 161 473 558 57 333 139
165 124 643 475 180 360 152 462 392 350 71 418 476 158 699 220 525 188 740 613 92 90 56 104 561 142 240 779 95 701 759 285 97 490 34 631 733 362 103 177 11 260 105 374 256 31 307 318 506 181 58 79 726 340 337 415 411 219 406 328 498 18 771 667 446 716 794 46 192 422 384 645 599 198 122 397 435 375 159 205 113 605 629 115 632 344 253 28 544 776 247 382 26 646 553 403 336 394 494 91 258 719 93 52 763 423 766 63 293 341 546 549 110 323 189 532 73 503 480 223 424 233 736 777 633 327 238 37 65 755 128 505 606 788 196 85 764 134 535 438 36 523 64 784 407 100 123 132 769 218 636 224 487 680 648 625 790 67 731 386 47 761 311 268 255 742
165 675 112 519 92 660 277 36 516 293 527 738 452 732 413 283 26 203 233 95 72 236 328 674 215 530 218 792 282 571 551 749 343 250 362 777 40 719 82 344 496 37 469 58 131 142 365 31 331 764 77 531 317 354 65 279 97 546 584 159 437 241 581 686 168 239 427 167 50 122 63 373 184 480 242 714 767 285 525 47 497 129 177 411 214 526 379 300 361 262 116 676 486 671 457 774 91 69 222 195 377 577 747 246 52 371 783 226 677 12 653 11 619 592 21 500 1 603 708 199 179 90 734 100 414 508 438 380 104 71 309 93 156 259 133 103 364 614 459 28 16 67 645 269 713 770 795 211 108 499 288 18 351 540 506 735 511 308 33 79 533 391 32 786 789 706
162 794 696 112 57 448 67 683 759 263 588 122 772 156 123 720 242 215 682 29 252 294 47 743 97 544 548 622 730 746 356 530 239 52 678 355 680 185 100 93 412 762 618 512 79 647 206 566 235 459 37 465 139 467 674 422 393 142 726 483 36 366 693 557 103 134 63 68 433 90 226 574 690 728 513 786 210 657 18 45 163 367 247 333 783 224 55 496 293 616 604 477 279 760 128 785 725 273 260 478 69 117 629 28 292 71 661 138 342 171 603 673 113 460 296 300 11 612 83 414 473 228 642 667 787 243 26 658 408 284 586 464 495 109 380 92 291 503 91 6 369 675 3 95 476 274 58 714 340 681 437 143 499 539 104 32 277 470 75 5 160 106 207
160 317 217 44 141 16 179 520 113 100 800 713 370 97 456 761 493 546 165 256 745 485 603 152 728 470 739 412 181 36 150 80 496 757 192 378 18 440 443 460 529 262 31 142 11 607 696 52 350 788 251 84 272 708 446 292 511 329 550 360 473 339 163 764 261 63 79 676 498 366 611 787 214 282 108 224 784 742 675 481 375 115 58 592 49 741 104 111 161 47 335 656 90 407 616 654 352 324 512 219 451 488 609 390 91 41 641 178 388 26 37 23 10 238 28 510 594 376 196 246 212 754 93 184 679 168 42 67 114 305 356 110 530 419 771 690 296 265 199 29 726 365 663 122 653 92 195 377 95 501 669 71 630 103 524 130 763 147 717 252 413
160 417 490 233 702 470 71 57 98 121 501 562 433 444 424 453 440 165 761 404 498 263 185 192 698 435 91 366 308 696 476 93 137 505 592 337 317 5 386 583 757 79 726 469 723 125 532 780 634 506 187 194 275 47 791 533 164 264 655 274 666 460 604 396 732 103 318 28 669 489 793 461 695 514 163 534 509 423 374 465 252 430 29 104 217 58 26 9 783 752 60 710 37 63 67 283 688 367 511 716 99 504 303 474 54 447 542 463 240 760 516 558 122 142 95 638 613 306 170 269 126 334 90 18 360 292 243 257 455 560 536 11 236 717 36 656 134 612 790 772 384 391 156 267 251 81 578 347 206 596 52 687 200 92 97 116 670 100 333 168 107
165 148 739 293 509 467 256 562 120 93 133 434 298 791 49 119 580 443 158 204 18 705 470 278 171 386 101 351 712 360 58 41 47 274 157 519 67 394 540 63 655 728 635 353 79 726 714 733 483 737 23 10 124 675 172 750 97 212 100 477 271 388 621 176 28 510 71 12 266 352 91 449 566 104 704 567 393 387 52 37 42 766 168 231 433 306 385 72 166 697 695 252 685 771 310 736 418 512 290 690 272 416 122 284 291 761 398 279 149 275 11 777 7 502 309 26 399 465 297 302 611 684 710 128 303 174 299 379 13 673 95 545 62 742 90 518 188 572 45 490 140 56 238 142 22 103 525 292 169 526 156 92 520 676 625 178 753 36 706 143 17 425 260 276 536 208
161 247 574 356 97 430 450 373 675 411 29 95 63 784 466 397 652 760 312 117 769 518 11 465 311 490 27 281 738 581 571 776 504 162 352 289 66 189 61 98 363 257 646 392 742 142 131 650 559 613 720 778 122 771 510 364 620 18 79 475 340 17 655 418 706 318 339 724 741 762 23 273 482 90 104 152 321 36 343 71 641 243 583 135 242 67 39 103 91 275 545 735 47 217 315 606 399 305 271 124 575 129 52 714 607 70 333 505 137 454 560 164 376 264 483 434 752 536 715 552 28 54 336 554 37 260 93 313 3 739 427 58 687 317 81 157 753 703 270 26 8 50 587 624 69 319 100 252 524 146 458 486 64 86 325 65 84 92 426 293 789 288
169 89 592 382 579 716 276 90 784 320 132 54 32 299 371 273 327 732 104 481 560 681 437 91 93 467 596 772 231 244 594 82 256 26 99 11 245 780 364 243 164 300 190 561 306 172 227 342 486 397 280 543 49 316 660 458 652 515 261 518 229 66 705 175 521 182 325 653 144 524 764 476 490 232 140 392 552 322 79 756 598 208 63 114 410 607 468 181 752 153 37 574 448 623 539 403 218 477 788 362 577 34 384 206 685 631 639 95 682 155 22 124 358 52 400 725 738 663 168 39 162 695 53 353 125 71 621 134 319 616 745 262 555 363 51 103 58 282 704 36 122 571 404 581 562 100 47 556 402 28 207 2 142 40 419 67 20 116 749 502 755 18 92 444 457 217 97 121 60 204
161 616 12 3 698 28 120 97 709 437 526 389 718 92 93 41 300 762 182 53 277 222 344 52 270 252 90 317 26 694 419 63 314 668 778 357 530 42 750 67 683 237 320 422 101 467 18 58 715 799 721 64 734 724 645 673 15 137 588 225 397 551 655 472 142 311 441 348 512 620 562 304 375 660 22 103 242 257 134 233 726 372 166 100 91 524 748 84 478 234 483 554 649 37 333 147 273 121 733 508 47 197 306 191 392 189 407 218 739 79 574 181 383 105 436 758 221 752 432 170 239 287 36 582 761 586 665 781 293 680 2 641 565 638 51 563 354 403 71 420 190 368 546 33 674 646 414 310 438 130 104 11 749 552 202 570 122 95 653 132 679 200
168 469 528 18 249 478 9 43 415 19 517 90 677 37 466 399 574 44 406 647 192 193 381 744 194 17 569 529 473 654 215 506 144 76 597 748 36 568 505 234 58 168 125 142 773 742 246 359 706 91 228 787 685 14 275 659 4 224 484 591 143 127 712 330 201 697 788 96 97 301 71 786 462 668 754 762 63 633 491 277 67 521 356 48 47 248 93 691 734 680 157 122 420 631 286 250 341 508 442 607 291 227 29 425 338 26 65 464 205 687 541 126 595 327 728 197 95 602 698 763 177 660 616 627 767 571 794 731 324 104 79 500 100 653 536 751 52 554 673 175 198 503 70 661 582 347 547 92 166 312 391 549 542 161 620 257 775 103 596 752 587 313 208 544 793 28 599 11 217
161 102 139 133 58 715 192 779 368 249 230 376 576 789 752 27 513 659 38 543 71 760 615 7 597 142 531 26 168 104 724 371 795 657 274 75 68 119 66 125 457 174 138 489 401 147 18 186 554 677 380 800 94 91 781 538 11 375 791 588 283 82 652 150 735 482 361 377 293 212 786 243 509 103 87 52 626 598 556 751 462 788 763 200 721 97 37 63 405 137 67 529 748 486 312 558 257 352 298 262 100 127 687 122 415 353 185 709 36 116 76 753 93 680 641 710 389 258 535 95 241 536 420 43 631 636 28 566 778 252 201 175 248 771 149 275 55 2 682 90 432 690 221 92 602 289 579 21 128 106 591 59 79 14 742 47 70 655 23 109 287 182
169 361 92 451 146 165 616 668 357 245 157 796 587 100 201 108 305 594 129 131 549 97 294 156 246 17 91 36 701 785 95 52 458 528 558 256 26 360 794 538 150 688 210 45 79 788 656 717 738 312 674 297 53 255 41 268 197 534 721 58 740 71 508 18 314 479 438 580 691 780 337 99 620 93 349 125 317 144 213 421 400 104 259 38 218 176 539 260 334 761 266 242 195 30 429 327 110 167 784 700 544 724 215 290 395 568 37 471 632 552 398 603 623 505 115 69 739 437 11 47 777 28 206 706 356 142 651 384 468 414 130 101 382 684 593 44 32 715 681 90 5 477 718 48 227 107 502 244 514 292 392 67 708 467 500 383 139 264 103 122 49 800 797 547 646 622 676 350 63 545
171 176 652 11 71 238 85 450 257 468 722 418 318 547 385 543 37 790 580 454 353 347 798 5 17 92 622 625 74 715 103 378 63 57 18 775 97 463 206 498 763 159 299 40 100 564 305 95 29 415 559 608 350 373 104 512 82 531 389 538 15 718 604 355 669 261 714 573 116 766 627 437 525 352 297 79 643 73 142 334 666 782 345 535 160 203 492 47 65 765 250 436 446 135 58 762 93 90 244 326 78 301 274 611 388 148 522 91 118 332 284 523 541 599 359 576 328 173 272 42 275 470 317 293 337 230 175 313 497 788 356 539 325 761 12 114 121 14 128 26 249 566 734 52 33 335 593 687 705 658 493 231 553 122 36 671 168 794 491 28 773 295 759 791 458 369 196 407 67 107 269 170
165 536 37 152 119 122 520 137 706 52 540 757 466 712 745 210 18 549 656 71 204 95 781 400 790 92 87 359 54 374 202 510 12 285 411 388 295 154 89 281 679 489 675 525 362 413 756 640 436 381 393 578 206 742 622 36 315 666 529 91 252 123 63 282 372 90 67 3 799 196 93 391 681 490 618 289 175 692 114 641 774 563 350 495 688 189 272 399 354 131 605 208 268 506 215 682 405 483 450 69 157 11 478 569 582 133 186 364 100 305 590 542 47 638 201 759 225 26 326 486 363 671 382 103 631 270 74 44 454 58 603 624 97 259 733 79 142 229 125 613 245 35 318 658 592 719 387 66 751 104 179 771 134 472 128 32 34 676 673 10 28 303 57 648 212 283
158 150 564 177 706 192 613 597 263 665 67 352 62 650 654 582 103 411 522 239 513 90 500 667 63 432 619 787 254 118 104 74 537 690 146 79 94 84 766 37 277 161 790 68 284 739 366 302 91 136 584 402 658 148 757 314 36 33 71 356 568 618 250 218 75 750 687 47 586 593 462 499 621 282 721 286 28 122 11 316 494 641 76 281 149 276 351 533 111 498 41 95 52 545 247 403 288 345 630 769 157 205 465 58 678 469 570 15 615 546 428 258 24 651 555 481 628 23 142 175 128 382 496 97 735 231 92 482 412 633 26 279 6 45 396 767 223 634 212 547 42 5 391 456 93 394 144 675 562 677 137 18 109 317 69 100 672 367 669
166 600 52 688 447 449 346 382 437 751 279 692 116 338 617 92 153 239 306 232 613 90 484 302 192 685 160 553 37 27 111 97 58 469 265 151 343 150 752 259 693 147 454 799 327 610 544 614 388 95 576 726 67 349 559 104 171 36 213 91 79 96 13 152 489 253 512 384 328 632 398 723 568 733 47 518 375 589 309 764 222 409 296 119 63 202 425 724 549 198 178 609 5 542 103 490 345 252 628 608 573 100 204 634 380 417 545 236 336 330 71 93 597 483 260 510 351 498 6 72 395 504 126 431 535 702 479 288 508 267 173 142 214 539 603 218 462 766 403 26 329 125 698 11 534 194 1 163 19 759 135 460 705 708 224 658 122 455 389 18 611 762 533 28 322 50 78
166 251 786 678 300 53 594 58 97 52 117 49 723 131 79 162 263 773 502 288 103 633 655 47 180 240 153 252 557 536 370 548 90 311 26 93 4 565 222 707 203 192 794 730 142 122 352 490 666 791 574 629 767 589 107 780 703 762 441 284 67 439 399 408 340 158 118 777 285 768 71 126 96 104 795 647 388 517 605 11 654 201 163 129 290 578 615 277 23 738 732 691 338 231 770 35 539 783 185 36 671 178 431 100 559 493 749 37 234 119 597 753 401 18 604 528 28 684 123 743 133 494 542 91 664 453 460 612 111 329 731 475 747 402 482 281 380 182 38 531 384 696 161 469 188 779 286 63 95 473 232 434 326 349 680 650 727 400 92 737 411 443 524 619 114 603 56
159 797 597 136 723 380 146 116 483 460 26 18 131 739 52 93 773 614 95 345 91 445 414 267 87 528 532 6 656 103 208 92 32 181 297 315 665 42 186 334 664 211 282 68 536 618 626 407 63 199 693 300 743 9 713 565 220 11 676 207 735 556 138 675 575 209 248 635 398 754 653 369 197 788 521 79 58 122 71 706 472 215 90 386 763 612 142 126 564 486 292 82 293 707 611 792 703 585 67 645 534 542 488 285 239 622 501 497 28 671 712 755 774 327 70 40 363 217 679 200 61 730 499 283 578 117 100 201 639 654 118 458 417 276 132 128 175 480 47 689 288 41 222 750 37 36 558 736 145 602 783 111 149 104 714 281 759 465 97 53
165 481 474 260 67 370 83 28 457 578 310 22 103 739 751 756 101 684 21 577 122 93 358 568 742 150 276 251 108 134 495 435 199 554 63 374 680 412 698 579 313 165 76 713 391 541 644 36 633 253 52 344 436 323 92 776 97 37 572 40 217 26 406 754 198 147 184 408 208 224 415 95 513 211 784 18 504 414 100 528 607 519 34 735 249 707 378 325 700 488 501 620 47 44 322 785 392 261 380 60 530 336 403 762 13 58 386 137 231 142 30 254 90 39 592 618 634 286 704 665 743 585 104 332 567 574 536 7 159 141 212 161 127 723 778 420 94 119 241 478 79 417 755 289 262 343 787 71 292 214 570 605 170 11 57 666 686 311 429 630 146 91 482 287 339 124
167 546 18 67 736 468 719 113 164 433 612 87 384 398 276 483 215 795 199 334 613 375 359 26 333 20 106 471 442 275 112 532 393 219 791 143 307 44 456 488 97 635 514 36 588 93 286 381 28 52 170 640 702 698 110 153 222 287 395 39 683 751 71 373 554 205 775 189 185 12 166 122 668 545 551 119 207 789 92 64 328 742 240 58 91 404 732 557 63 298 285 236 273 47 11 148 176 88 478 48 229 228 103 711 539 95 402 195 376 429 725 606 302 419 464 653 109 472 681 37 758 243 658 309 69 141 443 90 235 385 785 272 611 79 694 754 353 621 697 729 251 142 177 400 713 104 114 753 100 626 9 175 369 343 31 213 530 356 411 573 696 792 198 786 350 297 627 565
169 575 628 557 359 11 525 425 204 645 739 713 26 93 638 651 360 508 492 300 210 154 239 441 687 95 586 266 274 240 696 725 486 194 682 122 141 351 457 450 52 772 365 287 275 741 58 639 461 764 419 642 702 574 223 205 109 115 674 91 798 701 28 765 395 255 768 331 146 110 439 623 376 491 134 158 264 515 483 246 219 226 48 243 63 316 667 164 128 67 310 79 389 100 788 648 585 571 232 662 792 47 189 502 387 97 572 516 92 335 45 5 592 609 473 37 706 152 576 784 196 509 90 104 385 309 478 286 36 84 781 3 297 528 490 581 245 361 71 252 797 612 85 184 295 18 257 590 542 694 577 87 569 573 422 355 685 8 640 103 588 548 51 142 437 66 149 519 693 435
160 311 625 234 543 306 754 655 46 721 317 100 67 684 509 759 207 58 430 596 636 615 24 746 742 193 463 382 95 622 460 641 794 264 790 774 146 23 513 793 238 320 211 16 235 56 551 561 216 529 103 309 11 544 74 132 443 259 452 584 108 333 567 542 458 26 535 110 115 240 176 293 357 724 279 315 97 667 290 37 626 226 133 387 532 131 242 102 71 63 18 12 151 600 91 402 650 515 142 454 182 769 253 414 36 360 92 408 202 86 423 550 586 346 230 674 634 576 484 757 48 126 404 47 174 89 439 122 394 403 485 555 302 79 682 715 369 399 113 90 726 340 468 621 499 438 566 470 437 381 104 707 186 763 28 93 601 597 52 165 669
169 490 319 122 452 789 36 767 200 52 391 799 324 397 752 226 218 103 683 184 657 82 484 272 411 337 100 263 135 671 104 353 124 106 128 637 95 497 13 566 423 665 528 67 229 83 28 340 92 57 700 756 765 203 287 403 407 20 417 456 388 373 327 63 720 694 230 1 44 431 269 68 130 126 492 599 441 687 27 78 71 58 774 196 145 97 141 742 47 668 18 11 234 681 738 640 93 369 142 212 794 136 111 367 643 513 538 79 91 119 685 638 8 181 707 60 762 485 317 464 168 462 517 766 205 187 16 2 443 481 192 183 619 290 261 588 252 670 245 209 389 458 729 87 771 193 338 635 574 362 37 653 267 663 590 90 26 94 165 545 596 323 691 105 118 460 39 741 19 491
162 28 110 11 460 61 36 631 664 529 799 357 563 665 681 137 423 302 705 38 22 375 517 241 608 63 108 115 240 421 781 345 47 312 72 91 365 40 342 495 530 92 596 784 640 427 26 158 719 378 722 195 769 371 78 384 335 231 244 291 71 255 79 191 791 414 18 464 523 562 739 566 100 409 60 445 58 404 678 354 55 154 633 290 194 103 512 749 638 145 122 90 313 52 259 362 644 142 663 294 261 593 661 390 104 267 742 694 187 304 458 316 146 605 729 790 239 484 430 419 148 401 521 269 456 627 88 578 51 549 780 762 634 95 561 232 569 751 774 641 433 689 399 151 37 459 581 67 393 595 224 618 520 7 577 539 93 298 607 800 74 352 97
160 524 601 307 544 651 350 75 98 206 71 571 447 663 410 82 85 142 709 141 42 510 93 63 324 297 472 37 756 590 19 159 90 240 52 330 586 421 208 162 47 584 605 28 122 543 166 262 620 103 51 747 390 321 36 784 358 81 257 738 92 791 798 511 306 459 115 66 505 547 673 800 500 679 347 777 545 112 482 332 91 67 215 536 49 99 761 508 433 726 414 532 84 203 422 471 313 201 400 123 502 415 193 246 26 346 676 773 480 185 780 448 199 533 167 318 578 237 357 95 720 58 97 125 136 104 205 542 236 100 692 79 109 218 184 481 403 18 144 254 708 331 526 725 233 15 483 405 11 183 40 490 466 501 622 234 239 329 9 280 506
165 26 768 230 759 208 495 736 752 733 266 71 635 692 36 503 100 70 183 722 332 89 7 148 401 37 67 425 567 236 316 92 683 179 144 566 122 346 128 721 749 52 58 420 218 508 460 426 618 786 91 171 711 291 80 521 668 97 63 631 210 247 281 11 538 453 188 296 64 762 104 133 691 708 83 651 404 406 154 694 586 734 44 301 366 638 65 602 376 142 422 466 584 648 746 639 136 688 680 514 429 718 359 28 161 577 21 675 519 467 593 174 103 18 666 231 761 109 170 117 99 779 626 557 470 377 431 595 270 522 419 412 118 739 687 194 428 305 678 446 9 24 41 90 195 387 6 271 101 704 47 348 227 149 207 766 69 424 93 46 621 79 95 539 609 542
163 610 276 792 91 47 254 643 495 160 262 334 601 196 488 103 111 280 18 242 691 453 5 497 678 552 15 202 66 506 787 239 97 556 67 630 507 688 608 232 100 772 543 16 350 494 38 707 325 11 109 598 491 93 159 266 412 689 613 134 104 521 382 410 316 456 663 400 85 338 53 261 58 156 37 605 52 13 90 294 336 466 368 63 142 535 285 272 641 397 682 89 795 92 618 578 757 464 527 666 260 750 580 470 700 117 122 255 615 498 26 404 172 138 141 71 676 761 529 257 393 46 145 799 28 84 79 189 571 329 394 544 756 235 181 31 406 23 51 290 617 635 295 49 606 532 146 565 36 665 95 499 197 319 1 595 396 774 253 528 346 694 766 669
163 83 36 326 391 683 610 173 709 284 63 713 623 91 518 194 18 362 761 92 469 212 38 150 562 97 799 672 100 602 235 364 301 236 759 571 479 198 654 380 782 456 569 26 52 9 277 142 665 669 95 661 103 430 488 498 796 50 93 361 280 604 509 331 254 426 99 85 33 520 490 729 781 700 241 279 65 37 570 231 278 552 603 73 419 77 483 553 693 598 333 80 776 595 738 579 474 47 98 197 28 505 185 622 751 338 303 12 770 76 794 491 206 646 398 297 743 14 390 431 418 114 716 122 322 104 6 11 674 218 454 192 798 141 79 366 226 382 147 455 320 181 245 632 484 229 777 71 666 536 465 58 343 118 692 625 287 447 551 635 90 67 394 386
171 185 237 11 555 297 103 259 222 537 52 757 95 1 26 294 467 140 582 169 736 760 785 786 267 40 90 94 764 288 681 44 432 386 204 75 388 745 91 13 514 79 106 737 92 742 615 37 470 645 444 415 768 567 690 676 607 630 67 325 119 93 238 350 29 96 529 25 430 299 405 748 784 111 623 655 172 418 202 170 495 668 749 650 355 122 56 200 683 591 352 251 300 53 69 282 424 24 307 397 483 181 589 544 477 450 489 171 146 19 372 562 618 63 231 548 100 709 248 58 179 310 121 613 228 442 378 524 147 104 360 416 46 28 36 349 216 674 101 517 614 461 733 516 608 270 699 255 97 60 235 752 636 765 178 192 18 45 799 47 751 305 283 686 367 71 337 49 123 142 115 21
160 103 249 95 47 52 36 35 757 180 51 605 174 374 33 26 377 243 728 677 703 279 46 747 79 525 140 422 201 100 652 735 214 71 480 512 604 157 298 716 508 68 28 515 120 304 609 289 247 569 719 170 204 791 338 225 91 493 600 559 755 536 410 601 160 159 796 417 694 89 363 58 316 414 90 248 122 678 318 97 244 402 718 440 39 772 401 494 750 246 490 532 415 18 37 121 753 63 237 499 75 32 786 390 551 713 624 319 760 518 686 92 186 115 40 256 486 99 151 283 253 11 635 295 8 142 608 541 335 614 178 584 104 431 81 434 223 473 590 768 286 566 657 741 693 447 258 70 477 320 449 751 207 67 255 41 361 93 707 779 337
163 184 499 57 293 110 82 95 11 142 98 360 270 327 272 274 728 703 28 776 58 470 752 169 584 402 337 514 18 74 321 709 595 278 240 582 742 349 664 121 93 630 229 140 651 681 661 412 213 357 618 529 775 264 85 580 47 37 587 606 525 495 149 373 570 549 620 277 393 79 126 638 733 698 104 464 755 231 71 712 241 506 798 653 487 209 309 228 26 285 180 443 230 325 704 551 171 143 273 479 406 550 596 103 172 330 100 352 699 367 90 558 483 207 668 20 317 369 678 420 646 435 391 97 457 676 92 36 294 63 447 122 732 626 482 39 32 517 746 306 160 226 25 488 67 44 674 17 565 91 5 693 52 69 124 286 259 248 675 199 346 602 563 117
170 197 652 153 597 44 109 520 585 594 326 11 386 733 698 169 762 324 291 590 28 244 92 501 405 373 472 58 390 30 765 360 277 294 247 104 377 66 702 99 456 682 481 633 175 500 167 352 37 47 253 322 260 637 502 220 718 90 213 278 515 719 488 321 764 402 95 687 152 281 384 577 302 79 752 154 729 18 128 417 78 146 254 397 45 461 422 48 564 218 400 189 26 358 255 617 490 287 261 236 56 798 160 228 93 614 286 666 707 217 710 792 122 120 52 630 91 435 103 620 36 110 419 7 714 768 41 357 491 645 182 466 642 203 665 751 703 763 142 465 115 5 40 138 211 606 97 147 329 209 300 546 659 736 362 532 510 71 135 100 298 679 445 63 67 129 612 55 799 781 664
161 208 58 680 71 416 508 777 656 711 503 629 18 515 293 111 534 537 279 252 275 64 545 63 389 474 23 351 388 200 304 325 524 66 798 33 525 739 142 271 267 100 138 52 448 452 93 53 317 92 28 148 233 90 410 36 26 705 464 450 363 11 723 298 781 103 402 260 401 37 341 47 353 504 505 302 387 91 436 681 97 395 301 431 335 6 123 314 281 596 403 384 350 542 549 362 732 60 737 218 190 120 143 566 244 266 703 79 678 429 95 259 67 242 336 309 424 653 104 489 59 602 96 481 702 329 583 595 514 149 364 194 718 423 102 636 728 480 784 641 146 721 220 406 797 223 56 235 99 435 646 688 567 372 674 382 115 359 217 295 122 513
165 288 122 504 664 240 115 334 505 474 468 519 327 536 487 169 731 218 80 135 544 111 679 191 750 108 90 63 134 119 11 79 495 92 631 184 28 228 318 654 585 669 494 484 13 739 472 233 89 113 457 696 353 632 227 387 386 121 46 381 709 717 203 397 114 195 142 37 314 419 714 707 441 73 459 411 461 406 623 36 58 701 660 26 264 528 93 782 648 657 658 617 390 425 185 66 83 100 146 340 508 238 396 91 253 145 187 634 110 326 302 71 52 18 354 777 150 394 611 557 727 383 151 51 482 800 542 161 39 154 104 222 174 67 47 467 781 300 17 284 25 16 103 416 235 772 86 449 97 767 753 62 138 520 671 570 10 45 192 692 361 791 95 56 328 689
162 761 626 295 100 522 269 90 110 562 595 378 579 644 617 27 127 55 717 302 712 311 117 26 172 322 61 101 450 193 23 369 103 363 74 91 430 417 427 724 798 362 491 620 128 390 501 28 599 786 24 250 695 744 419 777 376 556 192 36 75 741 646 278 297 82 499 715 206 765 203 231 476 337 480 465 739 15 680 605 67 413 766 252 778 537 735 560 11 18 572 796 621 329 255 749 758 529 198 373 122 16 628 532 63 145 753 520 371 612 385 7 125 789 487 544 138 280 703 246 488 47 49 104 687 633 52 763 290 414 548 542 485 584 92 454 202 474 550 677 133 37 531 95 99 71 169 456 775 563 181 93 79 293 508 358 58 233 97 340 144 365 142
168 227 130 52 324 323 554 743 391 793 692 25 318 140 471 221 426 762 754 122 731 58 654 385 631 79 242 595 115 516 724 67 114 779 490 167 501 201 188 414 480 319 764 109 558 641 521 736 384 634 532 210 63 548 368 28 562 250 695 90 22 62 442 464 354 412 603 770 86 15 791 613 733 768 750 409 105 331 545 609 664 138 560 352 406 104 100 47 74 39 680 420 644 599 766 670 537 160 142 335 180 395 658 176 110 93 439 2 477 26 753 699 131 481 357 678 777 43 71 460 36 605 103 541 299 92 458 504 344 423 247 348 144 697 91 10 11 492 727 77 129 450 491 483 148 57 216 655 95 73 266 577 735 31 608 18 211 404 157 50 97 37 742 298 671 449 275 306 553
156 91 708 308 788 63 738 187 62 266 703 458 393 792 36 311 498 129 58 300 342 556 229 40 32 181 85 632 116 315 279 222 37 582 558 714 445 95 18 397 713 192 105 319 595 645 100 84 204 601 83 724 178 57 715 147 69 684 388 239 103 688 745 93 532 299 389 122 440 735 581 182 525 79 117 720 213 133 67 700 725 564 82 47 107 762 271 798 546 171 130 744 687 535 362 643 211 704 92 227 569 455 317 716 267 332 336 43 799 505 413 727 11 636 647 414 108 225 28 104 6 142 346 252 462 622 517 604 115 729 679 41 758 123 555 97 583 270 395 52 739 26 51 444 561 355 760 521 71 325 65 272 241 139 173 90 302
165 712 111 513 458 759 254 700 67 198 433 635 717 335 44 79 235 430 196 54 728 800 503 128 90 61 75 765 450 323 460 520 166 122 28 45 52 25 425 589 489 18 640 548 58 752 250 102 12 160 93 391 26 92 127 63 524 654 97 82 499 81 648 174 107 789 100 588 417 60 195 565 113 95 154 735 594 573 47 593 69 482 619 334 110 91 768 617 146 125 36 381 676 11 365 199 399 374 99 473 181 104 385 43 177 555 783 346 386 543 680 214 583 157 68 623 189 221 340 522 142 448 707 103 453 164 494 492 645 301 403 369 139 7 404 511 656 777 775 255 772 38 71 379 37 571 216 277 227 736 612 394 293 621 226 162 387 504 140 314 584 56 641 215 613 408
164 793 633 122 561 335 519 424 47 384 427 670 516 264 706 51 761 215 490 66 491 98 39 37 370 708 475 240 564 638 36 93 102 379 664 231 13 71 9 235 499 81 781 472 394 790 457 192 711 152 123 588 252 133 665 632 678 161 644 532 341 371 63 576 144 230 637 762 406 356 658 768 11 697 593 656 160 463 389 79 24 663 770 441 483 402 285 197 333 395 222 613 550 58 95 462 90 100 18 592 470 579 585 103 562 166 411 135 44 785 789 687 177 290 553 405 489 346 771 179 375 738 652 28 52 521 41 724 436 141 131 672 86 533 256 594 718 420 407 306 91 510 12 227 361 308 393 116 142 773 104 495 106 53 92 65 4 426 237 26 67 671 226 97 779
172 332 405 619 81 50 79 18 100 596 74 508 309 71 565 485 429 612 95 389 514 47 394 568 420 37 104 51 480 120 544 316 577 331 723 297 340 143 142 2 310 311 707 795 245 52 210 599 370 702 393 329 767 205 645 167 640 445 336 411 634 352 533 335 623 386 439 491 470 253 140 305 248 118 86 237 103 58 182 26 215 675 261 441 236 28 443 129 314 561 476 494 764 122 97 247 49 649 269 495 691 467 456 356 498 722 334 299 695 609 180 501 592 61 682 357 414 46 22 262 98 101 676 758 471 90 793 175 36 534 238 266 67 75 91 770 745 778 4 62 585 633 121 63 93 468 345 117 653 168 513 397 671 134 440 459 724 387 464 218 732 614 203 224 199 111 341 11 587 162 92 482 746
158 346 262 336 702 127 424 728 266 79 503 28 353 610 280 18 475 615 285 461 677 497 639 387 11 200 483 532 521 62 67 760 493 467 185 113 496 107 103 104 36 733 287 652 208 260 784 788 95 193 480 590 485 31 661 488 312 583 692 372 729 723 523 782 690 584 505 248 775 457 662 245 421 87 97 16 451 102 344 90 217 47 91 210 136 586 126 473 512 685 725 163 611 609 712 352 384 240 92 459 282 158 409 319 773 672 7 759 329 770 453 93 100 389 367 418 9 462 37 58 142 777 794 641 153 242 382 80 145 411 735 445 597 393 428 52 131 557 494 265 204 684 65 565 786 268 574 212 722 122 751 63 26 76 3 132 405 348 71
164 601 335 318 551 662 527 200 212 358 355 279 493 485 274 720 28 246 25 753 77 496 423 58 23 447 297 147 75 791 207 201 597 538 727 80 790 22 251 277 329 629 330 114 505 616 54 18 617 587 74 322 122 734 573 110 394 523 602 52 198 275 704 347 67 79 660 462 295 100 175 63 497 202 13 454 574 83 308 368 244 722 743 37 312 796 26 36 730 11 522 572 759 48 402 591 766 400 525 15 740 135 529 287 624 336 95 547 91 786 99 773 332 701 273 289 243 316 590 503 97 350 174 680 33 261 90 563 530 544 93 92 21 196 225 142 697 71 506 302 756 271 260 772 504 510 86 203 592 437 582 769 115 501 101 323 438 103 511 57 47 535 104 376 652
160 767 505 166 476 356 588 582 487 540 95 52 530 398 195 26 525 440 293 758 729 529 249 579 479 605 104 435 503 155 90 394 92 408 637 8 290 631 544 296 61 553 189 488 409 218 445 42 602 165 456 28 91 37 157 768 428 267 53 317 335 562 208 655 387 649 140 11 557 18 358 455 170 10 58 786 96 743 167 79 728 181 315 328 71 363 316 690 416 67 63 289 213 762 423 54 696 695 122 36 93 703 473 100 113 709 47 294 694 535 714 679 592 628 399 112 507 375 366 515 244 325 97 531 142 552 406 705 114 282 522 520 401 201 689 447 259 412 672 192 240 301 40 371 182 652 421 702 697 427 462 773 419 211 656 750 221 746 103 707 629
166 620 782 747 97 39 20 142 603 37 537 378 104 719 786 338 55 273 66 686 230 516 259 769 232 797 651 730 238 182 379 705 128 304 631 117 11 484 166 307 509 345 799 28 281 315 13 439 103 774 641 270 590 8 437 447 771 325 80 456 634 524 599 779 18 604 435 659 162 732 59 186 108 175 610 113 480 79 274 784 91 211 199 296 611 89 698 256 671 350 684 318 262 52 574 655 43 617 727 625 678 99 146 26 135 500 292 560 90 62 479 170 153 521 567 87 561 58 280 100 24 679 663 741 122 36 434 42 172 709 67 84 381 670 267 126 298 624 520 137 168 149 219 213 785 95 746 492 35 71 573 63 388 510 518 362 92 158 47 669 93 380 155 787 689 112 530
164 676 100 195 638 90 63 331 172 476 294 28 641 577 124 92 561 782 664 533 589 165 301 279 55 716 207 640 116 735 97 255 511 241 528 18 284 610 275 619 69 71 99 223 333 715 26 52 481 733 500 792 188 121 395 227 91 280 219 710 238 277 518 652 488 40 687 126 58 575 791 466 494 169 216 68 67 364 11 774 669 512 800 319 204 614 361 421 648 790 682 354 257 692 401 778 221 7 373 298 247 474 616 458 781 65 547 108 244 231 218 370 13 413 102 460 23 243 620 595 363 110 754 230 516 502 259 37 725 122 772 160 471 36 552 636 81 47 95 141 738 76 142 103 239 249 205 253 457 340 93 104 475 246 422 569 550 555 148 353 737 191 79 211 742
167 690 561 723 366 491 762 34 370 606 28 216 419 576 135 494 681 783 97 310 92 58 90 674 760 247 665 75 657 288 445 738 380 428 632 56 306 401 740 128 509 47 452 392 472 798 775 622 41 290 667 188 138 259 341 402 416 482 318 74 264 763 257 308 436 19 698 654 528 583 57 251 708 37 666 261 497 45 67 189 540 676 317 18 226 635 11 103 780 71 130 79 450 140 448 244 93 375 4 604 100 110 300 671 589 431 684 476 713 355 734 22 270 640 410 292 233 104 373 212 486 63 444 694 309 91 745 145 346 660 177 26 299 624 134 458 501 645 533 36 669 756 488 453 692 623 391 214 651 20 613 554 626 473 680 122 52 282 239 86 276 283 731 287 729 644 95 142
169 415 323 563 222 63 122 35 10 718 719 749 609 545 58 47 36 97 91 482 590 248 69 28 400 616 524 7 317 787 498 67 329 399 737 588 493 86 534 90 669 269 364 308 516 575 568 577 287 559 265 475 663 263 214 104 454 261 210 318 510 215 484 512 79 123 604 530 154 544 396 165 769 110 103 93 217 647 741 409 566 92 517 340 469 519 713 242 644 11 633 18 15 105 601 357 27 71 578 162 757 479 225 671 338 464 460 341 507 137 173 142 264 774 81 521 95 779 193 583 259 301 448 754 232 496 326 466 19 500 748 770 124 539 100 666 26 52 98 37 251 62 284 773 522 408 480 474 151 179 729 383 159 441 260 94 291 642 771 665 449 674 49 422 134 565 683 392 658 625
165 78 58 635 712 524 89 753 411 122 91 196 295 789 502 182 90 28 741 93 104 593 416 628 619 553 405 26 715 491 375 546 121 301 1 309 389 79 554 115 63 561 631 446 441 327 306 704 61 384 218 765 100 767 752 568 277 477 515 355 273 732 797 292 256 247 392 526 351 655 394 368 14 603 305 264 45 352 205 222 137 67 535 97 128 169 18 287 674 641 10 725 689 192 81 436 103 274 114 796 763 588 776 176 37 92 207 478 189 421 552 529 36 54 467 71 250 798 399 555 44 161 237 80 245 599 482 799 622 670 544 348 448 497 693 283 388 95 57 11 3 713 792 52 240 72 346 298 77 758 522 534 142 47 304 639 48 487 320 550 385 318 587 503 445 625
167 772 103 624 696 377 236 450 729 232 651 415 325 13 516 713 166 93 253 597 479 402 97 276 303 3 756 598 545 87 783 425 639 126 235 301 37 71 671 100 203 626 674 59 419 709 18 157 492 247 352 6 393 205 568 268 660 376 149 327 590 240 314 147 620 63 503 384 615 90 484 184 711 355 32 172 142 14 407 632 359 356 15 390 524 495 27 193 35 228 223 397 571 171 721 269 592 278 283 667 560 758 243 141 668 26 498 95 169 742 468 91 163 675 112 646 214 266 299 373 338 161 11 583 204 631 511 556 404 46 74 577 557 636 788 593 340 288 770 362 194 739 52 198 343 348 294 106 507 475 259 605 92 323 28 67 104 457 79 381 47 612 122 181 700 58 36 575
165 747 433 362 182 400 292 570 538 640 204 780 100 599 351 647 310 191 295 454 224 629 535 402 482 397 742 576 456 208 349 652 187 394 140 672 774 756 373 536 10 376 321 91 185 198 727 28 92 705 787 37 609 616 573 142 505 262 141 618 736 703 274 133 26 58 64 309 95 346 209 306 344 222 508 625 781 687 71 271 183 634 377 101 154 32 36 365 706 572 223 93 421 452 760 548 537 578 104 339 486 767 277 181 68 148 85 484 18 630 52 122 25 385 23 147 391 368 67 199 753 650 528 63 20 483 603 225 682 509 40 520 97 445 542 11 436 90 675 290 392 106 562 593 585 405 47 206 355 469 129 320 130 637 527 449 704 317 779 643 800 117 372 716 103 79
169 605 79 92 174 233 385 126 472 71 36 202 137 790 557 732 181 773 674 777 28 48 52 483 182 444 30 650 377 155 763 294 494 537 41 103 447 733 613 26 199 97 720 350 179 228 324 186 455 531 22 265 219 25 654 485 37 384 509 550 259 74 213 124 512 396 446 533 405 326 440 93 251 761 243 389 574 306 797 666 346 632 375 423 276 58 489 726 100 23 141 496 296 320 707 505 240 676 47 697 44 303 95 167 788 6 645 222 142 578 432 340 321 627 698 290 322 725 519 799 119 492 104 63 667 499 267 67 150 510 172 90 91 630 60 159 429 56 709 32 122 388 482 148 615 796 118 387 125 18 225 672 543 7 538 277 750 50 678 72 500 757 382 551 568 737 354 11 336 66
170 92 4 295 122 186 555 70 95 721 82 47 67 585 468 751 493 281 718 326 79 436 498 170 486 706 374 26 112 671 46 654 557 103 213 71 629 107 246 9 114 573 647 524 712 450 562 74 596 708 90 179 626 372 583 139 117 397 155 785 16 542 593 358 97 531 400 36 105 347 732 723 93 628 610 177 7 98 135 773 367 237 100 466 284 571 556 244 158 224 459 325 50 37 31 684 747 277 359 783 525 327 422 159 121 391 99 196 387 584 173 260 194 290 534 622 298 280 758 798 389 614 369 784 420 11 311 104 510 302 58 567 25 125 42 405 83 221 346 208 604 52 576 225 438 365 353 310 176 142 652 91 323 166 393 781 763 271 545 28 337 627 530 133 669 239 580 18 63 162 174
167 778 494 722 691 105 198 628 645 196 67 398 354 591 44 363 81 503 28 90 134 267 236 600 339 79 92 695 220 700 765 100 307 690 785 445 376 53 537 102 453 682 29 553 132 316 169 577 179 460 7 365 235 275 764 36 122 789 293 699 20 5 683 49 644 225 672 217 500 491 708 93 510 571 121 95 91 112 589 211 14 666 18 570 586 219 436 603 96 702 504 35 168 385 38 675 546 47 97 265 584 483 58 759 304 176 104 144 517 579 752 438 324 108 625 142 631 471 429 792 496 746 538 63 103 129 605 22 37 663 221 750 623 269 131 665 175 11 719 400 224 52 712 73 55 394 731 294 263 506 723 71 145 126 367 587 229 271 371 784 668 547 773 288 412 306 26 338
169 269 61 250 103 649 164 33 710 579 504 379 552 222 26 400 63 700 352 421 390 466 502 469 678 122 406 219 289 121 626 735 351 145 37 183 170 785 360 470 342 239 621 555 415 559 69 389 713 58 505 160 399 159 67 54 784 536 123 438 653 186 425 788 158 661 303 407 142 320 618 436 508 114 393 395 524 594 304 249 337 280 701 564 91 124 97 204 100 165 315 257 429 301 256 79 413 18 291 589 498 800 93 541 208 690 582 584 11 266 448 419 517 104 624 796 99 791 326 760 47 573 70 538 71 176 492 718 92 354 16 95 773 292 90 200 94 377 238 426 357 630 178 65 404 51 422 769 119 143 689 162 217 482 786 118 724 401 561 578 681 251 28 445 36 715 185 450 381 52
167 273 586 753 115 616 709 371 795 676 239 694 25 564 220 766 501 607 264 142 622 457 308 104 787 578 82 90 788 326 468 774 778 638 228 11 423 587 79 150 755 352 673 35 236 739 193 24 275 519 245 71 702 422 390 476 81 573 565 631 3 785 179 703 289 576 670 218 203 100 541 22 644 667 58 41 63 463 37 404 10 663 185 475 548 140 67 316 793 73 173 646 18 633 97 513 498 704 62 350 279 414 5 8 416 99 280 373 533 446 744 93 332 762 503 504 736 335 124 509 397 672 745 26 439 681 570 605 642 95 122 274 609 712 52 345 567 143 635 742 392 210 219 47 34 92 43 799 496 757 441 593 385 431 537 410 197 488 233 103 33 74 492 402 28 36 91 652
169 434 202 376 695 74 36 607 360 220 707 365 304 545 5 755 108 94 670 151 261 700 599 78 316 41 525 669 562 286 96 51 584 374 168 182 740 659 90 100 789 63 343 67 543 71 354 93 55 131 336 37 462 557 218 596 661 503 742 713 47 241 195 175 273 258 39 718 321 56 164 284 45 361 275 18 264 356 795 569 512 701 314 369 306 212 787 92 103 209 104 141 458 690 11 535 466 91 585 270 675 513 449 40 23 95 508 574 9 111 723 342 119 156 178 26 779 28 177 688 648 438 432 217 351 738 86 332 88 481 122 150 710 193 635 676 58 311 79 334 225 246 692 8 621 643 188 757 87 631 350 677 142 404 359 617 768 97 547 272 470 633 101 604 791 492 504 189 288 52
171 295 763 538 583 783 122 42 525 344 97 67 131 548 71 536 36 790 638 271 327 461 26 79 582 791 103 47 716 349 603 677 37 498 486 133 18 686 701 442 249 22 387 604 779 309 184 570 639 731 208 400 95 267 512 403 585 12 777 216 189 234 757 100 590 690 274 577 144 628 699 551 191 444 233 553 663 109 277 90 137 360 329 343 540 452 337 104 390 339 709 719 788 262 152 554 159 356 408 464 651 17 614 150 695 140 326 384 222 258 142 33 63 371 11 52 741 507 129 301 529 91 510 93 774 170 328 704 185 466 251 723 478 86 130 680 197 330 402 255 321 620 143 493 58 275 708 203 316 164 92 595 796 784 156 414 70 19 147 192 653 691 733 764 128 413 646 502 221 74 793 28
167 101 314 36 134 668 688 52 257 161 93 407 26 49 748 357 115 567 699 372 647 79 295 198 71 221 511 543 729 330 523 301 689 114 717 167 385 268 522 86 766 27 287 471 337 552 349 319 661 28 89 162 313 320 536 261 780 286 104 649 781 216 451 92 129 356 774 784 505 721 611 577 549 16 698 565 726 38 438 569 68 32 180 231 614 679 328 18 3 468 595 657 135 702 44 394 736 63 37 675 90 624 494 100 57 452 97 242 475 416 735 155 107 11 103 681 269 277 433 122 601 635 91 713 22 23 78 64 12 653 95 142 598 67 273 512 447 706 246 694 467 788 334 742 196 258 771 235 391 448 558 621 153 367 640 150 47 593 761 58 279 772 50 175 642 576 9 117
166 103 692 756 140 181 590 17 598 303 523 36 408 704 190 430 274 71 385 370 204 334 253 15 426 37 648 63 95 614 613 429 102 764 50 468 603 13 697 384 441 196 407 662 79 746 91 482 350 691 28 310 235 739 448 244 97 475 578 479 101 266 26 566 445 44 341 141 735 363 158 786 225 259 207 616 431 459 673 137 52 592 100 556 416 631 432 234 245 558 18 687 716 54 750 488 238 796 500 122 340 104 347 571 800 148 217 457 327 85 799 47 92 361 55 516 481 90 16 189 11 551 619 587 142 355 23 138 721 99 655 93 401 374 241 701 670 794 525 67 447 139 788 392 268 7 328 617 177 666 665 290 329 58 506 73 210 128 641 240 508 65 185 699 178 599 309
167 381 98 611 798 26 57 488 441 164 157 100 366 615 147 438 504 782 799 363 772 433 497 4 142 95 362 39 308 390 36 769 604 326 215 467 714 456 92 684 590 18 335 93 218 603 201 122 448 418 401 386 506 577 117 540 32 80 56 655 120 113 677 211 47 71 27 681 622 619 74 167 104 518 245 187 732 397 697 494 103 234 407 29 685 289 14 317 37 498 91 636 797 647 15 64 583 341 148 170 264 112 569 591 547 90 489 58 344 43 385 347 510 52 524 566 523 321 23 529 527 672 425 431 11 499 396 700 171 800 695 502 79 389 664 466 688 447 184 644 420 350 701 371 579 409 128 790 528 271 614 365 334 97 423 512 786 346 463 67 699 28 204 303 179 63 717 277
171 531 155 386 692 291 63 46 458 141 144 332 704 572 34 301 205 103 50 677 545 784 659 607 567 366 518 47 344 644 153 143 774 296 170 142 800 123 459 698 247 468 670 90 48 91 502 18 491 121 337 657 28 555 286 735 304 621 396 316 302 100 509 97 598 53 79 425 4 382 179 145 773 633 108 223 684 432 452 754 796 101 213 71 695 240 530 717 407 289 538 35 401 535 720 426 78 492 471 422 104 789 427 782 541 574 495 58 174 168 207 658 462 98 602 92 552 689 67 739 99 12 528 729 11 119 523 37 36 562 484 436 348 513 664 439 39 783 503 627 226 428 683 650 95 408 419 600 244 352 26 93 474 411 208 699 454 134 122 663 319 56 536 228 369 512 589 708 52 641 564 619
167 104 721 462 605 100 36 140 669 142 681 122 715 71 210 124 672 446 736 58 68 96 570 90 89 254 663 283 607 586 731 79 95 166 719 778 786 393 52 744 377 771 151 729 549 449 359 62 204 453 263 624 415 229 469 342 103 3 149 351 18 451 268 478 581 710 305 253 361 75 543 28 588 170 64 47 250 37 589 467 738 91 168 610 93 213 148 4 5 97 742 321 26 174 577 246 236 497 662 387 92 378 282 410 726 476 319 392 782 324 371 264 411 418 220 649 333 43 212 225 154 266 401 426 27 205 125 767 444 436 784 614 322 14 191 512 396 769 177 531 540 368 434 580 365 492 88 702 369 594 67 609 360 601 617 604 159 692 94 302 498 76 602 134 11 635 144 63
161 367 692 471 201 47 779 316 612 76 384 798 28 187 36 589 377 372 155 592 142 586 705 587 721 90 658 507 168 126 404 92 533 72 117 4 635 202 428 258 319 59 435 679 365 623 67 680 787 121 478 149 487 332 218 103 37 95 463 764 58 128 104 537 637 538 304 665 491 288 689 567 337 321 122 190 290 630 782 270 728 625 9 79 687 611 335 135 758 379 310 700 148 415 294 293 244 161 233 259 570 731 71 328 738 248 116 66 710 622 5 11 329 152 376 245 760 534 356 284 89 389 620 755 63 548 761 551 147 715 253 685 230 275 483 18 640 690 26 52 541 423 97 211 174 470 719 313 27 93 735 604 547 299 300 100 324 91 217 578 401 539
166 538 63 617 136 650 227 280 326 341 394 52 197 408 646 498 642 67 787 367 199 191 190 41 28 489 390 144 62 671 791 771 301 188 36 145 26 288 296 42 751 75 56 630 307 536 406 761 641 91 57 65 79 684 727 146 605 303 78 139 383 790 2 103 117 484 358 19 45 625 47 212 533 703 194 37 418 239 229 10 346 578 71 282 232 527 377 733 622 95 623 93 64 795 407 785 360 681 577 612 767 354 131 529 11 128 558 85 18 493 130 104 467 759 694 486 173 766 327 90 441 382 594 737 349 634 363 92 708 514 243 123 556 458 698 422 203 21 323 5 402 237 122 81 142 488 756 638 23 414 80 459 645 70 574 58 100 413 481 270 153 337 163 704 375 745 97
161 65 349 168 379 324 538 738 58 49 6 452 450 549 227 603 487 491 731 285 523 793 619 685 80 723 255 235 147 581 334 530 63 471 157 400 557 97 93 115 39 201 237 30 179 651 429 630 197 71 466 7 698 224 510 233 593 752 456 717 670 320 375 740 222 674 139 432 650 317 148 741 16 342 367 680 628 655 626 79 135 18 409 122 182 292 46 26 314 85 721 769 662 480 578 28 724 104 310 90 37 522 665 652 41 91 575 273 485 288 337 294 78 313 781 36 426 382 799 351 667 92 489 270 488 547 95 199 325 637 119 492 111 742 527 701 11 553 262 335 356 468 156 534 773 214 462 82 142 359 460 103 120 57 405 52 421 144 100 697 67 47
159 231 103 47 774 427 97 705 558 543 161 79 748 248 16 562 750 622 549 428 643 147 260 679 257 799 460 154 375 90 221 205 578 306 52 742 400 313 150 122 392 759 18 235 416 476 216 695 135 31 634 100 394 225 415 58 770 317 2 188 94 376 92 489 373 467 442 422 490 239 63 641 95 212 697 485 247 542 405 745 17 766 300 37 26 446 21 730 333 763 261 579 491 104 424 676 772 741 218 258 272 44 71 440 447 67 11 716 407 48 413 264 383 200 166 380 378 527 499 649 354 199 91 484 289 338 664 694 224 36 702 388 548 537 69 795 530 93 142 575 35 304 341 525 675 99 632 226 560 106 55 709 207 241 202 28 331 409 614 553
156 368 47 266 153 197 370 18 777 16 58 737 279 542 355 89 31 36 171 155 352 104 684 405 763 565 393 500 119 486 714 356 146 249 304 95 560 344 79 222 607 343 215 749 91 37 725 691 82 728 516 449 193 134 316 268 676 663 294 128 339 100 92 301 743 611 333 76 136 29 24 97 93 321 347 598 271 363 630 289 326 692 359 403 96 286 715 71 557 224 192 26 305 509 650 46 769 87 658 122 379 67 176 376 318 70 567 335 11 731 693 471 38 764 501 608 106 409 555 559 32 216 138 52 388 727 63 656 677 515 451 681 670 172 150 272 430 5 90 456 575 103 154 28 175 158 186 40 576 144 142 19 789 49 141 546 673
161 95 687 432 33 76 346 332 140 288 468 93 250 18 142 353 90 765 509 758 213 209 651 60 446 421 122 4 413 115 79 67 323 434 13 206 793 356 47 520 695 123 785 154 143 48 689 781 678 100 26 179 594 437 310 396 391 656 733 779 772 393 505 502 196 465 439 103 183 354 666 217 697 591 148 292 19 728 544 675 519 316 369 278 38 233 668 120 653 8 230 429 63 314 408 108 717 330 763 69 275 92 422 71 342 336 606 189 52 725 425 28 659 426 36 210 447 37 97 796 585 722 402 77 539 800 780 472 237 344 523 58 104 561 584 119 333 365 467 492 513 557 625 280 91 571 448 11 773 194 569 649 304 242 732 610 348 515 516 49 710 177
162 419 113 396 615 193 450 227 425 26 765 92 441 608 685 195 169 507 71 678 759 139 614 293 209 409 31 37 487 476 182 127 589 354 392 757 11 616 63 123 553 588 309 496 79 411 343 597 382 518 322 81 47 270 32 246 336 217 440 377 1 100 576 95 58 250 401 610 75 701 699 516 76 668 108 69 426 142 12 122 324 238 253 16 340 204 569 398 424 490 495 634 236 767 471 724 541 212 85 28 791 242 790 558 93 251 689 104 159 13 728 485 9 642 80 413 361 152 366 511 582 566 489 282 24 131 67 524 620 764 360 789 301 91 288 90 463 36 798 254 188 317 103 432 372 224 97 619 18 60 220 86 751 711 375 43 162 404 500 52 543 470 497
169 508 529 70 201 358 767 568 800 510 608 47 85 79 642 734 173 443 100 45 461 717 97 712 593 614 277 326 134 182 449 248 440 122 170 28 92 523 549 63 196 144 455 219 126 293 238 556 295 797 429 311 271 299 772 680 142 579 57 61 205 59 708 36 522 321 582 782 112 62 779 400 435 183 90 103 672 141 116 392 607 26 534 583 602 294 91 181 649 211 606 463 620 52 246 127 152 305 345 637 540 681 93 316 433 272 647 497 745 166 473 719 501 538 346 587 420 19 724 184 559 17 259 354 71 95 597 301 391 786 4 444 16 232 532 452 664 66 527 770 58 409 23 140 758 722 18 728 318 699 756 37 14 297 104 168 685 676 67 227 101 633 747 88 738 466 69 426 11 10
167 543 99 376 304 773 198 597 358 52 320 285 606 572 488 378 230 534 37 341 63 384 395 369 482 284 4 174 57 137 93 562 707 195 71 580 656 386 791 209 456 273 345 753 104 649 317 536 363 213 738 618 613 47 67 292 26 189 42 744 326 460 778 91 628 448 122 95 305 447 155 245 100 472 13 586 566 87 560 526 371 86 673 787 236 260 486 368 683 157 276 663 529 8 438 79 152 621 103 433 90 643 634 484 592 11 65 382 240 92 795 10 531 457 275 167 27 607 624 128 30 790 535 501 110 390 782 792 176 617 417 269 712 290 445 480 214 789 781 50 303 106 235 716 319 674 28 335 243 131 36 288 644 440 415 451 564 58 485 296 18 97 657 234 722 118 142 646
168 411 634 35 468 114 705 675 677 108 226 242 702 377 26 691 352 330 329 780 306 398 52 232 665 153 651 725 450 199 390 612 550 637 387 476 571 385 519 142 186 58 606 668 688 67 717 518 18 227 56 539 82 730 478 408 392 451 1 100 454 80 430 158 29 755 501 54 460 6 86 449 663 28 130 292 607 190 104 762 756 727 609 79 122 674 595 249 779 687 526 409 239 247 536 632 147 90 382 97 726 561 452 267 64 11 124 757 103 700 487 36 639 356 201 47 406 514 414 640 334 246 146 625 51 598 91 71 279 225 289 697 660 218 531 168 231 710 355 266 474 497 92 340 85 31 37 95 537 185 490 566 60 63 533 575 784 275 635 695 300 567 93 551 799 241 511 65 73
169 333 28 212 767 526 27 67 517 90 523 125 97 349 346 687 316 88 788 749 567 574 726 695 714 192 39 146 87 159 746 111 1 712 24 742 299 557 114 23 10 109 267 269 93 680 11 348 74 501 336 723 92 410 217 276 795 640 699 71 344 170 637 312 587 169 171 606 100 162 580 480 556 546 735 362 645 280 324 26 536 186 371 675 441 762 311 36 79 108 780 56 494 743 356 47 382 768 293 339 425 448 331 123 470 783 129 671 266 118 440 156 245 18 113 70 236 253 638 760 195 506 238 679 559 764 69 201 273 37 329 360 58 104 95 520 314 91 527 52 482 19 296 513 330 122 151 548 12 142 759 535 666 78 327 502 182 426 495 63 325 343 697 131 119 248 155 103 541 194
165 589 93 240 149 6 326 685 598 237 754 540 52 409 103 122 152 496 365 383 104 375 462 357 36 384 81 231 683 432 667 79 337 182 387 563 321 504 74 590 714 127 620 671 485 505 542 364 545 47 597 222 293 246 630 394 469 428 559 25 97 37 490 550 165 66 378 18 130 112 91 140 492 713 28 257 291 162 68 453 524 682 726 673 100 567 407 26 11 296 191 129 447 709 551 481 604 467 341 223 346 67 599 260 729 653 748 355 356 20 200 663 352 390 539 541 58 128 32 41 297 212 553 216 14 264 183 701 764 115 95 676 548 669 402 474 142 106 767 236 90 514 289 702 397 674 315 172 261 468 445 300 102 266 138 429 71 92 249 316 790 63 119 423 224 406
166 728 122 119 161 70 521 127 397 477 424 463 302 487 121 437 43 689 98 420 337 260 510 540 726 100 345 21 79 62 669 47 416 63 785 764 358 93 771 480 363 432 231 660 18 418 739 95 90 506 26 429 756 783 8 78 795 681 395 435 322 433 117 469 729 707 590 508 599 687 567 288 89 441 36 794 55 755 735 649 286 225 626 104 519 651 390 419 128 129 51 555 149 529 328 604 502 388 124 478 67 58 393 52 653 327 244 501 15 655 87 190 621 466 618 492 17 425 500 580 754 280 658 84 293 72 605 436 97 167 28 585 674 91 41 298 103 142 154 11 230 571 791 562 633 61 40 515 299 50 377 279 602 107 71 750 151 272 793 143 611 544 317 92 88 153 37
164 221 37 184 403 533 42 645 79 58 41 11 633 479 214 766 709 233 314 401 329 148 715 291 684 97 289 667 471 190 518 90 222 632 670 142 381 65 496 378 331 177 228 232 407 529 28 791 377 612 160 793 587 691 155 2 534 409 614 609 66 149 740 312 623 396 508 658 537 794 36 91 92 258 249 376 692 777 16 370 178 104 282 122 631 573 481 772 316 565 729 139 161 302 636 391 168 402 674 165 647 26 51 95 208 262 71 591 67 118 54 218 625 103 290 437 438 114 483 93 434 47 648 64 680 661 773 425 169 281 83 182 571 63 492 52 473 721 384 535 504 43 18 491 466 469 557 695 545 499 604 470 293 560 484 100 121 313 99 363 157 301 412 468 423
167 538 104 145 481 47 665 44 618 537 362 51 142 310 55 473 95 467 253 544 655 176 330 381 192 530 71 146 447 233 616 668 486 709 746 571 412 373 203 583 235 774 265 67 319 414 443 403 454 60 364 607 574 554 16 93 667 284 615 539 581 90 547 19 23 408 341 390 532 498 36 706 86 463 256 205 25 725 480 676 321 699 525 318 79 743 208 64 45 484 122 165 52 301 374 471 111 438 28 504 92 767 514 78 214 238 77 34 561 100 96 97 800 716 150 298 588 559 50 144 442 162 18 292 397 383 37 200 63 705 763 11 753 392 534 717 589 91 221 791 58 263 73 795 311 282 3 721 26 641 226 112 103 689 136 654 625 183 371 630 669 106 702 677 232 500 724 130
