64 97
2 63 79 69 42 16 40 42 18 30 8 54 8 24 95 33 9 13 60 99 70 41 89 53 48 96 75 62 63 36 9 93 61 76 17 17 12 93 7 16 3 40 77 25 40 36 30 58 91 70 3 41 70 62 19 49 10 99 22 3 76 89 88 5 20 22 99 2 54 88 58 43 70 46 20 38 34 13 92 34 60 76 34 2 94 29 46 65 8 66 31 29 80 35 11 31 74 
2 85 11 9 17 39 11 82 7 77 93 38 62 22 28 42 79 1 28 66 62 70 43 93 87 19 22 27 1 85 4 80 43 79 79 85 41 97 44 64 47 5 81 13 31 26 10 18 23 4 81 51 30 84 89 94 52 48 44 81 60 82 63 81 1 37 67 33 30 8 66 96 51 42 44 23 85 46 18 30 77 23 82 20 72 46 80 74 9 99 49 76 95 78 50 14 28 
100 83 46 35 48 40 13 30 9 44 75 95 20 29 10 8 19 99 86 80 86 64 15 64 69 7 23 2 9 7 39 37 18 27 55 49 61 32 80 92 43 94 82 45 86 54 78 40 70 91 1 87 59 25 89 27 1 42 72 89 11 83 71 35 28 14 1 78 19 44 80 6 31 98 31 100 78 11 45 98 5 36 92 4 88 82 61 94 54 36 48 41 56 26 19 59 83 
17 63 73 62 81 90 35 4 7 51 67 2 82 83 29 65 96 60 87 67 60 87 59 6 52 14 53 77 92 14 35 49 25 31 30 99 50 77 71 16 66 9 30 89 24 85 46 8 56 44 4 47 51 10 80 80 5 10 70 8 68 45 93 7 48 98 54 96 65 98 99 98 68 82 22 75 61 35 19 44 84 29 68 16 87 67 72 83 68 18 74 50 16 59 52 26 14 
66 32 94 40 1 2 98 59 22 49 92 21 40 50 91 72 3 2 94 32 85 48 5 65 87 99 68 98 25 25 17 9 79 92 94 24 57 88 79 39 48 34 36 68 1 2 59 27 29 43 1 90 81 15 85 4 16 53 24 79 71 23 43 35 88 43 62 73 63 29 23 98 28 6 39 37 37 100 67 47 11 70 85 64 95 73 43 84 3 90 16 63 80 50 18 14 14 
4 36 79 38 22 89 6 68 11 97 97 65 59 51 14 26 7 98 99 94 86 47 54 56 76 6 21 97 71 1 88 25 39 79 65 27 30 90 25 78 100 70 56 88 59 62 29 26 26 88 39 66 11 85 50 28 55 56 95 17 49 36 85 91 57 22 65 29 6 16 33 78 41 54 58 99 45 70 15 38 76 3 100 24 35 22 96 7 13 25 63 1 36 15 55 59 13 
31 77 37 1 44 63 29 11 41 83 86 15 58 14 27 80 23 65 72 39 8 68 24 52 5 74 60 84 46 1 15 35 1 38 34 59 98 34 30 65 56 78 88 72 90 20 100 11 61 92 5 29 8 94 16 83 20 12 67 38 85 74 20 4 28 20 25 52 18 52 26 72 21 33 74 37 82 82 6 15 27 3 40 79 38 21 30 95 62 33 81 5 72 51 41 38 72 
35 42 17 93 43 97 74 30 2 67 32 63 100 65 90 99 59 52 85 27 54 83 55 19 92 91 86 27 60 55 40 25 26 36 81 25 84 66 97 1 78 48 40 47 30 72 40 19 24 10 74 53 81 3 43 79 51 5 76 22 49 9 51 15 42 56 68 72 75 98 40 24 88 20 37 59 12 31 79 61 66 2 66 46 42 57 47 30 8 22 67 42 49 60 29 98 71 
33 31 64 100 28 52 17 34 16 28 80 73 52 5 68 88 75 13 81 33 17 40 56 28 35 43 89 49 39 41 30 33 64 49 91 62 1 88 34 82 19 12 100 27 84 57 75 31 2 23 17 1 68 97 77 14 59 85 45 58 52 63 68 20 28 98 16 55 4 52 26 37 74 17 28 40 22 52 92 4 10 37 96 48 98 47 77 76 31 36 12 66 40 56 66 59 70 
47 23 21 62 57 41 75 81 100 89 65 60 53 54 20 51 23 41 60 70 24 73 88 14 32 36 21 57 19 77 16 86 26 43 25 75 62 31 40 99 44 22 9 74 100 97 62 39 7 92 78 53 42 11 95 97 38 83 89 31 32 54 25 63 98 58 83 82 3 8 48 9 29 46 66 41 46 89 17 4 47 37 29 59 29 41 49 56 12 99 88 25 20 15 91 50 80 
95 98 68 28 20 46 18 60 3 46 85 53 66 72 38 94 48 27 71 87 41 66 58 45 11 28 84 86 10 54 46 90 34 96 84 66 79 23 55 40 76 18 97 99 60 88 58 29 41 70 17 66 25 38 95 82 99 63 19 10 21 89 16 3 35 51 27 52 65 71 76 65 69 98 81 36 71 25 68 58 20 79 94 57 68 20 85 37 87 41 55 85 66 45 75 60 75 
28 68 71 54 14 56 28 66 26 79 27 95 83 63 52 37 94 78 69 81 9 33 13 18 28 88 14 88 7 32 23 12 7 16 81 22 52 31 79 98 93 72 16 97 62 100 72 88 75 80 49 74 38 70 79 50 7 85 45 3 25 18 26 19 92 23 56 78 48 94 1 52 13 19 91 71 1 54 80 25 98 57 93 22 72 50 62 59 17 59 7 55 56 26 21 20 38 
12 80 28 39 29 3 89 48 18 17 46 41 62 95 13 30 36 6 97 50 17 18 63 83 93 3 88 27 100 94 56 54 83 48 14 33 7 87 22 83 5 37 83 26 47 97 94 56 54 38 71 47 76 99 35 49 80 81 78 100 79 23 45 36 9 64 6 38 29 20 15 90 93 75 73 72 94 99 2 16 86 88 84 6 19 18 63 47 19 5 1 73 56 84 25 32 38 
16 42 66 82 62 12 24 70 96 75 27 42 4 11 66 17 93 4 8 61 82 47 24 83 12 65 83 18 43 14 42 21 64 92 65 11 34 42 67 59 47 79 78 88 44 83 86 71 39 3 69 79 27 76 22 51 21 42 34 74 66 14 90 55 85 26 54 20 87 79 77 65 48 8 83 56 16 61 39 79 57 82 77 4 50 80 95 12 92 72 2 92 9 76 79 76 63 
43 54 100 29 49 7 59 68 17 68 89 39 100 42 82 55 7 87 89 42 77 20 62 66 60 30 26 26 32 42 91 96 79 25 71 69 90 61 58 53 60 30 24 97 10 35 23 18 79 61 17 23 97 92 68 62 40 35 27 99 29 55 16 58 30 27 75 74 96 95 18 62 24 68 52 70 46 6 59 45 95 93 89 42 90 65 7 77 17 33 65 35 65 22 44 4 96 
23 41 4 1 16 34 28 93 84 26 99 80 99 81 12 21 16 33 42 83 37 30 17 60 12 5 75 19 27 7 99 41 51 28 52 63 90 78 65 51 84 54 83 64 46 94 72 51 66 100 27 23 34 26 68 100 64 30 82 87 45 72 17 25 77 14 1 49 31 27 32 50 45 67 87 70 94 70 24 84 14 66 30 4 30 26 29 4 81 21 16 45 1 56 49 12 10 
3 31 79 40 1 33 70 43 53 2 82 48 60 12 43 70 96 10 69 54 71 9 38 58 41 33 21 43 10 92 62 94 24 19 53 8 23 81 60 62 93 12 100 96 20 57 26 12 82 23 42 53 73 27 97 32 87 82 56 3 95 92 35 9 96 31 23 9 94 3 66 86 23 65 9 82 16 26 88 21 36 53 67 65 51 15 13 39 71 10 40 33 79 36 88 70 93 
2 85 5 21 4 33 70 6 70 39 1 49 31 57 17 28 13 32 76 34 50 45 83 100 21 46 72 69 24 79 30 16 53 23 77 85 30 74 71 59 98 71 3 34 92 21 51 89 6 9 95 21 87 23 76 38 84 31 46 13 37 66 13 88 42 65 93 42 79 31 17 90 13 70 54 89 46 36 17 37 37 23 50 21 58 6 61 6 94 65 33 37 62 67 11 90 48 
91 9 51 87 82 40 66 76 46 11 6 4 58 73 81 32 72 21 17 75 86 55 48 75 70 98 34 35 40 20 29 83 29 29 16 4 65 72 11 74 97 82 54 91 39 84 56 85 45 7 66 59 88 79 67 80 44 92 79 37 4 72 31 84 24 48 83 92 90 84 38 23 61 94 41 6 99 18 50 80 11 66 63 13 66 50 56 88 9 53 45 23 10 66 16 86 34 
16 65 91 64 50 19 36 36 97 46 33 90 11 49 96 52 68 81 14 77 63 31 39 64 7 23 97 76 43 97 13 1 95 57 19 55 12 49 48 93 89 94 92 97 3 55 77 1 74 32 52 9 13 99 74 56 95 67 71 21 11 38 58 47 42 57 70 2 83 49 95 24 59 80 24 34 1 32 59 75 63 99 29 51 63 24 20 19 17 13 74 57 14 66 4 82 60 
1 87 43 14 26 73 100 15 41 8 18 22 33 6 37 37 11 93 85 82 63 37 68 57 35 6 36 99 62 95 25 79 6 55 77 23 49 71 11 49 20 36 62 46 1 79 30 14 99 66 65 6 96 14 95 83 46 49 34 52 65 40 47 9 24 68 8 100 41 41 28 40 70 13 80 25 41 98 88 100 72 18 5 11 22 97 48 86 68 65 67 91 40 6 2 51 50 
73 1 70 87 61 35 26 50 86 50 83 41 45 18 21 45 65 59 72 6 100 87 75 33 89 79 9 6 57 25 21 84 19 86 61 23 41 69 21 26 51 83 11 20 66 16 54 39 29 38 71 63 27 88 15 41 5 46 30 8 17 68 27 72 40 64 73 80 16 80 2 3 45 91 70 15 64 22 98 50 16 57 22 2 77 44 19 34 74 81 53 82 39 95 60 27 75 
63 6 11 50 33 24 63 51 45 92 25 8 28 7 49 9 30 82 23 78 61 58 67 35 54 44 19 70 58 98 40 16 48 99 95 68 12 37 26 29 91 45 71 25 6 51 13 33 100 71 13 54 28 55 30 36 42 5 36 55 85 39 77 92 77 25 65 57 14 71 23 55 100 1 97 71 80 87 25 59 47 48 88 54 86 17 88 42 18 9 8 29 60 68 6 82 12 
65 48 33 85 80 55 10 12 99 74 98 22 95 78 3 11 11 85 93 21 73 48 24 52 32 64 56 75 21 76 74 11 28 93 5 55 66 98 25 99 85 58 19 16 3 71 61 4 58 32 43 39 39 23 34 18 86 27 32 11 57 39 69 100 69 8 44 34 21 3 41 97 5 71 41 35 30 77 38 98 58 48 73 22 15 32 69 51 86 42 78 94 54 86 10 69 7 
88 50 16 91 26 40 43 76 50 32 61 14 43 85 34 15 42 14 40 56 72 36 86 18 44 9 65 74 54 21 8 97 21 84 43 7 69 89 3 17 62 25 96 77 58 31 50 5 14 90 44 3 78 87 25 36 31 37 85 34 82 71 72 100 57 1 41 20 1 61 46 54 60 75 22 96 82 46 51 7 55 54 97 17 59 19 67 65 48 35 60 38 87 3 81 80 25 
17 49 99 37 42 72 77 59 38 37 66 50 20 42 67 45 20 17 12 99 75 80 1 73 70 80 42 24 77 87 69 92 81 23 4 62 63 14 84 29 63 55 41 7 13 89 71 57 67 99 88 53 7 92 39 38 70 16 21 90 93 78 2 35 96 35 43 39 100 66 73 30 89 74 19 68 67 62 72 55 96 23 99 53 15 35 49 98 60 55 41 21 100 2 20 1 66 
73 79 34 74 94 80 47 24 5 26 58 100 27 93 90 73 85 51 73 8 73 33 34 91 3 80 96 21 11 64 52 51 37 97 23 84 25 79 88 65 76 68 8 80 18 64 39 25 93 6 22 73 98 32 50 43 75 43 100 61 53 80 44 12 15 34 23 6 54 8 20 7 95 42 91 45 34 47 5 9 43 6 55 43 6 90 73 56 75 17 92 34 8 48 91 32 7 
43 58 96 75 17 32 38 21 63 51 17 2 76 77 39 76 88 66 96 90 86 87 3 51 80 37 98 25 22 62 28 29 35 55 87 79 16 71 42 64 1 43 95 88 85 7 29 14 67 55 54 40 70 37 11 35 90 10 61 14 88 20 6 14 41 23 23 26 26 42 64 48 74 28 88 19 82 66 83 66 53 63 17 81 96 23 9 43 65 24 2 20 72 14 72 8 72 
37 26 36 66 41 43 75 59 5 19 23 77 18 4 53 100 74 63 70 85 32 16 39 71 35 49 56 68 23 22 41 33 18 66 69 30 19 16 2 84 51 52 60 16 17 52 13 57 43 50 61 97 49 12 68 28 38 6 28 5 77 50 27 12 26 86 9 8 84 9 65 29 81 99 54 13 8 51 100 88 67 46 76 28 9 77 56 78 69 25 78 18 32 46 92 85 28 
11 80 1 73 48 16 61 84 49 65 22 94 22 48 77 49 29 2 9 77 48 16 15 6 67 49 45 5 90 46 44 96 43 66 73 10 53 60 34 59 37 13 96 64 43 43 95 2 57 54 10 37 24 41 21 30 72 76 92 32 60 83 4 47 28 51 96 74 34 11 22 75 40 91 94 41 25 51 68 77 66 22 33 100 33 69 26 36 90 1 68 76 62 78 3 5 58 
56 41 38 37 35 18 12 16 17 78 27 1 22 6 67 70 53 55 34 32 62 51 86 51 27 53 90 63 18 23 29 35 27 54 34 30 82 69 89 99 12 46 22 37 87 38 72 27 95 88 97 36 90 3 88 30 90 31 49 60 13 41 60 10 81 45 45 43 82 73 63 5 29 99 47 92 26 16 31 8 32 43 70 93 75 76 87 44 26 21 22 8 82 48 5 4 99 
31 51 6 82 52 37 20 18 41 50 55 3 43 29 62 44 41 28 44 56 80 39 24 67 45 65 91 29 94 85 90 92 64 85 71 41 44 16 50 65 12 98 73 62 77 49 79 75 35 65 20 16 16 3 10 49 93 29 89 42 45 24 85 7 67 7 20 73 39 83 11 17 24 88 90 31 92 92 34 37 47 1 21 29 36 47 58 68 98 82 79 21 18 89 13 22 98 
64 31 5 86 27 57 89 56 67 78 18 53 57 72 42 6 17 71 74 12 17 65 93 88 25 60 51 89 85 80 80 51 33 43 9 48 44 62 31 57 80 38 83 8 57 91 99 39 81 55 55 67 90 74 82 66 10 33 98 14 95 4 56 59 41 89 13 11 69 73 86 83 59 97 35 61 7 62 82 16 84 56 52 83 29 5 32 38 48 52 43 9 4 44 92 90 77 
31 21 13 47 51 34 54 59 12 60 31 68 33 32 71 42 15 97 22 28 91 8 10 40 75 19 37 43 41 27 48 21 92 25 79 29 99 19 98 60 97 99 31 4 69 90 77 97 35 70 69 59 75 32 59 45 82 4 83 13 78 69 40 40 57 94 85 40 69 17 42 68 70 73 53 22 9 94 10 46 16 100 28 35 13 66 1 80 48 27 87 25 51 54 43 26 4 
82 31 79 53 4 87 8 35 52 13 67 69 14 82 44 50 65 90 76 6 100 19 85 80 69 73 28 100 86 6 32 76 58 32 19 24 20 69 3 94 22 47 62 82 21 8 37 94 58 33 73 97 60 67 23 77 53 53 82 46 70 78 98 73 7 94 75 1 5 24 59 45 50 7 100 19 82 73 93 63 92 87 95 42 1 67 51 64 22 90 82 16 72 46 87 60 63 
71 100 45 99 96 44 11 19 36 85 68 67 2 41 1 53 69 49 78 10 80 44 67 2 69 37 87 25 33 24 28 43 76 90 94 7 61 83 81 63 27 24 57 75 81 97 49 19 47 52 16 9 70 74 2 100 94 58 9 66 98 20 65 12 36 80 2 63 2 55 34 97 28 33 31 6 74 4 38 44 81 91 80 17 69 67 11 4 57 98 16 21 38 80 84 49 37 
79 33 73 68 34 14 49 7 5 9 24 47 59 100 2 10 63 38 54 44 41 72 86 66 20 16 59 85 96 64 17 13 38 25 35 83 13 26 35 16 4 56 25 30 17 24 80 32 8 39 36 5 68 84 34 53 57 95 9 43 87 73 30 54 46 100 51 35 82 64 15 94 33 47 73 65 95 29 46 29 33 6 47 58 49 12 84 33 85 55 98 48 30 44 15 2 70 
22 87 51 17 95 65 2 41 70 96 54 60 27 19 70 27 12 36 48 40 10 20 75 87 4 21 43 20 39 80 18 15 65 41 97 18 36 81 20 11 93 86 77 9 26 1 10 45 68 49 59 84 100 10 71 51 64 72 41 18 13 85 85 93 51 44 3 43 73 35 48 72 25 40 80 94 31 75 91 56 34 67 6 22 62 70 29 79 1 10 22 67 83 6 73 91 43 
92 42 11 49 88 70 92 89 12 14 22 37 41 75 99 82 70 47 13 39 1 76 36 26 59 6 76 59 31 68 2 86 13 18 24 36 10 25 78 17 27 62 94 5 79 76 55 61 35 4 42 67 81 98 73 64 75 45 36 16 32 11 61 35 35 74 15 39 90 7 46 58 78 49 33 54 86 96 80 98 72 74 84 10 7 61 72 14 82 31 68 54 65 98 77 22 18 
24 3 49 69 26 85 31 83 67 88 100 40 55 69 97 91 85 40 97 60 54 61 88 68 91 16 70 66 9 33 91 86 82 100 26 29 15 59 72 64 12 30 19 38 27 90 11 67 4 33 47 98 53 73 10 53 22 11 55 24 43 50 31 31 1 44 55 76 89 39 62 76 15 20 84 88 74 21 99 39 5 76 76 35 49 84 17 89 24 46 94 69 90 59 45 9 1 
57 83 93 90 2 56 2 45 14 26 19 42 79 1 81 90 41 97 94 28 73 52 28 69 68 33 55 56 33 10 76 10 59 50 47 40 68 26 28 7 19 41 69 65 23 1 32 72 91 80 82 88 64 43 55 60 50 82 12 34 48 49 21 87 55 29 20 16 28 17 37 42 3 86 32 28 50 96 28 63 11 96 25 50 87 59 52 11 87 45 58 35 91 30 62 65 45 
47 79 18 82 88 45 61 59 76 79 38 67 61 5 47 44 2 62 22 12 15 1 64 68 84 55 97 87 33 52 45 48 32 68 94 39 43 32 47 35 23 65 89 20 13 99 8 91 24 81 96 15 67 16 4 1 93 17 34 71 51 44 29 80 72 19 48 79 30 14 15 70 36 28 27 29 83 10 69 76 45 18 87 49 56 11 83 89 95 71 24 16 19 53 25 75 48 
76 3 57 10 67 54 61 50 55 49 24 11 6 23 82 82 61 29 5 29 96 88 57 71 97 21 69 49 62 79 94 39 99 36 70 18 39 52 28 93 46 43 70 53 19 98 13 38 10 72 84 78 85 81 20 32 87 6 87 69 21 69 56 14 64 44 85 39 6 5 50 57 88 13 78 38 45 26 34 85 17 57 58 12 85 88 19 82 16 10 34 16 9 12 35 75 31 
40 15 99 45 9 27 95 79 50 97 77 16 74 97 19 83 44 74 78 7 74 17 90 42 19 77 6 5 28 95 17 41 63 76 4 30 63 20 22 3 100 86 91 93 16 13 33 86 44 21 4 57 7 3 82 73 71 61 29 55 73 29 61 16 36 27 38 34 37 45 47 90 29 39 10 38 58 19 14 27 90 94 63 78 90 88 16 63 23 37 91 70 75 81 25 61 30 
33 95 66 37 9 73 53 86 96 48 45 77 39 42 51 35 62 73 74 69 73 76 17 55 98 43 26 93 90 56 33 10 33 17 28 72 9 64 88 43 70 25 4 89 56 62 88 81 1 97 49 82 54 9 55 95 75 46 99 29 85 94 98 24 7 88 62 53 100 16 7 55 13 39 77 42 42 45 16 89 62 72 75 46 78 55 81 62 9 70 30 17 49 40 78 72 13 
2 67 30 95 50 39 4 84 72 19 59 30 23 25 2 1 88 89 77 22 82 12 26 11 1 57 62 27 93 8 77 41 1 14 89 98 81 22 84 20 11 85 61 8 25 29 54 19 72 89 63 49 55 82 77 6 35 21 71 50 9 35 13 27 73 37 83 100 21 86 44 24 25 33 76 19 38 51 91 88 32 44 92 16 33 9 60 54 11 58 26 11 8 61 74 48 80 
3 72 86 43 33 24 49 93 14 100 68 14 63 54 51 89 23 91 34 68 87 34 22 13 41 5 90 7 1 73 88 96 44 16 31 14 57 44 50 39 16 33 14 97 89 67 33 6 20 89 8 9 34 53 23 5 68 61 26 45 83 77 2 44 24 47 67 62 28 47 88 32 91 11 74 28 32 38 58 59 69 86 98 31 45 51 36 96 13 46 47 63 55 8 90 21 75 
96 52 12 100 99 3 18 55 5 23 74 82 98 29 5 64 18 55 74 31 86 90 69 70 20 43 24 45 5 90 1 25 4 96 82 44 78 38 23 92 24 26 100 75 64 86 71 3 89 55 34 22 64 12 92 77 75 19 56 29 27 79 43 70 43 3 51 44 89 78 83 18 48 39 29 61 73 14 5 12 42 64 40 25 82 11 37 29 74 14 79 35 87 12 76 2 57 
70 28 68 51 82 81 81 25 41 81 41 47 37 60 85 22 71 15 100 87 31 93 57 18 18 46 71 53 83 78 50 26 49 15 32 78 51 73 94 39 69 68 99 94 50 35 81 77 91 76 23 49 59 60 59 43 47 68 93 8 24 40 36 65 79 11 36 92 88 99 35 13 18 67 99 44 58 42 24 91 94 66 82 90 56 44 62 89 6 82 78 26 12 26 85 96 96 
41 28 79 46 8 50 36 73 49 58 79 40 5 38 20 8 25 49 83 89 3 26 32 27 90 44 65 63 17 54 5 90 23 4 5 9 27 81 4 9 10 2 36 49 89 11 19 54 21 81 56 67 68 79 51 97 22 65 38 64 68 65 21 42 44 44 90 8 60 6 13 59 79 81 67 44 9 67 86 40 51 80 25 73 84 45 95 93 2 59 41 48 15 72 71 23 9 
8 76 11 92 31 99 79 43 85 84 26 54 90 47 1 6 31 21 96 41 84 16 86 80 96 62 82 3 62 21 63 60 41 57 63 18 98 29 52 50 60 11 3 27 68 39 26 71 71 34 99 38 17 2 33 6 26 36 47 23 18 73 46 28 69 47 80 42 46 12 46 81 65 31 22 72 53 29 98 92 82 2 87 88 66 13 85 52 51 89 94 43 94 64 85 73 34 
44 54 85 46 93 27 71 7 14 40 49 94 59 22 79 65 86 40 81 20 8 83 56 18 63 84 79 73 38 12 88 90 37 15 5 36 81 44 56 44 42 52 95 41 71 61 36 1 65 41 52 100 21 91 48 95 91 81 56 71 71 86 88 15 97 6 81 19 27 76 65 15 60 63 57 44 46 68 25 21 41 83 81 88 18 32 55 26 57 60 77 68 43 56 85 60 86 
37 62 63 86 88 53 8 91 48 59 49 32 87 8 36 96 1 25 74 36 51 98 43 28 2 91 44 73 61 20 64 14 96 14 36 77 75 72 27 53 28 74 70 81 21 72 44 8 36 87 4 51 51 24 22 98 94 89 47 82 30 59 81 14 45 76 6 93 15 2 92 76 27 17 17 49 58 66 88 31 35 15 96 70 93 13 91 73 1 11 53 26 86 37 78 6 85 
36 1 98 48 84 3 13 12 48 4 27 19 1 96 46 19 34 32 11 60 33 26 86 58 37 74 65 38 7 7 62 90 59 58 88 72 21 80 72 88 72 6 13 40 81 40 84 20 14 58 20 29 21 87 17 10 64 19 63 22 91 68 73 80 20 67 99 4 9 87 45 70 71 31 1 21 74 48 31 73 6 21 86 31 36 14 70 72 63 30 19 97 36 9 85 43 8 
29 2 59 9 41 44 47 76 22 27 80 9 92 57 55 99 65 97 23 34 96 32 37 50 81 70 80 19 62 60 10 53 37 38 2 72 72 100 78 56 85 97 32 41 60 23 85 35 2 80 53 36 7 80 5 54 10 89 10 74 7 19 85 1 49 19 28 83 94 66 68 97 27 86 43 23 24 69 20 61 8 97 88 17 33 10 79 50 59 49 20 35 40 98 81 40 27 
25 51 80 69 14 92 94 84 1 42 66 72 63 59 74 91 14 61 85 44 2 76 54 62 33 97 30 6 88 18 36 29 40 11 73 7 36 35 56 97 91 44 78 73 88 11 76 27 100 87 45 94 24 15 63 25 88 86 46 31 99 23 35 77 83 73 26 70 76 21 65 96 40 57 27 77 46 87 54 88 59 43 24 81 32 57 84 83 97 59 31 92 29 29 93 62 12 
93 97 32 97 81 87 54 68 47 46 54 63 76 69 79 35 64 14 59 33 5 69 67 17 7 65 14 95 43 44 72 21 14 80 52 52 88 30 3 30 67 90 50 80 6 27 6 35 39 36 59 20 68 51 83 72 14 53 3 33 82 34 27 39 41 22 37 45 21 13 44 88 100 15 99 28 12 15 38 12 16 5 29 9 62 69 26 58 57 30 17 99 1 54 14 97 97 
4 9 32 33 100 75 36 80 2 79 57 71 61 12 15 34 61 65 32 78 11 28 39 100 56 27 68 97 5 51 33 3 97 7 57 87 99 26 75 35 94 24 69 66 74 94 29 90 76 15 77 13 9 53 46 66 23 52 6 42 69 89 53 99 69 51 84 16 67 59 73 50 27 77 22 22 5 54 49 35 83 7 83 6 72 97 20 68 16 98 27 11 37 13 98 16 52 
77 28 96 67 40 1 33 1 98 22 2 86 55 34 14 41 17 43 70 55 88 33 10 15 48 32 89 78 69 80 42 3 5 94 42 43 60 37 51 45 31 98 79 94 96 79 94 7 5 5 24 91 55 97 87 94 6 44 71 74 6 15 26 73 68 2 78 83 46 91 61 78 67 33 33 80 43 85 68 64 47 33 29 22 20 56 83 23 52 5 54 52 4 87 4 11 80 
32 69 88 92 44 74 21 16 97 83 44 23 88 83 88 67 47 85 6 12 93 75 33 54 9 13 48 76 51 35 91 10 75 19 70 21 48 63 49 2 8 58 94 32 96 80 19 38 86 67 75 20 29 63 49 24 74 29 79 64 32 8 51 39 85 8 15 57 59 24 2 27 75 89 55 98 85 23 26 14 76 91 75 34 20 70 25 62 30 90 4 82 90 62 91 93 92 
50 61 56 64 8 48 48 94 21 90 13 98 99 72 68 27 46 96 76 58 77 43 44 33 91 95 4 57 30 33 54 21 44 51 38 60 91 84 1 45 1 12 69 53 53 45 21 4 96 6 32 39 55 47 35 25 100 5 4 65 72 35 16 80 20 77 27 43 75 1 74 95 54 76 26 68 52 98 72 94 44 83 24 95 1 8 41 64 30 93 56 85 31 13 89 96 55 
40 71 81 49 83 100 98 43 82 4 32 25 46 8 67 71 53 71 93 35 26 92 68 97 31 2 59 48 9 31 83 96 19 27 78 95 79 29 60 5 10 27 68 19 29 95 13 25 51 56 74 32 29 94 99 92 72 77 61 50 65 52 11 63 75 73 38 53 96 95 42 52 49 16 74 11 83 16 45 1 58 97 10 61 6 5 46 48 79 21 72 89 13 75 65 58 74 
30 72 19 38 12 23 3 34 25 12 97 41 35 91 31 33 41 13 45 40 31 80 37 24 34 7 79 15 4 85 78 34 11 25 12 70 46 5 51 45 72 51 32 95 99 71 56 44 72 98 33 11 94 31 38 59 88 20 50 61 31 35 6 79 30 81 8 51 8 38 63 75 75 63 97 31 6 53 92 8 2 83 100 91 65 9 39 17 47 33 94 2 56 90 24 79 1 
92 12 69 93 96 12 91 52 52 27 67 99 60 58 51 11 86 7 85 95 79 1 37 47 4 60 19 67 88 56 84 2 14 80 73 15 37 13 73 85 97 83 10 7 38 19 43 43 100 41 21 90 29 92 8 20 63 20 18 100 79 71 54 79 70 95 6 97 6 23 50 56 12 48 68 4 13 42 68 11 17 83 89 97 63 55 92 94 6 37 37 3 36 9 27 7 25 
62 13 64 47
