67 65
93 149 165 228 294 377 431 481 520 535 561 592 596 649 730 732 794 890 892 905 948 1020 1105 1128 1225 1308 1369 1383 1450 1504 1539 1631 1635 1682 1689 1781 1827 1913 1928 1993 2027 2044 2118 2189 2260 2292 2366 2372 2460 2560 2601 2696 2698 2792 2892 2899 2971 3050 3096 3103 3104 3152 3195 3269 3324 
148 224 265 365 487 664 722 784 920 992 1025 1070 1108 1237 1322 1395 1475 1585 1615 1691 1788 1910 2047 2153 2328 2441 2527 2567 2695 2813 2929 3085 3145 3282 3302 3476 3537 3704 3779 3897 3943 3968 4055 4178 4309 4355 4465 4550 4678 4878 4975 5148 5201 5354 5495 5578 5750 5866 5996 6023 6046 6176 6247 6402 6551 
194 334 385 526 685 934 1061 1173 1388 1508 1628 1767 1830 1981 2142 2278 2365 2567 2644 2758 2881 3101 3267 3377 3637 3779 3943 4026 4170 4328 4496 4732 4832 4987 5102 5304 5366 5622 5702 5891 5986 6084 6241 6408 6555 6696 6900 7072 7264 7531 7650 7846 7954 8139 8297 8400 8651 8798 9000 9046 9131 9348 9447 9701 9892 
202 372 516 704 900 1216 1350 1548 1834 2023 2241 2452 2545 2794 2998 3225 3326 3531 3638 3784 3997 4233 4409 4537 4888 5060 5264 5372 5601 5844 6083 6342 6503 6713 6867 7128 7212 7500 7669 7873 7994 8156 8384 8599 8761 8916 9125 9396 9611 9885 10042 10312 10520 10706 10874 10997 11252 11455 11665 11728 11905 12124 12243 12534 12726 
296 554 796 1012 1249 1651 1873 2149 2522 2803 3030 3324 3488 3784 4045 4356 4517 4771 4890 5039 5298 5560 5769 5987 6412 6632 6921 7111 7397 7710 8046 8318 8499 8723 8973 9251 9435 9730 9975 10211 10418 10593 10915 11139 11331 11500 11765 12113 12375 12726 12963 13314 13544 13795 14021 14181 14524 14731 14999 15132 15370 15605 15766 16065 16276 
310 624 961 1192 1454 1936 2177 2475 2854 3216 3461 3804 3986 4295 4568 4940 5164 5440 5592 5810 6071 6388 6655 6892 7325 7644 7950 8195 8540 8885 9315 9648 9865 10184 10448 10814 11085 11431 11743 12020 12254 12452 12814 13092 13362 13567 13891 14319 14612 15018 15351 15726 16042 16300 16618 16779 17197 17453 17782 17928 18201 18457 18658 18989 19248 
374 724 1154 1393 1693 2240 2549 2934 3359 3742 4055 4478 4680 5043 5414 5846 6141 6473 6646 6897 7181 7506 7792 8108 8597 9004 9318 9643 10071 10457 10889 11259 11536 11890 12215 12620 12900 13306 13634 13994 14246 14496 14872 15232 15524 15784 16166 16674 17000 17450 17880 18286 18668 18930 19258 19461 19886 20168 20509 20693 21052 21365 21584 21928 22205 
472 917 1384 1714 2079 2665 3073 3504 3963 4360 4682 5190 5476 5922 6302 6816 7211 7627 7835 8179 8501 8914 9205 9583 10086 10558 10925 11337 11806 12240 12738 13187 13486 13869 14252 14725 15023 15476 15875 16250 16580 16885 17286 17692 18044 18351 18785 19322 19693 20194 20631 21120 21532 21845 22241 22502 22999 23349 23762 23979 24378 24762 24994 25433 25792 
534 1009 1558 1909 2368 3009 3494 3933 4449 4876 5230 5766 6093 6604 7047 7571 8026 8483 8696 9134 9502 9993 10355 10761 11323 11843 12276 12718 13208 13664 14183 14730 15087 15554 15967 16441 16761 17308 17738 18173 18575 18971 19464 19897 20318 20717 21226 21834 22282 22853 23344 23841 24257 24643 25123 25475 25976 26359 26815 27047 27455 27915 28237 28679 29119 
624 1170 1770 2203 2680 3366 3934 4389 4987 5451 5898 6517 6872 7453 7977 8565 9082 9623 9911 10352 10727 11240 11650 12093 12706 13248 13709 14246 14821 15350 15872 16446 16885 17434 17869 18388 18717 19364 19826 20302 20717 21209 21756 22244 22692 23146 23726 24353 24825 25428 25947 26514 26987 27390 27897 28341 28939 29333 29885 30176 30659 31202 31612 32078 32519 
694 1298 1995 2464 2953 3719 4314 4862 5485 5952 6468 7142 7577 8179 8704 9390 9939 10542 10847 11339 11754 12339 12849 13361 14020 14570 15125 15685 16331 16886 17441 18074 18574 19127 19599 20205 20542 21195 21748 22298 22752 23335 23975 24532 25046 25584 26233 26954 27470 28102 28721 29360 29868 30275 30839 31380 32028 32501 33091 33447 33964 34599 35021 35555 36035 
721 1342 2044 2534 3093 3902 4500 5055 5745 6256 6816 7537 7999 8618 9172 9870 10468 11166 11525 12076 12578 13189 13753 14304 14984 15586 16226 16789 17477 18118 18716 19431 20022 20576 21132 21761 22174 22891 23450 24088 24611 25278 25996 26612 27220 27794 28530 29257 29840 30530 31200 31843 32382 32794 33402 33997 34651 35200 35812 36255 36780 37431 37926 38515 39051 
726 1385 2183 2714 3340 4154 4823 5418 6138 6734 7375 8137 8649 9356 9967 10719 11378 12116 12480 13089 13676 14297 14952 15506 16217 16888 17598 18200 18976 19695 20341 21099 21716 22274 22925 23578 24017 24795 25449 26128 26698 27400 28184 28869 29524 30121 30940 31714 32357 33128 33801 34511 35144 35622 36267 36937 37678 38229 38848 39345 39962 40699 41239 41895 42505 
760 1501 2396 2978 3610 4485 5220 5824 6558 7160 7826 8603 9168 9904 10588 11399 12112 12931 13298 13963 14644 15338 16003 16623 17391 18157 18892 19508 20309 21110 21792 22596 23248 23832 24528 25265 25743 26545 27269 28030 28699 29437 30319 31046 31711 32366 33209 34026 34695 35562 36323 37096 37740 38248 38990 39662 40417 41005 41653 42194 42838 43629 44228 44934 45581 
798 1634 2628 3308 3942 4818 5625 6278 7108 7801 8479 9282 9909 10697 11459 12357 13114 14021 14428 15166 15884 16657 17403 18072 18886 19709 20509 21152 22002 22902 23667 24521 25240 25843 26574 27400 27906 28747 29512 30355 31092 31846 32742 33474 34166 34859 35788 36612 37377 38263 39029 39874 40595 41203 41947 42700 43461 44094 44802 45405 46057 46933 47615 48332 49051 
867 1798 2813 3561 4216 5188 6091 6785 7712 8467 9164 9985 10669 11518 12295 13257 14114 15036 15446 16207 16954 17776 18613 19358 20245 21151 22027 22705 23594 24502 25271 26211 26972 27628 28369 29269 29790 30692 31469 32390 33134 33961 34936 35706 36443 37225 38177 39002 39802 40779 41608 42528 43345 44038 44825 45602 46397 47043 47764 48420 49151 50091 50778 51507 52304 
879 1814 2882 3645 4308 5318 6269 7020 8043 8828 9594 10482 11198 12145 13021 14051 14991 16002 16432 17257 18096 18971 19831 20675 21596 22586 23473 24167 25097 26074 26910 27877 28642 29352 30135 31082 31695 32599 33474 34470 35291 36206 37204 38024 38765 39573 40550 41403 42216 43208 44039 45041 45923 46641 47449 48307 49160 49817 50618 51301 52074 53027 53749 54501 55331 
897 1897 2991 3805 4515 5535 6516 7365 8429 9215 9995 10915 11676 12643 13533 14622 15611 16717 17183 18024 18877 19825 20760 21701 22702 23785 24715 25496 26459 27515 28356 29386 30205 30984 31768 32752 33375 34323 35203 36268 37130 38076 39081 39997 40786 41626 42677 43605 44487 45535 46435 47510 48457 49183 50040 50929 51794 52520 53349 54075 54865 55918 56733 57580 58433 
991 2069 3215 4105 4848 5928 6913 7777 8933 9729 10528 11463 12240 13208 14106 15284 16345 17537 18047 18962 19844 20847 21851 22795 23849 24975 25969 26751 27719 28795 29695 30750 31606 32413 33210 34244 34884 35900 36790 37879 38766 39738 40790 41715 42604 43509 44597 45583 46514 47579 48569 49733 50693 51505 52451 53356 54234 55030 55940 56679 57516 58630 59529 60435 61306 
1003 2169 3342 4307 5093 6236 7289 8214 9458 10289 11140 12132 12990 14002 14996 16261 17418 18659 19251 20178 21141 22240 23261 24213 25327 26531 27621 28484 29489 30599 31566 32701 33581 34445 35292 36422 37110 38165 39134 40244 41190 42253 43383 44403 45302 46279 47394 48423 49429 50540 51602 52815 53799 54646 55668 56628 57592 58440 59365 60176 61059 62211 63197 64163 65085 
1088 2340 3556 4609 5404 6644 7782 8802 10118 11029 11881 12895 13786 14841 15932 17269 18512 19822 20470 21473 22512 23709 24791 25797 26960 28186 29367 30264 31355 32497 33546 34722 35688 36572 37436 38647 39350 40434 41455 42577 43603 44668 45862 46982 47884 48932 50099 51130 52159 53305 54409 55634 56643 57517 58562 59549 60579 61480 62456 63356 64279 65445 66460 67497 68473 
1112 2426 3732 4814 5694 6984 8181 9237 10629 11591 12484 13556 14528 15620 16713 18145 19407 20736 21464 22487 23533 24794 25877 26930 28161 29391 30613 31569 32745 33896 34957 36168 37224 38201 39153 40381 41095 42276 43340 44538 45581 46649 47922 49112 50085 51136 52312 53395 54512 55665 56850 58106 59168 60103 61245 62253 63357 64335 65351 66313 67300 68517 69628 70720 71758 
1182 2589 3947 5089 6067 7421 8703 9858 11350 12349 13257 14343 15410 16590 17747 19275 20637 21984 22805 23915 25046 26369 27546 28603 29837 31072 32337 33369 34556 35759 36877 38091 39205 40217 41171 42482 43283 44519 45680 46954 48058 49198 50537 51812 52797 53943 55133 56269 57455 58687 59913 61228 62319 63298 64499 65581 66710 67729 68834 69809 70896 72180 73355 74514 75581 
1240 2746 4110 5304 6321 7705 9080 10249 11835 12891 13897 15026 16177 17390 18631 20247 21670 23058 23909 25064 26275 27623 28888 30001 31258 32581 33885 34972 36252 37473 38679 39987 41114 42138 43143 44459 45264 46578 47817 49155 50313 51546 52916 54263 55317 56534 57761 58938 60163 61487 62741 64096 65192 66218 67453 68623 69763 70874 72065 73075 74236 75562 76796 77965 79128 
1311 2869 4318 5611 6687 8085 9547 10796 12461 13586 14594 15816 17058 18351 19677 21326 22775 24179 25109 26279 27518 28890 30171 31290 32632 34045 35374 36480 37800 39044 40318 41645 42846 43909 44930 46277 47182 48503 49840 51195 52366 53667 55134 56542 57669 58919 60198 61450 62682 64102 65441 66895 68017 69060 70371 71563 72790 73959 75182 76219 77412 78748 80019 81223 82469 
1391 3000 4489 5862 6981 8401 9943 11289 12970 14138 15182 16449 17758 19096 20496 22208 23695 25170 26176 27354 28659 30112 31411 32544 33949 35383 36775 37935 39257 40562 41911 43334 44552 45649 46761 48137 49073 50485 51891 53276 54456 55806 57287 58746 59952 61215 62579 63921 65168 66665 68062 69610 70803 71929 73303 74541 75853 77070 78343 79474 80703 82126 83448 84724 86026 
1419 3071 4582 5990 7185 8630 10215 11603 13370 14621 15748 17061 18409 19756 21205 22988 24501 26066 27156 28354 29732 31256 32622 33795 35260 36702 38110 39306 40668 42056 43475 44909 46217 47402 48597 50007 51032 52447 53855 55256 56480 57890 59457 60949 62239 63554 64948 66343 67596 69163 70590 72162 73439 74602 76065 77315 78721 79987 81264 82473 83717 85212 86618 87922 89259 
1425 3165 4710 6169 7399 8878 10498 11889 13744 15041 16263 17628 18984 20425 21885 23762 25340 26933 28032 29253 30660 32209 33631 34813 36296 37829 39259 40540 41931 43392 44903 46437 47823 49101 50381 51881 52967 54385 55796 57269 58568 60050 61620 63126 64425 65806 67263 68712 70065 71726 73210 74821 76198 77378 78902 80178 81634 82923 84219 85457 86712 88232 89728 91113 92493 
1463 3235 4853 6386 7617 9128 10763 12208 14084 15397 16674 18136 19524 21031 22536 24510 26180 27810 28961 30255 31741 33381 34887 36146 37695 39230 40692 41990 43445 44954 46494 48030 49427 50740 52061 53630 54804 56287 57749 59310 60704 62265 63897 65469 66818 68279 69816 71268 72687 74349 75890 77589 78983 80173 81717 83053 84571 85923 87272 88569 89834 91414 92930 94332 95793 
1537 3386 5099 6656 7906 9510 11147 12608 14540 15952 17313 18781 20202 21739 23338 25392 27086 28807 30020 31323 32859 34553 36145 37413 39036 40664 42155 43504 45014 46546 48133 49671 51084 52403 53727 55329 56517 58008 59516 61127 62556 64189 65914 67508 68913 70466 72014 73509 74996 76723 78322 80114 81522 82713 84260 85609 87190 88570 90015 91351 92617 94291 95884 97293 98837 
1593 3539 5323 6950 8257 9895 11583 13127 15150 16617 18059 19614 21089 22643 24323 26456 28178 29979 31267 32581 34150 35936 37532 38845 40473 42140 43658 45009 46567 48152 49788 51407 52886 54258 55609 57290 58501 60033 61559 63264 64701 66403 68130 69784 71244 72873 74457 76042 77600 79340 81001 82811 84231 85478 87046 88484 90110 91573 93115 94512 95836 97528 99179 100659 102215 
1657 3658 5478 7184 8563 10235 11933 13525 15600 17070 18532 20186 21670 23322 25023 27251 28992 30883 32215 33584 35248 37122 38765 40125 41815 43516 45094 46465 48031 49700 51401 53035 54611 56027 57385 59091 60324 61953 63543 65295 66827 68628 70366 72064 73591 75293 76957 78545 80144 81947 83684 85571 86997 88320 89915 91365 93085 94567 96182 97632 99011 100761 102474 103989 105609 
1668 3727 5595 7320 8753 10496 12270 13928 16073 17555 19020 20736 22303 24045 25790 28114 29936 31860 33232 34612 36319 38282 39944 41375 43163 44917 46496 47919 49544 51229 53001 54693 56343 57785 59204 60926 62160 63858 65531 67333 68929 70807 72564 74297 75858 77592 79294 80896 82507 84344 86085 88069 89587 90991 92671 94148 95921 97419 99035 100572 102000 103783 105560 107121 108792 
1755 3913 5808 7615 9129 10898 12741 14492 16693 18261 19747 21540 23113 24899 26682 29030 30892 32834 34247 35702 37443 39444 41154 42647 44488 46251 47872 49334 51029 52776 54560 56276 57974 59475 60961 62744 64028 65756 67494 69365 71003 72905 74710 76491 78148 79949 81672 83355 85013 86904 88698 90742 92329 93774 95480 96960 98755 100261 101936 103562 105065 106868 108658 110294 111992 
1843 4070 5975 7787 9303 11158 13038 14884 17131 18776 20293 22096 23715 25526 27324 29759 31628 33670 35183 36664 38439 40471 42232 43810 45658 47434 49062 50603 52300 54099 55902 57656 59385 60957 62501 64314 65614 67401 69210 71091 72816 74776 76607 78424 80147 82012 83758 85501 87224 89161 91048 93189 94843 96337 98093 99612 101440 102983 104743 106469 107981 109797 111687 113357 115074 
1907 4177 6174 8010 9582 11517 13486 15405 17694 19388 20926 22811 24452 26362 28197 30674 32563 34625 36231 37737 39551 41591 43372 45025 46931 48770 50474 52036 53753 55582 57424 59219 60988 62582 64175 66039 67400 69260 71135 73069 74828 76852 78713 80625 82413 84350 86123 87933 89661 91612 93547 95727 97391 98982 100770 102301 104229 105801 107593 109340 110898 112735 114669 116352 118117 
1943 4288 6314 8185 9845 11862 13865 15824 18164 19937 21515 23439 25083 27067 28905 31399 33341 35483 37100 38615 40486 42540 44402 46102 48063 49914 51652 53288 55022 56898 58810 60608 62412 64105 65763 67680 69072 70945 72901 74894 76727 78759 80718 82694 84564 86527 88332 90143 91906 93951 95935 98183 99907 101545 103339 104950 106907 108527 110378 112190 113838 115753 117728 119420 121246 
2012 4361 6418 8293 9956 12022 14108 16077 18458 20284 21936 23931 25674 27684 29614 32142 34098 36278 37986 39543 41490 43582 45514 47234 49250 51138 52934 54654 56430 58351 60334 62228 64053 65747 67471 69469 70928 72817 74774 76820 78738 80870 82876 84909 86859 88840 90703 92562 94344 96391 98442 100697 102503 104159 106042 107663 109627 111295 113215 115030 116753 118759 120786 122520 124352 
2097 4479 6565 8499 10180 12310 14440 16450 18903 20736 22420 24510 26349 28419 30432 33035 35031 37234 38997 40578 42602 44760 46729 48539 50566 52516 54367 56140 57994 59923 61955 63919 65799 67577 69348 71379 72922 74891 76892 78995 80925 83109 85130 87197 89150 91184 93112 95067 96873 98955 101028 103372 105182 106898 108828 110466 112520 114230 116195 118097 119919 121985 124063 125800 127656 
2144 4531 6663 8659 10398 12587 14754 16797 19282 21143 22921 25055 26915 28986 31054 33725 35745 38021 39852 41479 43526 45758 47811 49707 51830 53787 55696 57471 59416 61440 63494 65498 67413 69257 71121 73215 74855 76903 78909 81071 83003 85245 87308 89385 91347 93460 95464 97509 99400 101520 103619 106003 107885 109665 111633 113346 115484 117272 119256 121180 123075 125186 127355 129186 131141 
2174 4601 6817 8838 10584 12842 15062 17136 19678 21619 23451 25609 27508 29614 31700 34434 36473 38812 40689 42398 44492 46777 48838 50785 52935 54947 56948 58737 60695 62784 64921 66997 68973 70902 72846 74943 76649 78721 80810 83006 84979 87235 89346 91457 93452 95660 97685 99738 101671 103838 105952 108425 110309 112104 114082 115875 118034 119847 121862 123797 125787 127984 130199 132091 134065 
2176 4703 6997 9044 10845 13201 15488 17624 20219 22187 24054 26245 28186 30366 32542 35313 37402 39797 41704 43470 45565 47895 49959 51929 54135 56195 58287 60143 62145 64330 66557 68701 70738 72746 74788 76923 78659 80777 82900 85128 87110 89409 91572 93770 95807 98041 100150 102302 104314 106581 108723 111215 113138 114949 116956 118784 120986 122809 124867 126859 128901 131182 133420 135313 137361 
2190 4756 7120 9204 11027 13467 15790 17956 20628 22632 24566 26777 28787 30978 33173 35959 38088 40522 42447 44289 46423 48798 50914 52971 55223 57332 59497 61431 63440 65630 67901 70100 72226 74304 76384 78602 80361 82555 84730 86994 89045 91348 93596 95878 97945 100185 102353 104543 106642 108924 111091 113633 115587 117481 119526 121414 123683 125529 127659 129725 131795 134167 136459 138439 140566 
2244 4852 7250 9358 11227 13692 16093 18301 21035 23049 25080 27309 29396 31661 33956 36756 38918 41416 43356 45254 47439 49834 52048 54155 56476 58613 60821 62815 64905 67187 69479 71763 73941 76081 78261 80553 82391 84653 86845 89194 91293 93616 95904 98194 100278 102542 104799 107037 109236 111594 113773 116360 118388 120310 122368 124279 126570 128510 130654 132735 134861 137277 139583 141593 143803 
2274 4968 7391 9533 11493 14003 16441 18743 21557 23657 25741 27994 30110 32404 34741 37558 39767 42266 44249 46162 48400 50811 53098 55283 57615 59783 62043 64040 66198 68538 70925 73304 75572 77756 79944 82319 84225 86549 88840 91247 93349 95689 98058 100429 102558 104901 107198 109482 111727 114183 116391 119065 121180 123159 125298 127302 129690 131688 133864 136035 138211 140644 143001 145111 147392 
2355 5073 7539 9690 11750 14355 16891 19240 22100 24259 26416 28761 30949 33316 35666 38512 40755 43350 45378 47314 49606 52095 54402 56609 58988 61182 63508 65549 67793 70196 72618 75080 77407 79675 81872 84335 86271 88599 90984 93449 95583 97982 100357 102750 104919 107264 109631 111944 114256 116752 119049 121738 123880 125920 128064 130105 132563 134608 136870 139042 141256 143703 146127 148288 150593 
2427 5198 7740 9949 12076 14705 17336 19742 22700 24950 27195 29627 31821 34215 36661 39542 41849 44475 46523 48465 50834 53382 55730 58019 60444 62724 65122 67205 69499 71958 74432 76971 79344 81640 83850 86375 88386 90808 93259 95779 97945 100364 102779 105256 107483 109926 112357 114701 117061 119653 122008 124779 126956 129011 131207 133312 135786 137846 140151 142363 144613 147087 149588 151787 154164 
2488 5261 7822 10116 12314 14969 17679 20141 23129 25406 27696 30181 32458 34899 37380 40270 42628 45272 47406 49415 51823 54404 56796 59174 61694 64035 66509 68690 71079 73567 76120 78713 81146 83455 85713 88242 90337 92808 95264 97791 100025 102542 105037 107594 109901 112387 114864 117283 119719 122361 124803 127634 129901 132020 134290 136435 138942 141044 143381 145645 147967 150507 153035 155307 157729 
2569 5409 8003 10353 12609 15357 18164 20720 23775 26090 28463 31031 33407 35934 38428 41414 43812 46513 48674 50772 53257 55896 58338 60758 63376 65775 68286 70534 73014 75529 78131 80769 83244 85651 87940 90508 92624 95149 97682 100254 102536 105092 107680 110317 112698 115241 117814 120247 122721 125431 127876 130726 133041 135243 137587 139780 142296 144405 146824 149135 151480 154099 156704 159011 161526 
2604 5523 8194 10570 12915 15734 18577 21153 24246 26567 28993 31611 34075 36674 39210 42290 44751 47537 49786 51889 54468 57148 59680 62120 64778 67220 69739 72019 74534 77074 79712 82418 84965 87389 89725 92366 94569 97106 99666 102296 104671 107263 109863 112550 114954 117561 120143 122599 125165 127895 130344 133286 135688 137976 140405 142639 145233 147405 149866 152246 154658 157280 159963 162334 164854 
2644 5615 8300 10726 13147 15989 18840 21450 24599 27016 29460 32171 34735 37416 39956 43105 45587 48437 50751 52900 55501 58204 60817 63345 66013 68525 71078 73425 76033 78645 81360 84106 86722 89167 91553 94232 96509 99121 101758 104478 106950 109548 112158 114897 117318 119970 122603 125106 127756 130585 133103 136084 138551 140885 143398 145668 148307 150550 153018 155444 157907 160600 163355 165805 168372 
2688 5754 8472 10993 13457 16308 19224 21915 25132 27583 30097 32835 35421 38177 40735 43916 46428 49300 51667 53890 56529 59287 61924 64468 67158 69726 72348 74705 77354 79973 82720 85545 88241 90764 93215 95928 98272 100892 103591 106363 108844 111488 114102 116854 119297 122005 124643 127191 129916 132778 135330 138324 140884 143286 145825 148125 150822 153158 155646 158145 160633 163370 166166 168636 171277 
2704 5789 8535 11120 13598 16504 19499 22200 25467 27952 30566 33328 35980 38810 41464 44657 47192 50104 52494 54734 57402 60243 62900 65523 68260 70899 73574 76010 78700 81405 84207 87068 89831 92421 94956 97766 100209 102851 105572 108429 110977 113645 116314 119091 121619 124414 127097 129730 132481 135399 138035 141059 143627 146035 148647 150960 153685 156067 158625 161128 163708 166498 169385 171892 174546 
2705 5845 8598 11282 13804 16774 19778 22510 25798 28334 31044 33823 36524 39397 42143 45400 47948 50875 53291 55606 58355 61230 63900 66588 69413 72135 74821 77276 79995 82758 85569 88475 91271 93894 96474 99302 101814 104470 107241 110193 112808 115576 118298 121146 123770 126600 129314 131983 134803 137734 140417 143474 146132 148547 151221 153569 156388 158863 161509 164056 166705 169572 172475 174988 177668 
2718 5897 8674 11411 13968 16943 20007 22755 26068 28664 31459 34310 37032 39934 42773 46060 48654 51625 54123 56460 59228 62175 64905 67641 70541 73266 76010 78467 81280 84054 86919 89923 92755 95411 98009 100889 103453 106142 108921 111918 114619 117445 120263 123131 125811 128644 131427 134121 137030 139979 142683 145809 148485 150916 153672 156074 158903 161383 164074 166709 169403 172316 175315 177915 180608 
2766 6043 8877 11654 14297 17277 20359 23127 26470 29075 31960 34867 37625 40570 43475 46788 49422 52477 55034 57421 60250 63288 66118 68876 71825 74611 77418 79964 82808 85602 88549 91554 94397 97150 99813 102733 105378 108097 110926 113958 116731 119615 122497 125391 128075 130955 133791 136499 139474 142493 145253 148455 151166 153622 156408 158816 161649 164151 166868 169514 172216 175163 178256 180947 183706 
2778 6131 9009 11879 14568 17627 20759 23588 26944 29612 32559 35542 38393 41380 44302 47707 50416 53530 56110 58560 61428 64473 67369 70144 73173 76046 78872 81462 84328 87143 90142 93217 96133 98912 101646 104624 107336 110114 113029 116109 118954 121884 124817 127729 130490 133442 136352 139091 142093 145153 147914 151144 153955 156455 159256 161676 164528 167082 169843 172525 175283 178275 181396 184137 186906 
2797 6211 9102 12024 14812 17950 21179 24013 27408 30146 33186 36244 39164 42249 45205 48701 51452 54580 57238 59750 62631 65745 68734 71596 74691 77638 80538 83180 86081 88994 92047 95204 98218 101013 103827 106850 109625 112499 115499 118617 121534 124482 127501 130460 133232 136192 139172 142000 145040 148159 150941 154199 157012 159567 162445 164929 167825 170437 173211 175939 178780 181795 184951 187709 190518 
2854 6286 9215 12167 15040 18241 21543 24456 27907 30660 33769 36893 39910 43077 46051 49556 52359 55513 58249 60779 63666 66799 69887 72757 75916 78893 81847 84518 87449 90454 93513 96699 99812 102615 105468 108529 111371 114344 117349 120497 123514 126553 129670 132649 135422 138472 141486 144352 147396 150607 153401 156718 159592 162174 165054 167546 170497 173112 175926 178723 181656 184708 187939 190778 193599 
2886 6322 9324 12278 15153 18448 21779 24745 28218 31011 34132 37315 40362 43559 46612 50196 53075 56307 59078 61677 64646 67865 70991 73909 77135 80133 83173 85896 88921 92005 95148 98426 101632 104508 107405 110523 113423 116432 119459 122654 125744 128867 132049 135083 137903 141013 144113 147050 150127 153379 156224 159591 162508 165118 168022 170533 173506 176212 179107 181971 184932 187994 191254 194117 196997 
2952 6467 9510 12534 15432 18747 22149 25190 28698 31551 34751 37998 41059 44276 47386 50981 53871 57130 59936 62554 65525 68775 71968 74915 78237 81313 84445 87222 90267 93429 96592 99965 103226 106160 109126 112291 115206 118253 121281 124560 127729 130913 134187 137302 140168 143286 146398 149389 152483 155805 158675 162130 165133 167801 170753 173271 176342 179097 182056 184981 188039 191194 194497 197384 200289 
3000 6581 9703 12827 15754 19109 22564 25691 29219 32073 35320 38577 41722 44969 48146 51776 54740 58062 60884 63585 66567 69896 73161 76115 79527 82626 85809 88648 91700 94915 98109 101492 104792 107821 110852 114055 117051 120179 123268 126586 129763 132963 136253 139425 142373 145522 148683 151768 154947 158270 161214 164737 167768 170464 173485 176085 179172 181943 184973 187963 191080 194267 197600 200583 203521 
3094 6760 9900 13109 16044 19483 22943 26085 29634 32515 35833 39165 42334 45609 48886 52588 55649 58986 61855 64610 67618 70952 74247 77293 80773 83950 87188 90114 93184 96462 99669 103079 106451 109576 112697 115971 119059 122246 125337 128742 131964 135189 138482 141689 144682 147924 151096 154268 157496 160885 163852 167376 170465 173205 176235 178877 181970 184751 187865 190924 194048 197269 200681 203697 206718 
3159 6904 10045 13255 16239 19771 23284 26477 30062 32978 36306 39723 42987 46327 49674 53473 56569 59938 62892 65714 68772 72164 75465 78546 82072 85250 88570 91548 94691 98057 101282 104747 108159 111286 114419 117781 120915 124160 127348 130802 134055 137330 140635 143867 146874 150168 153420 156678 159980 163411 166403 169949 173118 175891 178997 181705 184844 187677 190869 193992 197190 200501 204013 207048 210115 
3236 7021 10163 13379 16424 19978 23543 26795 30472 33412 36744 40216 43491 46893 50244 54123 57308 60756 63788 66627 69755 73247 76564 79728 83305 86524 89857 92859 96014 99433 102674 106189 109623 112843 115983 119355 122503 125802 129072 132569 135831 139109 142501 145754 148819 152197 155527 158881 162188 165688 168732 172288 175478 178260 181411 184187 187335 190195 193475 196638 199866 203211 206753 209888 212975 
3251 7039 10250 13475 16619 20176 23764 27030 30744 33777 37117 40653 44026 47472 50830 54763 58008 61472 64602 67531 70751 74327 77709 80910 84514 87772 91170 94243 97489 100919 104217 107782 111301 114557 117753 121215 124385 127767 131084 134594 137910 141223 144655 147987 151060 154450 157792 161151 164474 168007 171068 174649 177892 180715 183876 186665 189884 192818 196169 199345 202660 206099 209729 212958 216097 
3270 7092 10352 13616 16825 20394 24001 27317 31112 34183 37561 41103 44571 48036 51410 55379 58648 62143 65336 68285 71602 75266 78660 81950 85611 88928 92337 95418 98677 102152 105549 109186 112753 116044 119266 122813 125984 129419 132808 136410 139748 143110 146631 149966 153127 156533 159927 163316 166671 170237 173312 176897 180212 183094 186329 189199 192456 195445 198837 202105 205433 208925 212632 215862 219015 
28 9 45 21
