70 89
12 47 99 74 83 69 40 53 21 69 65 11 20 4 39 67 70 71 100 72 12 87 81 85 62 7 84 79 97 47 25 74 33 87 67 55 52 76 29 70 82 19 14 66 71 2 68 21 74 28 16 82 8 7 12 91 52 20 10 48 11 7 97 29 63 56 77 68 68 89 68 3 71 72 46 31 82 51 73 85 35 51 90 87 21 66 61 18 16 
68 20 70 17 75 37 63 13 45 73 63 1 83 21 13 90 100 35 8 1 36 90 35 46 18 45 35 32 14 97 49 28 90 49 30 84 63 38 55 93 20 62 86 40 87 30 7 49 47 78 31 57 29 68 95 33 9 66 71 70 88 100 80 28 32 57 74 66 3 99 2 47 11 37 45 22 49 72 37 82 89 66 60 60 53 91 97 22 10 
92 98 77 48 17 51 82 40 61 44 100 42 93 75 13 19 49 74 66 37 38 64 27 77 9 82 39 86 86 54 36 72 89 48 83 5 72 47 95 99 69 8 3 54 67 90 32 52 43 39 39 6 53 31 19 97 75 13 35 58 22 22 30 54 42 50 63 57 98 67 35 61 12 29 9 93 42 11 76 82 87 96 91 30 88 90 93 35 61 
65 74 54 70 35 62 81 97 26 41 54 3 16 2 49 79 67 67 72 46 79 50 56 100 31 57 3 49 37 15 16 15 11 62 74 15 71 15 49 26 27 56 33 62 48 65 56 18 6 10 18 82 77 24 56 34 94 49 6 56 81 52 68 80 17 57 78 12 57 13 26 52 30 34 54 32 29 86 47 96 30 53 49 91 1 67 96 26 92 
30 7 31 77 100 22 89 14 97 5 58 26 4 79 28 77 10 57 73 67 31 52 41 48 55 67 92 28 48 33 40 98 50 57 39 22 59 48 61 23 1 89 89 25 76 50 62 35 40 41 52 48 62 7 38 32 98 62 42 9 65 90 27 43 68 98 18 59 89 12 13 66 41 8 84 14 9 45 17 1 92 55 45 6 41 86 31 12 41 
8 4 8 20 29 100 87 28 88 48 76 18 91 48 18 68 99 60 61 19 45 49 98 86 4 1 16 31 95 83 18 96 70 19 34 44 44 90 18 91 8 81 37 43 61 59 92 16 85 44 15 23 29 39 46 22 74 12 35 55 48 19 69 19 59 99 42 33 5 58 21 31 58 12 23 86 1 66 87 36 40 1 35 99 51 91 25 49 9 
73 62 75 91 18 18 54 81 63 28 82 46 20 7 5 21 73 21 8 97 12 3 60 26 38 93 24 97 32 12 33 39 89 41 82 77 53 76 89 54 71 4 89 7 47 48 21 7 41 31 66 31 62 96 68 93 72 70 47 61 47 10 55 78 39 97 32 93 83 15 64 55 61 91 81 98 3 45 100 70 64 66 82 28 39 91 93 71 55 
61 42 1 12 83 12 95 76 60 81 97 97 3 99 44 70 56 50 98 9 61 80 91 65 49 46 80 60 99 77 84 82 70 19 50 58 92 14 46 59 13 17 15 3 37 66 69 85 8 56 22 45 20 15 2 41 12 44 51 28 33 17 6 57 14 52 39 9 24 59 7 21 77 28 12 68 40 18 97 60 38 88 55 10 7 7 87 95 72 
98 36 72 63 89 63 57 56 83 42 14 63 22 70 6 90 98 56 17 32 21 82 59 78 4 21 33 69 6 49 72 84 59 73 80 23 54 5 66 100 83 29 77 86 26 82 25 95 48 15 29 26 61 30 19 8 93 43 30 14 15 82 59 84 78 100 27 73 86 94 75 99 92 45 93 64 17 81 71 20 92 96 13 65 68 2 20 85 75 
83 40 79 46 28 13 53 5 90 81 3 75 87 49 48 13 70 15 33 50 85 3 34 83 77 28 85 92 77 13 76 71 7 27 27 66 52 2 50 23 23 99 31 96 55 28 87 16 52 86 85 65 35 94 16 34 68 31 83 31 89 91 29 67 80 16 18 57 38 33 43 80 78 33 1 100 60 91 36 36 78 39 81 82 58 87 94 59 86 
98 54 31 24 21 1 81 42 51 40 78 21 86 16 88 9 87 87 29 12 58 92 41 38 33 36 5 68 67 5 40 51 64 50 87 88 76 95 95 65 3 42 77 59 51 62 95 66 55 91 34 44 58 30 31 22 17 31 22 31 26 96 87 50 86 56 43 71 39 91 95 61 97 67 14 62 89 84 45 42 96 44 83 76 59 3 71 59 63 
41 33 32 31 63 78 77 15 47 59 54 99 82 60 9 52 88 98 59 39 99 83 29 84 3 27 12 36 74 91 49 66 66 90 47 86 43 24 26 24 63 10 68 84 39 37 26 77 4 55 66 75 33 83 90 55 87 68 12 6 55 56 59 15 38 57 100 9 19 33 94 8 36 54 99 65 42 40 32 4 75 58 19 81 60 54 27 2 76 
21 19 61 98 95 95 85 50 86 3 17 87 13 85 92 31 67 17 50 20 48 51 56 93 63 73 18 96 5 74 9 82 83 98 27 4 34 63 81 21 74 87 9 83 4 67 51 67 67 15 61 75 37 7 45 7 79 37 50 3 74 4 15 6 68 69 47 16 2 40 26 67 31 73 19 96 46 83 22 65 95 69 19 26 51 63 76 64 56 
8 16 87 67 61 53 15 37 100 31 22 24 10 37 65 91 33 55 17 43 10 65 3 3 79 27 98 98 84 45 4 100 63 65 68 54 89 75 70 70 51 32 23 59 20 54 50 60 23 38 91 99 29 63 55 27 92 23 65 86 43 3 96 29 9 80 40 73 3 27 89 60 65 77 30 62 60 8 58 68 23 56 33 50 54 25 57 88 82 
19 78 56 5 27 71 45 65 94 77 59 89 48 58 17 71 99 99 59 52 19 82 90 96 8 7 64 41 14 39 16 3 4 97 78 17 17 85 31 70 38 34 11 69 96 21 31 53 41 98 69 89 69 77 49 59 67 21 41 48 19 27 29 100 42 99 57 22 28 59 86 21 25 72 67 68 56 16 44 83 84 40 80 67 23 95 55 53 12 
96 18 97 87 41 57 37 64 31 65 67 76 7 24 30 3 2 22 45 3 45 78 49 83 48 12 54 12 13 95 63 64 63 21 21 87 95 18 61 83 93 3 5 2 8 12 65 95 76 76 66 34 4 39 26 35 27 17 49 49 37 9 4 82 62 84 84 15 99 71 10 82 26 5 56 98 27 26 46 2 59 25 65 72 47 81 12 80 20 
79 62 45 6 49 39 3 50 37 22 54 57 95 6 50 81 41 76 19 2 62 80 91 61 65 80 66 96 7 89 25 87 14 99 30 77 87 47 34 90 74 75 12 67 20 90 54 22 74 60 10 56 64 92 79 36 92 17 83 62 1 26 23 32 38 41 61 80 71 69 93 94 58 50 91 59 53 94 31 26 3 6 2 46 92 30 49 84 99 
85 88 54 99 42 1 36 99 100 17 30 5 25 1 83 12 92 12 20 22 97 61 80 26 44 24 54 23 26 30 16 12 99 65 75 85 51 24 58 9 63 34 43 38 59 24 56 66 18 22 35 67 69 63 48 38 47 56 26 43 32 89 20 56 9 21 21 55 43 31 3 49 84 42 28 68 98 98 93 43 77 27 46 44 96 33 75 3 87 
37 2 29 87 68 96 56 33 24 84 93 36 7 17 29 21 90 88 76 28 70 14 31 24 87 96 61 55 37 79 45 39 99 48 70 17 48 57 66 28 32 21 95 96 35 98 27 35 89 56 59 47 25 88 22 18 55 18 3 6 84 31 60 17 96 27 100 100 19 58 44 86 91 79 5 43 49 50 17 58 5 54 95 12 23 94 36 50 43 
74 76 97 25 72 72 35 37 64 77 69 45 3 76 71 73 35 87 87 82 55 9 54 26 76 14 31 63 57 61 53 14 23 97 95 46 92 5 46 61 8 99 39 97 69 16 78 75 59 18 54 44 75 10 62 1 34 90 99 21 44 81 27 61 49 2 54 47 58 51 38 25 76 88 84 84 47 83 44 48 85 88 58 19 49 23 55 70 6 
17 30 47 67 17 8 31 1 76 12 97 82 63 71 80 8 75 94 62 41 60 10 69 9 75 65 66 98 58 77 24 34 70 90 26 86 19 35 65 86 17 66 76 21 63 4 100 6 75 47 54 63 33 14 42 17 1 96 50 81 82 8 52 81 5 36 57 70 68 86 58 8 7 60 3 10 72 71 49 4 22 72 92 6 49 100 54 95 40 
22 11 74 99 96 97 12 61 40 41 2 81 7 63 32 77 61 3 29 43 70 16 25 63 88 53 41 56 18 22 23 47 5 28 62 45 61 92 82 60 30 25 70 4 79 24 17 38 23 75 3 58 74 81 58 58 66 17 49 2 18 53 39 57 23 53 7 20 58 29 75 41 17 27 83 19 22 76 51 56 16 96 67 3 22 11 86 55 25 
39 89 99 22 44 13 60 9 15 19 24 12 55 39 88 71 3 20 37 59 11 83 6 1 45 1 92 60 3 17 46 47 48 65 91 84 47 40 23 47 18 18 89 55 10 83 70 10 22 9 1 80 79 23 80 22 47 34 75 66 40 91 75 90 79 61 91 64 40 81 30 45 69 3 79 15 91 6 37 39 56 55 89 15 17 78 90 78 62 
65 67 26 31 41 67 38 45 38 73 96 26 19 49 59 17 14 59 95 18 9 90 86 84 72 44 61 60 45 24 55 93 46 12 90 40 62 96 29 62 99 78 10 31 2 28 68 54 39 23 1 34 14 77 94 31 27 6 54 26 90 90 91 52 70 54 82 26 42 51 50 89 64 83 76 4 6 31 37 42 79 1 39 76 43 63 65 56 53 
15 29 59 100 44 75 57 39 41 28 66 34 73 76 90 26 26 100 52 36 6 18 88 77 83 86 35 12 94 49 96 72 11 32 32 27 90 55 65 72 13 58 67 17 80 4 7 60 45 59 40 23 81 47 70 21 99 58 28 63 32 51 27 43 98 1 1 16 16 59 11 62 46 38 21 64 78 14 17 82 78 96 23 28 69 16 41 44 3 
39 27 66 87 31 100 43 48 53 85 10 91 38 65 83 48 34 50 77 17 42 43 57 63 61 46 37 96 100 92 93 89 80 31 57 89 64 71 54 61 72 24 10 65 30 43 50 91 87 28 86 35 75 78 24 67 40 45 36 3 32 28 88 12 74 61 26 44 84 41 42 41 78 84 78 8 25 98 59 83 4 55 82 79 55 93 3 26 54 
47 1 19 28 20 65 59 46 60 99 78 73 46 47 89 59 19 8 66 100 26 19 61 99 56 54 48 40 30 91 71 95 36 70 14 24 85 5 52 25 100 91 66 36 69 56 35 42 9 20 73 83 94 13 27 82 78 81 60 47 69 30 36 23 22 13 46 44 46 96 78 46 75 15 28 97 27 33 12 24 23 28 75 93 47 38 19 42 27 
39 42 76 71 7 20 2 34 26 54 63 64 8 21 44 67 78 36 100 15 86 53 37 24 42 70 64 68 100 35 31 32 33 10 46 100 87 19 67 31 95 57 11 79 87 65 90 16 80 46 8 70 72 52 17 30 33 69 86 14 53 13 73 11 61 56 31 59 12 61 23 90 42 61 70 66 92 94 61 23 18 26 70 32 53 39 36 14 34 
100 68 16 96 15 28 12 18 92 57 29 5 11 42 18 46 81 9 46 59 56 69 44 50 60 91 84 8 9 1 10 4 38 6 47 70 43 27 99 57 78 37 30 62 59 68 73 48 21 83 42 5 100 94 22 94 84 57 15 58 86 25 74 99 77 47 87 62 92 3 98 96 55 71 52 32 98 81 43 51 97 2 55 53 4 24 98 34 14 
80 24 37 97 24 54 4 24 93 87 36 58 60 92 14 81 10 34 66 56 96 70 87 73 92 92 76 49 78 31 41 15 90 16 88 68 82 20 61 36 34 7 37 36 2 87 15 29 28 14 1 22 3 51 12 65 71 34 20 80 13 38 55 1 33 34 68 54 19 35 12 51 43 53 20 88 41 12 68 88 15 77 79 86 88 12 51 69 37 
36 83 71 93 30 40 1 79 31 12 11 26 49 93 58 80 62 49 73 88 90 68 28 52 78 58 70 76 69 15 65 10 59 1 100 14 40 89 64 50 2 96 95 65 74 31 93 29 85 36 52 92 29 39 71 3 45 42 60 98 58 17 14 68 7 24 41 76 55 57 81 86 12 80 58 98 44 50 44 21 12 6 11 5 3 2 83 52 52 
5 46 20 42 27 26 69 23 82 36 82 61 92 63 17 37 33 89 94 48 2 44 78 39 22 11 83 34 100 18 70 9 9 43 76 5 11 63 95 24 46 56 74 91 75 36 57 24 66 2 20 69 36 43 74 39 32 4 18 6 77 42 83 68 21 39 3 60 33 95 44 1 69 41 26 43 40 43 40 30 72 18 86 44 27 43 34 88 93 
14 70 28 2 37 1 54 22 13 45 75 11 16 37 87 78 27 87 69 26 71 52 50 85 17 34 72 43 22 6 73 4 62 38 64 6 70 53 3 39 19 78 5 67 32 13 54 49 49 4 12 58 94 2 21 23 84 42 71 17 82 21 19 82 30 55 33 49 85 59 18 72 68 18 35 76 97 66 81 99 45 99 73 94 35 49 54 42 97 
60 17 8 66 1 93 81 40 93 51 51 46 86 83 5 76 80 36 15 50 42 24 26 14 26 76 85 30 7 34 48 38 40 15 4 1 16 4 7 38 92 88 29 65 28 88 31 87 85 5 83 42 6 8 73 25 10 4 12 99 42 21 55 18 72 21 53 69 27 99 40 78 63 1 58 2 23 90 21 82 25 29 44 43 10 37 57 8 15 
61 14 10 75 78 59 80 46 18 68 61 78 99 2 39 20 45 11 1 72 32 24 35 60 53 23 72 94 86 44 60 5 44 95 80 78 81 94 70 92 47 52 53 68 36 35 1 45 26 86 86 55 52 99 23 86 13 7 93 82 4 77 45 48 41 51 43 11 76 14 95 8 71 74 69 83 77 18 11 91 76 81 66 8 70 22 22 2 100 
76 90 85 14 44 28 15 95 75 80 18 84 10 63 95 11 61 81 93 66 12 15 50 20 52 95 54 79 73 73 46 31 38 27 68 49 10 67 47 75 54 55 98 36 59 82 56 79 69 81 23 25 88 56 77 70 46 14 34 75 49 14 56 13 98 16 83 13 18 24 56 41 36 17 4 98 76 24 1 10 82 38 85 7 62 78 6 65 79 
44 45 65 89 51 41 43 55 90 2 85 92 89 22 40 66 92 8 14 89 61 72 64 49 74 75 83 94 89 67 98 91 87 100 98 45 22 12 44 1 23 13 50 97 24 97 80 79 94 34 69 6 61 18 58 41 22 12 55 93 29 29 88 83 97 34 25 14 97 55 61 93 44 95 35 12 83 32 58 75 14 94 87 12 96 55 100 63 70 
66 71 74 75 96 12 18 73 70 75 2 79 84 97 78 30 77 41 25 24 53 30 51 27 51 31 38 66 3 21 77 51 59 88 66 61 12 69 56 66 47 51 96 100 24 45 37 3 11 43 73 34 18 39 26 95 90 41 92 8 17 78 41 47 36 98 7 60 52 84 49 10 94 94 25 27 31 89 40 41 65 22 35 1 24 90 84 21 84 
99 27 84 27 15 43 56 93 4 87 77 33 5 46 52 91 56 99 62 1 72 21 62 31 1 99 45 70 42 5 97 86 23 6 27 91 71 97 61 45 83 98 46 8 3 54 56 38 60 37 100 98 91 11 8 16 77 69 18 94 12 30 59 43 41 6 70 46 70 13 89 98 18 50 37 59 6 14 34 55 35 72 73 21 69 31 66 18 54 
26 36 66 75 58 63 50 86 13 8 92 65 62 54 38 66 61 80 14 72 21 82 49 56 47 77 75 87 36 4 51 43 93 83 95 28 54 77 90 69 61 36 100 100 77 15 42 26 63 13 99 38 71 44 81 100 14 73 68 49 2 9 84 61 43 75 61 63 41 53 100 39 25 16 16 38 17 16 38 35 98 63 76 79 84 12 95 86 41 
87 76 82 74 15 40 67 86 60 12 91 39 91 4 20 62 7 14 72 38 17 9 9 52 61 14 81 13 62 91 11 73 80 47 70 19 5 29 30 52 51 100 49 60 43 42 7 71 68 11 45 24 90 89 31 92 73 49 28 33 51 57 6 29 76 60 90 1 79 9 21 45 58 44 64 49 74 45 73 28 25 91 98 20 95 100 29 59 58 
21 93 53 85 28 80 13 100 72 10 80 17 30 21 79 62 5 57 9 62 95 29 26 33 10 59 65 68 83 73 44 12 38 8 71 21 66 17 34 42 72 17 45 16 94 53 48 40 76 67 36 40 26 28 95 16 23 79 96 97 34 36 43 59 79 92 17 96 81 4 51 56 17 96 75 22 85 78 92 66 18 95 27 85 27 30 86 94 59 
34 40 22 65 1 36 59 62 22 83 96 6 74 96 64 70 82 14 96 49 100 25 50 70 65 33 59 6 2 16 55 15 93 21 60 43 26 12 4 69 69 19 91 24 94 50 52 98 72 35 82 8 94 45 63 67 56 38 40 59 84 27 52 56 80 91 45 58 71 38 82 57 26 7 32 41 45 4 39 100 86 37 41 48 45 24 80 80 8 
55 51 33 93 94 35 89 42 99 63 80 77 59 18 85 40 54 18 15 10 26 77 49 99 80 11 63 44 12 7 22 83 19 35 61 49 77 57 85 52 52 12 6 88 65 30 47 56 97 99 56 50 65 13 53 47 21 86 78 24 39 79 5 98 66 82 31 83 45 67 19 38 54 74 12 23 58 39 73 2 67 74 94 65 11 33 24 88 11 
4 28 89 12 32 13 32 93 99 19 32 81 11 40 22 70 79 33 7 86 98 100 33 56 23 13 94 3 16 41 3 94 87 11 54 84 38 61 50 86 6 49 8 9 38 28 47 59 9 23 75 3 25 64 98 53 42 51 54 86 78 58 99 79 6 69 3 18 61 10 79 100 7 68 26 66 97 71 15 9 91 52 68 15 38 5 64 4 75 
30 64 90 63 93 5 1 13 3 1 90 1 49 65 12 22 46 78 3 63 57 51 68 69 81 65 2 52 34 92 24 50 28 21 50 16 3 76 20 12 97 48 84 26 8 17 32 87 65 33 44 15 9 70 49 2 54 23 22 14 33 33 14 43 7 28 50 15 16 90 65 18 59 87 33 33 51 94 27 18 66 31 62 31 24 13 55 68 2 
6 13 74 16 96 8 14 47 62 51 1 28 79 18 1 45 99 80 84 48 52 29 16 9 83 8 86 34 43 55 90 47 49 90 75 4 12 69 36 22 7 92 19 38 41 30 40 34 43 45 8 1 37 31 95 5 46 74 20 39 49 8 41 23 28 14 65 53 6 85 99 51 22 22 39 83 21 42 36 23 16 29 34 88 46 52 52 88 47 
68 73 79 74 6 11 91 65 20 20 55 58 41 40 77 71 3 70 3 61 24 67 32 90 7 88 83 42 41 36 8 23 7 53 25 55 65 37 27 13 60 16 41 71 16 84 29 27 9 85 6 93 75 62 97 8 67 64 3 39 72 41 38 49 86 96 91 20 34 39 63 43 94 29 8 6 50 97 87 6 92 19 72 5 55 33 10 27 46 
52 95 77 87 45 70 78 14 74 87 16 84 21 82 25 63 67 92 50 80 33 55 59 46 43 49 8 21 9 46 2 19 10 17 89 50 74 79 66 74 55 34 20 19 68 22 39 14 70 33 44 1 94 84 83 13 59 88 38 52 28 38 37 42 61 55 27 87 6 67 44 98 7 16 95 36 46 5 74 80 43 71 23 37 62 52 46 12 2 
78 24 28 20 34 74 52 93 6 38 56 64 16 53 58 67 56 98 26 37 76 26 31 56 17 44 45 72 17 55 8 4 11 82 90 55 6 59 60 25 30 59 40 56 95 4 43 65 48 40 9 75 31 94 53 14 89 55 36 36 96 62 8 32 47 87 69 59 42 16 90 79 95 13 84 2 32 18 16 67 22 26 2 6 85 91 10 54 33 
27 54 86 53 24 100 16 17 72 61 34 85 42 78 6 68 53 63 9 67 22 53 3 43 84 12 93 44 32 76 42 6 57 35 34 75 73 48 55 91 24 91 70 65 73 37 90 91 55 9 99 31 17 75 71 46 29 43 47 26 74 69 12 100 64 48 76 4 12 29 46 3 92 10 70 64 20 58 47 38 14 86 39 42 15 81 65 37 6 
64 98 44 16 57 30 38 25 16 20 66 22 30 79 62 11 98 18 51 67 14 62 54 54 19 82 34 95 79 47 27 78 66 21 58 63 10 94 54 7 64 62 38 22 52 51 44 78 64 82 82 44 15 45 55 88 95 94 32 82 62 44 91 38 5 8 83 95 86 3 46 71 39 10 56 5 38 22 96 77 74 46 96 81 92 13 24 20 59 
60 43 39 25 79 78 97 97 67 89 31 48 85 19 64 21 20 71 7 76 49 100 51 63 42 58 50 46 43 19 77 21 76 65 71 48 46 40 28 23 54 62 31 41 68 77 59 82 1 89 67 66 90 10 33 88 50 81 68 59 13 62 12 83 27 12 57 19 36 64 26 54 77 79 65 52 48 63 20 91 71 68 69 89 34 15 78 3 2 
67 22 94 68 14 32 81 39 86 82 75 1 8 76 59 89 32 6 13 49 91 2 75 72 53 3 100 70 75 3 91 10 68 73 87 17 39 38 69 94 77 41 27 33 66 54 100 60 37 73 36 31 75 82 26 22 44 62 99 21 50 79 60 34 62 61 91 67 72 86 5 50 57 99 64 17 3 95 67 43 61 52 78 86 68 27 97 23 57 
89 35 70 7 67 83 87 40 25 65 57 83 23 73 53 56 64 56 39 83 56 16 6 58 75 38 2 58 34 31 61 32 58 30 71 16 22 59 59 17 18 49 97 78 22 47 94 88 19 50 84 46 84 22 66 66 79 29 35 5 50 40 34 24 89 55 75 11 85 84 60 58 63 27 90 34 42 1 48 55 85 3 36 64 52 97 57 14 44 
5 74 100 16 92 61 46 75 55 66 37 60 79 12 51 61 64 40 31 39 70 73 43 25 85 80 44 23 77 93 82 53 73 37 12 32 52 70 94 47 24 91 70 2 95 25 3 84 31 51 85 55 15 40 25 44 43 94 35 50 26 5 33 67 74 45 73 17 48 45 20 83 97 100 25 28 44 49 72 43 17 23 47 56 91 5 96 17 37 
96 53 45 37 72 25 53 2 83 87 52 30 78 59 60 91 40 20 77 35 26 4 26 49 24 43 2 18 4 70 65 72 96 82 75 34 56 60 52 92 34 62 72 16 17 69 68 65 24 9 46 99 7 100 62 3 54 95 6 9 25 45 44 95 8 45 64 27 36 31 11 92 13 10 6 81 22 92 71 55 62 81 55 36 28 76 19 99 13 
100 76 38 68 42 89 66 42 68 98 98 4 50 87 94 70 74 37 33 69 25 37 45 63 96 15 71 5 40 72 2 97 22 39 7 85 33 4 25 8 45 46 18 68 16 8 35 84 7 74 5 50 84 9 28 7 85 62 86 74 16 38 55 38 96 52 48 8 46 38 21 17 41 75 20 88 15 9 99 35 93 48 56 5 5 71 79 67 82 
21 100 15 15 40 79 97 96 22 84 54 57 47 82 41 24 71 67 36 17 70 8 2 92 85 11 59 75 84 78 17 21 76 86 60 70 75 4 68 60 54 71 53 33 91 14 88 98 14 79 100 79 8 4 95 60 62 52 82 71 12 90 30 43 34 82 89 97 83 76 13 33 71 57 51 59 72 67 30 38 5 76 20 49 83 2 25 28 85 
61 64 90 94 54 79 56 92 19 98 68 75 83 90 63 26 51 10 7 69 72 71 22 4 71 16 55 91 63 32 94 82 78 39 9 43 86 35 40 37 25 100 7 3 59 57 1 54 24 76 69 96 33 51 28 94 71 89 80 75 25 93 60 4 69 61 67 14 51 65 42 18 89 85 57 97 82 5 33 25 44 7 89 46 39 70 9 84 44 
25 98 11 74 78 98 28 100 64 83 36 56 75 16 3 58 66 15 86 7 57 81 88 36 81 30 50 17 96 16 5 23 26 63 24 38 96 50 54 95 34 32 76 53 64 16 51 44 32 33 81 71 67 42 25 90 21 45 12 44 66 7 46 31 38 20 42 56 15 95 73 40 66 75 43 7 32 99 14 88 25 79 64 17 58 76 72 25 34 
39 82 70 10 8 18 20 95 65 64 80 8 12 65 85 44 92 89 92 79 61 34 89 35 45 23 37 46 83 88 50 78 65 77 29 62 48 94 75 43 45 70 74 41 86 35 69 32 51 69 63 68 97 40 43 33 70 23 67 87 66 58 7 56 38 60 29 16 27 66 71 80 34 42 79 52 73 15 1 74 72 47 49 66 12 59 75 6 88 
100 20 61 31 54 95 56 85 65 56 6 13 53 44 85 18 70 14 39 29 56 8 34 26 65 28 66 7 69 100 24 77 65 87 88 20 11 15 46 57 100 44 58 46 95 95 50 74 86 43 36 81 35 54 88 10 33 55 97 24 6 34 74 42 34 41 48 78 81 85 14 23 14 37 34 33 62 83 18 98 95 74 74 59 87 91 96 100 3 
94 51 4 99 17 88 71 5 93 89 53 81 64 25 7 67 21 61 88 39 32 83 69 77 96 48 97 37 40 66 64 4 26 24 62 100 54 50 71 39 3 92 64 79 61 97 17 18 98 31 25 77 90 52 25 19 41 92 64 1 8 22 22 35 70 41 16 52 40 60 39 47 43 3 33 70 22 59 48 76 11 67 92 78 70 50 20 13 15 
33 100 50 3 73 9 73 27 56 16 19 68 30 24 7 62 32 50 71 14 96 18 16 17 95 15 70 79 47 27 28 12 63 48 16 94 5 55 66 75 95 19 95 93 60 56 7 87 89 76 94 69 2 61 27 83 2 49 42 50 32 10 8 27 10 54 20 8 23 2 69 72 12 17 25 63 94 59 12 22 84 75 2 16 22 98 33 89 12 
21 2 13 41 81 33 73 66 32 74 69 80 51 47 86 29 74 16 86 29 75 22 52 91 15 19 42 53 5 37 23 10 96 49 26 94 7 57 4 55 3 77 98 47 49 3 27 64 85 94 71 71 63 48 72 20 31 94 95 70 10 43 22 82 74 7 9 60 78 83 23 34 87 26 6 39 6 50 57 39 24 15 81 50 2 75 86 74 32 
63 20 32 92 68 33 81 91 94 72 21 64 77 7 57 76 1 1 26 76 71 75 1 57 20 44 72 61 26 14 24 94 57 56 81 88 36 81 55 54 80 93 79 26 20 14 81 65 45 88 55 5 27 62 38 29 45 85 95 92 34 85 44 97 93 3 8 50 74 100 25 73 93 76 80 80 63 79 91 88 86 98 58 23 50 45 62 83 81 
19 25 34 71 7 1 89 82 57 85 54 87 40 1 94 90 83 22 21 98 46 73 7 17 55 14 78 15 60 21 1 9 26 84 49 84 62 99 58 25 75 32 92 19 61 1 98 78 76 52 39 95 76 13 31 14 47 89 44 3 87 31 33 36 79 11 47 25 84 70 91 45 8 21 43 53 29 35 73 63 43 65 4 92 36 93 31 48 59 
58 43 69 87 4 1 59 13 89 29 91 80 82 13 59 69 72 77 49 98 17 6 98 30 71 9 5 74 63 53 12 98 18 17 74 99 84 59 97 92 56 47 82 70 100 56 39 65 53 76 8 91 58 91 69 51 97 34 55 51 38 43 57 37 43 64 89 4 15 35 63 40 63 5 9 19 54 16 80 32 80 17 2 17 1 54 48 9 87 
42 37 33 65 51 60 43 26 65 91 96 73 95 25 78 42 63 53 2 9 29 71 2 89 56 10 55 88 60 34 73 29 87 25 7 58 63 85 44 7 55 31 82 35 2 74 17 77 64 37 8 61 30 87 100 93 40 89 1 94 13 12 1 31 71 92 30 60 67 55 28 11 60 67 43 39 27 63 70 64 41 94 67 3 64 33 45 90 35 
34 57 37 82
