30 88
49 55 92 40 51 93 82 48 40 18 64 77 27 75 95 4 83 78 28 25 29 7 64 85 93 91 46 23 55 39 55 47 56 15 49 20 71 68 7 15 51 26 28 23 69 90 71 87 99 79 18 38 65 7 33 33 99 49 68 10 54 32 47 28 2 83 95 99 32 91 90 37 81 100 75 97 3 84 78 43 54 36 16 36 37 80 12 24 
50 33 53 65 60 40 24 2 92 74 4 47 6 63 82 83 80 40 88 31 99 4 61 29 77 24 16 33 67 13 64 26 8 86 57 41 41 79 91 5 42 62 55 19 33 24 28 16 18 33 100 98 27 3 23 28 9 76 51 52 46 31 45 64 16 42 11 33 2 5 83 70 57 1 38 72 54 49 92 60 78 57 43 86 54 38 26 16 
76 40 32 94 94 27 1 97 97 15 88 49 5 38 53 20 47 68 46 48 3 16 33 4 60 2 60 89 80 62 19 2 52 20 37 70 99 62 65 5 25 46 67 10 87 73 48 75 50 27 82 66 21 71 99 58 43 17 67 17 37 74 44 17 59 72 90 72 48 3 68 37 91 23 37 79 13 71 38 52 9 93 54 22 41 35 27 69 
93 2 57 57 57 37 33 57 71 39 56 37 59 21 24 63 31 90 89 32 45 100 83 90 87 4 48 25 33 60 81 6 89 44 26 74 4 50 41 47 39 19 3 75 84 87 9 22 33 78 28 58 49 28 36 97 98 82 54 58 63 70 48 35 91 85 45 43 6 86 17 38 35 90 10 81 37 42 20 71 33 37 26 88 83 27 5 70 
69 68 36 21 30 93 37 15 79 15 95 20 91 85 97 10 10 25 61 56 35 34 81 40 83 69 34 98 45 4 21 35 76 58 99 23 97 92 15 71 78 47 95 37 87 23 76 71 98 44 50 82 26 43 3 12 51 63 8 77 94 8 9 19 11 67 22 83 66 100 43 49 30 17 38 39 54 80 70 90 18 22 42 86 22 53 58 35 
54 62 82 92 22 83 48 67 82 33 95 33 64 21 69 95 24 40 92 13 85 39 24 98 66 88 12 4 72 87 8 18 54 64 21 87 53 17 11 61 13 6 75 17 19 27 32 17 36 90 32 95 34 22 38 56 58 91 38 53 50 70 2 64 100 47 76 51 10 62 26 72 76 63 64 56 59 62 28 81 87 61 6 62 59 47 35 15 
59 29 44 92 2 94 51 6 25 17 29 86 51 77 44 68 59 100 6 49 76 37 15 49 47 94 40 69 82 43 28 91 11 26 59 61 2 59 53 34 71 60 8 70 64 56 41 46 98 61 81 9 30 1 98 81 6 25 59 20 57 5 24 28 11 88 51 77 60 97 64 6 68 84 14 27 35 61 86 29 14 49 11 23 45 6 20 91 
94 70 38 28 70 31 52 31 35 10 31 67 14 79 1 37 90 19 87 60 49 61 3 38 41 18 63 59 45 76 34 97 1 33 86 16 75 23 64 67 12 71 16 71 74 11 68 4 99 44 42 13 26 91 39 83 29 74 39 29 50 35 27 71 58 73 90 52 55 54 3 28 80 72 97 74 75 71 24 14 2 94 36 46 82 25 67 10 
44 10 52 90 17 43 5 51 81 99 8 53 94 64 70 39 65 65 7 71 57 4 26 99 55 90 64 96 34 73 83 87 36 6 21 77 32 31 100 67 1 43 72 73 8 97 24 83 73 57 17 70 20 25 13 88 66 72 95 42 64 49 6 44 67 29 2 70 13 36 33 46 100 89 59 87 77 37 13 72 58 42 8 55 68 24 22 72 
55 67 76 12 54 99 48 43 51 65 1 26 46 94 84 9 41 72 49 40 49 63 43 47 59 98 100 59 1 87 77 35 26 89 56 75 14 43 42 71 83 52 88 48 81 45 56 3 100 18 29 94 4 100 12 43 28 26 20 21 51 39 25 57 31 4 62 14 58 39 16 77 75 83 11 16 100 100 10 40 5 1 96 84 18 4 4 88 
1 42 5 30 86 44 6 79 74 65 28 21 97 9 17 72 18 38 95 91 53 73 61 24 1 86 54 62 3 67 68 42 93 86 62 48 70 66 17 4 71 12 23 37 74 51 86 60 22 80 99 8 19 14 54 56 10 21 77 21 67 21 36 58 42 50 76 21 32 41 10 61 22 5 97 9 99 27 54 10 46 63 29 51 10 8 21 31 
9 42 52 100 55 97 35 83 95 45 2 1 34 72 32 44 43 20 38 33 11 6 6 80 63 89 94 76 74 47 49 37 86 4 69 16 5 33 13 94 49 4 5 86 37 100 48 39 63 92 41 81 86 59 58 64 59 51 80 60 19 54 87 27 14 16 61 95 59 67 80 58 18 75 25 54 38 5 85 94 64 38 43 6 28 28 41 46 
75 61 11 14 57 27 6 44 47 75 67 15 51 76 65 43 63 66 37 97 91 99 60 19 8 30 52 35 9 23 51 69 31 15 55 3 28 64 66 64 55 27 68 23 91 3 23 9 64 33 29 9 26 66 13 20 37 60 51 9 33 57 5 77 95 64 14 30 40 2 21 56 24 40 83 52 77 34 68 77 82 51 95 40 30 93 7 29 
81 40 100 79 36 82 43 2 20 46 39 47 1 45 45 15 88 36 9 73 15 83 100 30 91 53 68 78 58 38 31 72 15 33 97 9 87 82 96 45 72 83 48 14 15 1 6 1 98 57 45 74 72 43 16 12 84 87 91 89 36 27 96 7 94 25 79 7 52 16 21 29 1 20 6 8 55 81 61 99 85 96 4 20 80 2 64 96 
34 93 78 87 83 89 39 49 96 50 61 94 96 10 29 74 5 85 12 12 23 35 57 24 67 1 66 82 7 88 19 17 32 91 17 63 83 23 19 11 8 68 28 65 88 58 25 97 66 61 10 22 88 45 36 52 71 72 90 84 81 1 82 35 13 24 73 54 24 99 53 100 34 57 43 32 22 61 37 37 11 86 86 79 19 100 23 88 
45 29 72 22 2 40 40 43 3 90 50 3 22 91 84 84 30 44 40 80 64 55 80 34 87 82 94 70 83 55 40 62 49 11 54 73 98 42 6 91 1 3 23 38 61 73 41 91 32 80 59 76 40 11 99 88 56 90 66 59 43 8 63 36 95 79 77 92 97 15 19 26 27 32 80 27 89 55 84 82 24 2 85 28 80 39 25 24 
93 6 75 55 69 53 96 66 43 13 32 12 59 35 8 89 49 33 47 19 55 21 88 40 6 66 42 61 75 49 15 33 90 45 32 45 88 24 26 67 34 77 9 75 12 82 21 82 51 13 53 41 37 57 26 14 31 48 93 5 53 90 48 64 55 77 27 93 31 23 5 83 26 27 76 39 81 7 37 72 29 69 77 29 48 49 25 11 
93 75 75 7 70 46 65 96 44 88 17 43 92 90 6 22 24 98 10 4 88 27 21 16 67 82 97 32 69 23 70 3 77 33 99 88 18 73 57 1 65 87 72 84 66 3 25 85 53 52 59 13 59 35 64 100 61 18 33 13 38 5 4 86 44 20 54 50 17 94 13 79 39 34 100 15 13 72 49 67 47 31 46 58 12 20 47 43 
23 33 82 40 37 91 24 57 40 93 32 72 23 2 9 63 100 13 16 13 57 15 91 24 96 36 100 39 37 45 73 18 49 1 48 66 36 87 89 67 27 28 100 43 24 30 44 76 69 87 45 69 91 14 86 77 34 83 92 36 20 77 7 99 48 49 74 86 77 92 81 68 47 17 30 65 72 44 43 35 14 46 15 47 69 94 59 5 
79 11 67 6 15 83 69 17 14 56 9 36 67 13 1 68 94 43 39 20 19 12 53 22 20 96 65 27 48 46 61 16 98 45 44 21 37 68 66 68 21 23 12 5 78 95 47 76 43 39 51 32 81 44 15 11 85 30 39 2 16 64 33 47 74 62 16 23 38 8 34 41 91 38 48 20 77 50 71 24 82 93 93 36 43 46 56 74 
59 28 91 3 94 78 39 28 37 24 15 42 66 79 98 19 2 72 56 89 38 62 16 6 50 13 2 48 51 99 65 73 5 57 78 78 32 93 34 54 70 51 48 13 69 97 6 82 4 19 17 96 28 14 15 48 5 91 57 92 55 87 18 70 34 3 3 52 84 9 30 10 1 45 32 85 95 45 97 71 71 25 51 6 47 32 96 33 
82 74 75 73 33 94 50 52 12 4 71 60 32 70 65 14 74 28 18 48 88 44 36 52 22 55 17 26 63 6 70 42 69 64 16 73 31 44 54 68 46 53 65 18 26 84 32 73 17 14 39 45 28 50 43 24 25 61 20 13 41 65 77 81 99 79 11 87 60 92 77 29 32 62 39 83 81 98 50 28 6 61 62 53 59 59 29 76 
64 83 35 93 11 8 82 21 58 24 1 84 63 35 60 39 78 30 57 26 76 29 25 45 2 54 32 70 89 31 94 62 7 13 43 13 70 69 5 91 43 27 33 82 50 6 34 98 8 75 88 95 25 65 89 18 43 96 100 67 95 69 99 97 2 26 35 90 83 86 21 85 38 31 96 76 28 38 52 71 94 35 44 50 75 94 35 39 
86 41 23 28 83 6 28 90 81 91 76 94 40 69 35 54 8 38 49 71 37 2 61 77 28 35 40 64 34 76 75 23 4 99 69 14 59 50 20 43 56 56 38 32 38 60 3 82 31 98 97 18 17 73 62 5 46 19 5 84 46 6 12 82 83 31 41 32 29 77 40 23 91 61 32 28 2 40 44 78 37 84 83 13 72 94 83 30 
36 19 34 75 19 17 75 92 29 53 88 66 31 99 75 23 31 62 10 15 23 92 94 13 36 20 56 96 6 46 39 28 35 50 4 72 29 77 83 22 92 33 97 13 99 64 38 97 34 2 34 36 92 6 22 87 90 49 76 20 55 13 71 35 57 18 27 59 49 26 45 98 74 90 29 48 39 23 1 96 45 46 69 83 31 36 12 93 
73 73 6 80 88 15 78 80 40 45 22 68 49 4 60 83 26 2 52 55 50 33 19 96 89 10 26 56 63 75 79 22 11 38 19 53 71 7 49 90 98 8 53 36 2 90 21 62 11 27 77 98 100 50 81 6 72 66 18 68 8 55 24 22 11 53 94 89 37 51 63 17 97 71 90 50 13 66 76 81 15 46 84 54 53 38 26 57 
84 34 36 10 86 8 6 73 61 38 52 22 87 41 57 10 83 49 38 38 48 82 60 51 65 27 34 43 41 24 86 45 96 25 74 83 81 1 78 16 33 5 20 92 15 78 59 12 54 48 20 77 77 91 5 77 41 21 23 95 28 46 19 62 63 37 4 2 45 44 79 18 15 49 99 21 87 30 52 59 21 86 21 18 98 53 65 90 
39 6 90 20 42 6 35 25 23 48 4 91 94 75 42 8 43 56 33 75 30 68 12 51 12 40 76 57 13 59 81 50 3 4 80 73 47 45 74 82 91 31 59 86 76 75 91 45 1 60 37 30 71 70 73 49 2 74 55 39 52 75 24 45 25 64 12 86 67 39 97 71 39 38 28 36 75 92 1 81 57 18 99 40 72 78 88 8 
53 35 6 51 81 99 16 60 13 50 15 4 99 68 88 98 79 80 8 68 67 9 81 96 27 5 53 39 24 9 76 13 36 25 14 89 27 36 41 38 60 81 57 82 97 83 90 26 47 51 10 51 1 52 22 99 12 19 68 6 19 47 3 75 11 98 7 98 54 90 4 20 4 99 9 20 54 1 35 16 23 65 80 35 87 7 9 61 
90 74 23 30 13 79 33 98 15 63 52 64 54 72 37 72 66 94 23 31 27 14 49 18 3 91 38 46 3 71 85 14 58 72 72 10 30 99 19 86 2 48 58 58 55 28 59 92 55 43 88 70 2 14 45 50 67 49 49 92 55 40 83 83 97 67 71 94 22 29 5 100 77 1 8 53 81 72 83 36 85 14 68 5 37 29 62 56 
6 66 18 88
