23 20
4 75 134 233 264 347 379 448 511 518 613 688 711 767 854 908 921 1021 1118 1183 
55 170 247 421 544 653 717 871 978 997 1098 1182 1275 1359 1508 1582 1640 1797 1918 2001 
123 256 398 587 793 912 993 1158 1340 1406 1580 1757 1895 2010 2190 2353 2429 2646 2794 2913 
128 360 520 806 1025 1164 1318 1580 1822 1927 2129 2392 2551 2732 3011 3206 3364 3614 3859 4078 
217 471 663 958 1221 1394 1624 1909 2157 2338 2603 2903 3158 3384 3695 3950 4132 4437 4752 5025 
238 577 809 1180 1490 1722 1987 2358 2703 2947 3223 3589 3887 4140 4472 4731 4926 5297 5689 6024 
295 698 954 1353 1722 1978 2283 2667 3092 3337 3711 4119 4452 4801 5176 5525 5740 6180 6575 7009 
321 742 1057 1556 1991 2347 2674 3081 3540 3806 4225 4666 5049 5416 5888 6277 6550 7056 7536 7986 
352 867 1259 1759 2201 2647 3017 3468 3950 4256 4687 5205 5623 6058 6558 7038 7376 7958 8523 9007 
381 936 1337 1874 2389 2860 3233 3778 4347 4698 5162 5746 6207 6712 7271 7816 8217 8868 9495 10006 
465 1060 1462 2019 2617 3148 3549 4172 4833 5207 5738 6354 6889 7410 7990 8616 9111 9802 10436 11016 
533 1215 1651 2211 2897 3526 4027 4670 5428 5849 6425 7072 7687 8286 8918 9565 10115 10835 11554 12205 
545 1299 1827 2420 3145 3797 4315 5040 5892 6330 6972 7652 8319 8949 9674 10327 10930 11658 12404 13069 
610 1454 2002 2622 3373 4045 4638 5422 6340 6867 7521 8251 9017 9740 10553 11221 11886 12697 13496 14188 
707 1562 2161 2797 3600 4273 4932 5812 6800 7392 8047 8861 9704 10439 11322 12014 12766 13581 14403 15103 
731 1657 2333 2977 3788 4510 5188 6107 7098 7693 8352 9247 10091 10864 11776 12568 13327 14175 15094 15826 
778 1774 2540 3205 4095 4860 5571 6495 7487 8178 8921 9845 10691 11551 12530 13331 14126 15010 15949 16713 
830 1860 2694 3407 4389 5204 5954 6935 7944 8718 9510 10485 11404 12313 13322 14138 15007 15953 16987 17846 
888 1952 2868 3657 4669 5549 6355 7428 8530 9354 10206 11184 12198 13189 14225 15112 16038 17047 18139 19054 
903 2054 2977 3827 4849 5829 6660 7768 8933 9786 10707 11742 12809 13812 14857 15837 16834 17860 18954 19903 
937 2176 3146 4023 5124 6134 7047 8190 9391 10269 11252 12372 13526 14590 15675 16732 17734 18842 19986 20954 
974 2300 3317 4258 5454 6496 7473 8696 9907 10820 11889 13100 14345 15417 16559 17678 18725 19915 21147 22182 
1016 2363 3383 4379 5666 6717 7696 8943 10233 11169 12256 13554 14819 15953 17107 18290 19376 20623 21867 22997 
21 8 22 14
