34 16
15 85 37 78 4 26 24 18 56 93 74 21 72 12 18 48 
99 36 88 70 12 51 25 73 48 13 89 90 33 86 4 41 
30 35 75 56 80 59 72 83 56 64 20 67 47 14 12 67 
74 47 42 96 21 56 69 72 50 6 88 17 86 89 80 59 
76 73 19 91 93 21 31 1 86 29 62 49 16 3 84 25 
85 34 51 99 24 54 81 84 46 62 63 68 85 58 5 32 
82 79 26 72 38 21 73 58 91 17 48 82 24 48 88 12 
16 66 10 47 30 66 28 35 92 40 51 21 72 28 47 78 
60 39 99 49 49 23 27 49 33 24 3 14 78 40 78 34 
74 46 59 12 94 67 7 64 28 81 67 61 93 49 39 59 
9 78 15 11 56 50 20 90 96 93 30 93 96 28 98 13 
21 55 51 93 99 90 73 27 14 92 3 69 97 33 40 89 
83 31 100 75 100 79 41 77 18 5 78 35 92 51 54 88 
67 13 48 61 68 62 10 92 98 94 96 92 36 13 38 31 
20 3 24 23 85 49 69 86 21 47 6 16 24 6 16 43 
45 15 29 81 26 96 66 47 43 79 29 5 65 17 82 61 
45 13 67 41 58 53 16 81 83 16 86 84 46 80 47 82 
75 62 75 18 69 100 82 60 38 10 62 22 46 92 15 38 
6 11 87 8 64 74 86 2 66 15 66 47 51 18 4 20 
93 97 56 36 61 69 61 47 55 64 32 86 37 79 77 8 
66 97 22 72 20 21 48 9 19 53 75 50 38 56 74 27 
95 37 11 67 38 56 32 45 54 52 90 72 71 41 68 58 
79 72 87 12 80 61 61 42 77 81 16 99 5 17 37 82 
88 37 28 72 71 72 54 32 46 31 64 22 16 99 49 96 
47 16 43 74 64 16 50 26 30 60 9 35 22 85 69 54 
73 62 8 13 1 54 15 73 65 60 26 43 76 33 11 47 
63 76 61 1 70 99 97 31 88 86 47 35 62 70 75 85 
66 84 94 16 72 25 63 17 29 12 93 39 58 78 71 77 
71 81 89 5 89 48 16 47 44 34 37 65 1 34 18 40 
7 82 6 7 100 70 7 22 75 26 96 50 7 26 7 11 
3 62 55 58 88 59 15 40 14 81 31 35 83 65 95 63 
52 40 81 44 33 60 86 70 63 55 8 12 72 94 29 49 
6 92 100 5 4 15 92 68 66 18 26 44 91 8 56 15 
44 55 94 85 58 29 32 19 36 91 79 30 98 58 73 44 
22 3 30 4
