73 61
49 93 87 70 93 95 78 2 55 38 80 91 69 20 1 62 5 79 28 97 76 2 76 81 65 62 37 94 69 64 38 29 74 69 87 40 88 90 65 4 36 57 12 92 75 68 52 73 30 41 53 78 4 97 29 20 35 21 64 81 96 
53 77 10 21 95 92 5 40 96 42 34 1 81 76 4 54 53 44 30 23 77 16 49 17 48 48 87 35 83 31 18 6 56 72 52 72 51 15 81 24 45 37 99 56 97 28 18 69 59 72 60 62 78 9 63 78 21 30 85 11 98 
21 10 27 39 72 60 2 1 24 91 60 1 16 64 93 44 11 96 85 38 10 48 53 82 76 79 99 46 7 42 41 61 72 44 1 4 33 30 16 25 38 100 12 28 45 52 2 44 87 42 84 42 28 34 99 44 76 34 65 85 83 
75 29 83 38 9 82 85 79 49 13 19 67 47 93 22 62 44 37 100 6 69 89 19 35 49 29 32 99 36 43 68 62 28 41 94 28 4 66 16 70 94 17 91 1 77 22 79 41 75 77 96 69 93 5 53 43 49 33 99 75 68 
41 89 19 32 71 37 6 99 95 60 69 32 20 69 53 9 32 91 90 42 31 68 32 41 46 92 68 83 66 43 97 18 15 10 67 76 74 68 83 42 23 48 9 88 71 61 91 72 65 19 59 29 66 64 70 78 38 81 94 19 73 
49 72 87 66 86 54 43 35 31 33 86 49 10 94 46 81 59 99 66 47 53 95 79 14 84 45 80 53 34 76 84 32 49 66 43 6 45 96 2 96 82 6 59 50 41 64 77 22 68 48 66 42 18 85 57 67 76 71 58 37 60 
71 99 10 92 57 34 21 75 17 16 100 25 79 60 13 69 27 45 31 78 67 52 96 39 18 22 14 4 17 36 88 72 7 4 7 72 83 42 81 100 72 71 80 84 80 98 70 18 30 71 35 59 32 17 99 34 22 87 2 80 3 
75 42 76 16 98 84 3 98 30 97 8 91 8 98 28 89 24 1 16 54 67 90 97 43 89 87 93 88 91 76 64 36 79 49 18 30 73 60 11 10 64 94 51 68 29 45 75 5 59 27 87 20 68 85 98 16 39 70 3 86 95 
38 69 78 23 71 1 20 42 19 42 81 52 38 49 72 58 41 94 86 35 83 19 81 67 63 8 91 12 42 47 50 87 90 53 75 92 16 32 28 77 38 18 26 76 79 22 39 42 67 38 2 23 14 37 96 80 68 65 23 28 3 
47 49 10 60 90 60 9 98 17 60 5 24 85 76 57 41 87 76 22 30 69 14 31 74 27 60 82 37 48 25 10 67 82 27 64 2 38 21 43 83 27 65 15 9 30 56 26 26 58 92 25 66 5 2 17 69 42 4 69 65 25 
61 58 28 4 28 74 34 71 29 29 10 98 58 14 21 93 38 84 48 53 100 40 8 77 65 2 11 3 29 66 80 8 47 49 21 93 100 56 4 43 14 16 32 30 61 71 53 30 82 46 35 50 50 43 83 60 57 57 22 60 7 
17 2 93 87 63 95 29 26 50 14 92 50 92 12 59 92 9 88 77 67 94 21 31 26 69 75 88 16 19 40 63 10 57 80 92 4 87 8 92 27 50 38 37 6 48 58 85 80 45 7 54 94 20 24 6 18 43 5 4 35 7 
13 63 49 83 25 33 75 18 35 94 27 79 35 14 34 89 90 40 85 51 49 29 51 57 4 21 85 48 11 32 26 39 99 7 6 10 42 24 28 91 21 11 86 15 98 7 6 22 41 21 39 22 50 86 42 13 31 87 54 25 4 
84 20 79 68 9 95 15 30 57 15 51 96 20 100 90 14 16 14 64 18 58 46 79 42 25 59 67 23 43 90 69 81 48 3 64 35 16 37 30 17 8 36 82 31 63 36 1 95 57 1 6 9 80 73 33 50 63 18 8 75 67 
29 1 72 100 13 38 29 72 88 10 27 34 82 75 10 45 32 28 85 94 100 77 15 16 65 53 93 62 46 31 92 30 74 68 64 28 75 52 85 89 75 3 77 69 27 62 30 43 90 46 21 75 63 85 11 92 99 30 55 36 32 
37 57 72 67 71 45 36 33 31 87 75 60 78 14 7 65 85 94 59 55 52 34 60 26 5 21 2 52 81 77 79 80 38 2 33 18 38 92 12 51 74 63 6 41 67 42 46 81 53 22 99 38 2 53 30 13 25 10 68 47 46 
66 5 14 17 31 14 8 84 80 93 12 22 86 58 87 86 34 8 6 25 43 98 57 7 96 43 35 38 89 16 67 56 18 72 14 30 65 85 53 18 78 61 22 55 39 35 38 77 49 27 98 90 32 59 94 3 49 76 89 12 82 
69 35 31 98 58 43 10 99 47 73 3 16 18 35 92 51 78 34 75 15 53 95 23 41 84 6 19 24 22 59 54 58 47 80 85 25 18 19 65 10 36 59 96 20 46 64 29 28 57 54 70 84 85 26 62 66 40 17 71 55 19 
81 81 28 37 98 19 51 27 12 70 80 85 37 76 42 79 5 35 56 9 12 10 5 39 39 91 52 91 87 66 48 25 79 81 16 29 53 28 21 75 47 82 11 56 69 80 64 27 5 54 99 71 26 68 86 11 66 4 82 1 16 
5 31 11 28 17 90 70 16 94 73 1 99 61 11 83 88 36 96 24 70 1 95 41 85 72 65 12 63 26 25 70 3 75 58 64 58 25 99 48 60 25 46 89 66 41 66 60 30 95 9 13 54 69 66 57 76 41 40 41 33 67 
88 58 53 25 83 22 83 86 34 12 26 54 33 11 66 65 10 85 66 30 36 22 66 54 76 49 29 20 6 39 5 71 91 61 38 90 85 36 8 16 64 76 60 69 60 19 32 15 19 84 74 44 36 26 2 63 99 83 74 44 83 
99 60 26 2 39 38 67 41 74 53 74 71 89 42 85 78 46 24 48 79 51 28 90 65 19 9 72 57 22 77 70 56 97 59 55 66 21 97 72 18 52 93 61 82 63 26 2 35 74 82 27 60 77 13 51 8 76 25 38 81 30 
8 14 36 57 25 30 70 93 30 16 80 2 58 49 66 47 98 18 8 4 2 25 5 22 13 64 7 85 36 21 48 67 71 83 96 88 97 56 14 16 95 32 87 8 62 53 73 47 52 82 32 49 99 53 71 42 48 56 4 55 51 
88 13 29 80 73 2 40 98 17 11 15 42 43 60 30 38 61 30 45 78 73 39 39 10 64 25 25 9 48 67 36 30 80 8 8 77 6 52 22 9 36 84 41 68 30 14 48 42 2 9 47 77 53 90 19 55 49 79 27 58 84 
91 1 21 48 77 96 80 59 2 19 26 42 1 17 32 64 58 59 81 80 27 63 48 14 4 86 10 45 89 68 57 27 68 2 91 13 77 17 39 35 38 34 37 6 75 97 36 42 98 37 49 2 79 31 61 37 33 47 3 24 92 
100 75 6 82 8 62 75 75 63 43 91 6 50 9 73 97 31 46 83 100 43 92 21 37 61 90 26 86 61 81 69 67 43 47 64 14 69 72 69 16 86 51 14 82 69 35 94 67 5 67 64 92 86 11 28 85 88 12 44 70 6 
45 1 6 46 47 78 7 51 50 39 90 79 25 42 100 6 28 30 70 2 75 53 96 21 26 88 20 84 7 76 17 37 83 51 46 27 17 7 29 68 40 74 100 56 95 7 94 25 50 13 61 38 46 73 30 23 76 72 17 85 23 
33 24 26 35 88 66 100 70 8 13 86 9 98 91 75 30 98 55 41 49 18 44 61 64 41 74 46 55 29 61 27 79 48 14 29 61 23 94 11 58 89 86 84 11 46 21 50 66 95 72 16 99 57 35 51 44 28 98 61 41 79 
47 42 33 45 71 82 9 9 99 10 29 85 32 89 84 23 92 67 79 33 92 29 54 88 27 88 39 67 40 87 67 49 51 66 7 7 75 73 78 70 64 39 75 88 3 15 53 81 87 40 77 5 59 9 60 72 91 48 9 10 63 
94 53 8 93 63 34 38 35 2 21 5 49 44 19 16 44 85 66 71 95 87 75 99 13 62 11 12 76 12 46 100 24 33 3 31 6 97 10 3 18 53 10 54 59 36 59 38 58 11 18 57 90 19 22 85 19 81 56 86 8 86 
14 41 10 36 9 35 97 33 2 90 57 94 5 99 77 55 89 57 46 49 99 44 52 84 38 66 72 74 98 42 29 79 44 58 69 87 14 75 54 97 84 6 74 6 85 93 31 76 13 55 71 71 75 8 7 25 47 96 28 97 27 
9 87 100 73 35 41 82 87 52 78 54 62 56 59 87 16 67 94 41 69 80 53 69 7 100 61 88 41 24 40 91 49 83 76 87 10 11 99 69 8 1 76 29 81 63 60 82 16 87 16 21 64 1 12 47 39 45 29 16 83 85 
51 74 29 71 6 14 60 19 74 45 85 36 41 80 89 80 19 56 90 65 60 88 9 78 29 58 35 10 8 18 70 75 37 84 15 54 61 15 70 78 58 52 74 42 35 1 1 11 42 51 98 50 99 47 49 26 7 4 46 100 32 
32 6 48 99 7 7 83 67 64 23 69 76 51 18 13 40 15 39 19 61 29 47 2 87 64 4 54 87 70 42 63 23 35 63 10 100 77 92 23 2 28 70 28 75 87 14 17 43 9 93 29 2 65 39 16 51 8 26 93 27 25 
13 86 9 63 49 29 32 45 80 41 17 6 32 14 68 82 14 61 81 9 56 84 23 82 24 1 67 83 70 100 89 15 68 97 29 56 76 98 48 43 97 46 77 36 1 79 57 46 86 26 97 66 92 21 7 90 71 100 56 86 98 
18 61 42 7 33 67 51 55 60 31 50 24 22 21 81 73 97 80 33 22 4 83 100 33 31 67 44 72 2 81 15 72 20 21 85 9 70 87 82 75 93 53 68 29 60 5 5 75 33 32 49 61 22 75 63 46 35 74 80 3 34 
18 36 57 65 47 39 80 23 98 51 88 54 22 40 63 89 94 72 13 46 2 81 69 52 86 7 41 4 64 22 95 97 88 43 57 7 42 18 6 17 19 92 18 65 35 94 36 16 30 46 53 77 9 32 28 71 75 80 24 71 33 
70 98 34 22 34 43 51 75 17 32 52 46 71 24 38 19 42 38 86 67 55 72 69 33 56 39 31 79 66 8 60 6 76 14 95 32 36 57 31 37 76 18 31 55 19 40 73 63 45 50 18 73 92 78 80 83 52 90 59 77 78 
73 14 2 76 32 33 39 40 77 39 16 23 47 66 67 68 64 61 50 41 4 41 91 83 19 62 26 4 92 52 97 30 6 74 2 19 63 50 74 76 52 19 32 98 89 46 82 77 65 50 92 23 88 54 9 53 10 61 94 76 71 
86 43 67 29 31 80 3 69 14 85 31 66 9 62 25 62 31 6 80 83 81 93 63 5 66 27 27 4 38 79 52 77 7 64 2 64 38 43 9 64 72 92 65 75 40 77 76 43 88 65 68 93 86 58 86 80 93 26 27 25 19 
70 61 43 38 19 77 72 38 84 34 18 9 64 98 66 62 82 39 60 26 54 1 77 16 78 94 61 90 61 43 65 20 14 49 57 5 48 34 53 28 1 56 53 85 80 86 4 20 4 50 25 60 22 71 81 84 13 41 12 22 32 
93 52 45 55 9 58 81 68 83 38 67 13 5 42 67 97 49 17 45 67 98 73 47 19 2 26 25 16 61 49 24 88 67 86 21 98 53 44 41 74 30 33 37 68 55 48 95 82 7 73 29 91 81 26 19 51 19 100 100 98 8 
80 77 84 16 34 36 74 74 25 2 70 82 44 39 14 100 85 19 83 45 76 22 89 85 22 11 62 8 27 56 35 81 92 65 24 91 1 67 48 78 70 55 76 42 80 3 20 15 87 28 92 13 98 93 36 8 22 3 75 26 2 
2 64 96 66 79 20 74 31 82 6 59 31 33 21 16 21 17 90 56 75 17 78 60 14 9 36 100 6 12 90 26 90 38 47 16 30 87 33 84 32 4 66 87 48 75 13 39 51 88 14 63 89 23 88 3 5 52 54 23 73 66 
55 26 60 15 15 91 4 30 66 65 19 82 7 20 80 94 2 47 53 53 54 55 57 25 82 88 87 2 49 91 77 32 95 12 14 81 49 48 88 88 100 1 78 23 38 93 40 10 54 8 21 68 25 74 58 73 65 29 80 60 41 
67 88 83 45 66 92 42 3 67 41 84 62 68 95 24 58 26 28 18 8 22 9 80 8 4 25 59 84 36 4 86 14 27 67 35 53 6 40 19 52 8 72 79 88 14 59 36 31 54 96 87 52 86 14 97 9 11 79 16 99 91 
18 59 45 98 26 75 44 79 4 35 1 47 77 44 62 48 66 8 82 31 48 24 19 66 68 48 99 16 25 52 83 33 51 56 73 22 96 99 88 32 1 96 16 45 72 56 45 12 11 72 29 20 44 14 48 23 6 21 75 83 22 
46 50 6 35 4 31 58 31 12 36 47 51 34 27 72 61 99 76 15 60 55 23 5 27 80 64 89 34 91 95 28 85 87 99 86 70 60 14 78 65 58 45 99 42 74 90 53 31 96 3 98 51 74 69 19 30 19 29 25 90 63 
14 16 9 2 99 76 28 36 78 39 27 52 89 68 2 60 19 61 92 15 91 67 89 100 41 4 37 2 89 89 87 61 12 25 15 28 36 18 16 99 75 43 25 55 15 62 58 99 33 82 38 61 11 28 82 34 2 93 20 10 32 
43 5 100 66 21 7 41 5 52 12 77 50 79 91 66 52 57 12 84 33 22 18 14 15 51 78 95 80 30 35 95 92 10 96 20 15 10 77 92 79 44 62 20 46 83 8 58 38 61 30 34 56 63 99 30 100 74 56 96 96 8 
25 48 79 13 11 54 23 90 37 5 44 99 51 33 63 40 82 43 60 46 85 26 67 43 39 67 73 64 38 8 65 37 23 6 84 10 75 90 87 68 50 45 30 85 98 18 66 16 35 44 43 21 84 59 58 77 8 96 18 56 42 
24 67 74 77 76 8 88 48 71 94 35 2 84 13 2 61 95 46 61 44 21 29 52 41 58 79 64 35 59 36 84 29 60 7 28 91 39 30 35 94 34 28 65 95 69 44 19 30 12 23 73 5 11 37 80 34 3 80 54 68 72 
66 15 59 59 20 22 21 19 6 71 77 6 1 81 54 53 55 30 71 4 46 34 33 90 27 6 84 1 4 42 75 60 28 77 95 86 66 59 79 79 41 48 1 4 86 55 22 63 54 37 82 31 90 7 2 41 44 64 43 12 88 
76 40 55 54 2 7 96 70 29 56 87 13 82 37 3 86 7 97 68 30 66 63 46 27 67 62 21 39 56 3 58 63 48 38 92 89 54 97 70 51 99 5 56 49 57 62 100 30 73 93 44 14 15 24 25 90 80 94 30 8 13 
24 48 25 38 62 20 52 25 6 80 21 57 94 6 82 89 20 87 41 5 83 6 50 11 3 31 6 85 90 71 96 34 1 85 26 6 93 90 76 12 10 17 89 3 11 60 30 26 95 7 7 3 55 11 58 45 14 57 95 10 65 
56 54 17 3 59 19 25 60 63 39 73 24 1 89 53 31 87 52 80 3 65 40 51 17 22 7 47 71 14 9 63 57 42 50 89 66 18 47 21 18 7 63 65 30 9 56 7 84 90 16 64 99 56 17 14 1 44 8 72 59 75 
93 32 84 21 24 82 62 71 50 31 6 97 48 81 82 41 11 45 16 54 75 56 40 97 73 6 18 56 82 44 97 68 86 57 23 60 1 20 35 14 29 48 15 82 72 75 33 52 12 31 96 31 88 34 90 31 8 25 73 11 32 
19 79 12 25 26 34 68 44 99 96 34 79 6 58 49 93 5 79 91 38 45 12 52 59 72 77 91 83 81 22 68 2 85 31 15 68 44 33 28 66 43 62 76 93 95 99 30 11 89 80 97 33 47 35 18 73 12 37 1 49 36 
37 28 48 62 50 14 78 61 51 29 90 8 17 75 53 13 90 31 40 49 35 63 70 50 31 72 57 28 5 40 58 100 82 31 75 70 36 65 36 14 10 35 80 54 17 24 41 82 2 94 2 4 14 45 80 76 42 67 51 94 54 
80 55 67 36 60 94 62 93 15 24 52 84 85 84 34 22 6 64 1 93 71 36 37 87 18 59 3 37 58 8 13 97 51 43 44 100 4 98 52 60 37 85 41 66 87 59 70 23 30 95 17 73 55 87 66 63 82 96 53 68 46 
86 57 43 70 90 87 30 90 21 25 15 95 87 99 68 30 40 15 22 92 61 32 39 14 82 6 18 31 42 68 11 70 64 94 11 16 93 35 98 91 13 30 36 8 30 53 57 6 71 90 49 15 90 57 42 87 21 73 35 78 73 
66 21 75 91 28 20 55 6 78 32 50 66 13 72 52 39 50 55 82 45 77 13 44 3 88 20 22 57 11 64 98 34 89 15 17 33 59 57 11 16 19 12 52 82 88 43 64 70 88 96 31 65 62 50 50 82 5 96 9 12 36 
59 53 56 20 89 55 29 87 83 33 68 78 37 57 47 33 36 68 69 74 77 69 11 59 7 26 70 100 77 73 92 56 77 63 71 63 63 58 68 76 26 61 4 23 60 28 85 94 13 47 82 4 74 51 44 18 30 55 40 17 96 
89 49 20 78 73 4 2 77 69 44 26 18 90 59 7 21 41 66 46 32 74 48 86 86 5 31 18 1 82 90 17 1 63 6 98 25 18 5 69 55 37 71 66 27 40 97 24 80 42 44 65 26 80 68 12 67 36 88 7 9 70 
83 2 59 15 71 3 20 92 93 80 40 85 69 58 24 57 79 95 48 20 78 59 31 18 1 86 51 20 43 61 74 76 75 33 96 70 28 40 29 8 5 67 33 46 68 63 50 74 88 81 91 2 9 68 83 35 71 100 99 76 33 
60 91 80 51 15 86 92 38 83 93 45 15 10 50 55 14 10 49 86 8 64 27 26 52 32 89 32 30 90 55 29 9 12 22 21 54 66 22 88 40 38 56 28 54 5 63 61 63 21 37 39 16 38 29 100 3 87 62 37 59 44 
83 78 64 93 65 92 60 92 56 71 86 39 94 84 82 97 28 48 45 26 30 9 83 81 89 41 70 73 47 65 61 31 66 28 5 11 89 12 6 11 20 28 73 28 90 55 88 44 24 43 74 12 47 93 73 87 82 41 6 58 61 
57 8 69 10 95 80 6 66 26 19 25 69 56 8 4 98 45 87 91 80 47 6 35 14 79 83 98 42 31 6 42 27 12 65 60 69 66 53 82 72 97 91 84 13 54 11 66 36 15 91 63 80 67 75 50 89 78 68 40 51 83 
78 29 64 19 87 50 88 33 65 12 50 18 43 54 10 67 10 52 65 49 5 66 28 20 27 47 69 27 76 52 82 79 43 16 35 57 62 41 31 69 99 98 49 37 90 82 41 43 82 93 44 86 32 58 80 94 85 9 53 85 56 
90 91 37 64 69 33 63 7 11 45 82 19 9 22 25 72 100 74 41 82 85 39 95 64 42 44 52 54 24 11 37 79 26 22 17 18 86 26 65 61 58 36 55 66 50 18 11 29 52 28 58 39 60 16 95 62 73 51 98 45 40 
81 91 13 80 70 56 91 61 50 46 32 93 90 13 59 84 100 50 58 2 77 97 64 14 49 3 41 21 82 77 18 9 40 10 22 88 21 61 49 60 77 83 17 12 84 88 30 10 91 83 22 26 15 7 77 7 40 86 49 5 41 
41 41 79 32 18 63 70 9 49 3 42 46 7 11 54 14 15 20 30 90 13 74 84 87 7 78 36 1 9 26 93 48 13 63 99 5 28 23 58 59 44 74 98 6 43 34 49 27 10 84 71 62 65 96 84 93 22 12 23 14 88 
77 33 46 30 11 47 47 44 15 36 11 41 61 58 69 2 38 4 61 26 86 65 11 54 2 51 85 55 66 29 94 66 65 93 97 63 21 36 9 93 81 37 96 81 44 77 55 25 36 7 34 91 2 71 45 53 32 91 34 47 76 
68 57 69 59
