85 47
93 10 79 16 28 91 7 27 39 44 47 84 39 31 99 23 36 21 19 4 26 85 25 1 46 51 59 1 9 18 41 33 76 37 50 32 88 13 43 77 4 27 88 80 29 28 66 
88 74 10 68 35 60 57 94 98 43 50 27 45 78 18 73 75 7 42 27 17 42 1 58 64 68 44 24 38 39 85 13 77 84 46 10 20 100 4 80 21 67 73 37 52 22 27 
42 12 55 42 16 75 46 49 46 97 30 12 7 87 36 64 60 57 23 52 70 45 49 15 57 90 89 33 43 53 38 82 26 42 63 96 27 41 47 37 17 71 66 5 57 95 77 
49 40 82 23 60 2 30 32 100 40 9 54 21 28 53 9 18 50 7 15 80 99 89 18 7 30 68 25 66 27 66 77 86 71 58 87 50 31 69 64 70 28 69 13 73 11 57 
17 95 23 44 37 43 68 61 86 69 93 54 27 23 99 71 41 85 19 46 27 79 77 89 90 58 39 47 59 70 10 3 23 2 36 5 27 16 5 6 36 54 29 50 3 9 22 
56 100 82 66 26 28 82 61 21 38 98 72 7 60 2 40 71 57 90 60 98 57 71 16 3 47 91 12 64 90 75 81 63 39 75 42 29 18 71 33 34 31 49 71 33 55 76 
49 75 99 71 53 46 8 28 100 42 52 71 29 56 100 77 86 45 38 90 62 45 28 39 15 64 14 32 36 97 93 69 49 33 88 86 50 30 32 84 93 9 74 78 52 5 48 
88 87 86 28 83 17 8 67 21 53 19 58 94 75 18 93 11 88 98 21 70 70 82 92 46 60 66 98 92 33 12 94 55 95 41 69 100 89 15 51 97 33 42 56 47 16 9 
88 5 11 95 86 19 51 22 88 3 67 71 28 86 40 98 71 6 53 4 79 55 37 42 99 60 70 15 59 27 3 66 77 100 60 49 94 57 44 22 30 85 79 24 59 99 25 
33 87 46 39 1 27 51 1 88 7 81 7 20 76 71 28 37 73 90 80 91 45 5 81 6 68 35 24 95 80 92 53 9 53 58 96 65 16 57 41 39 48 8 62 10 39 6 
100 26 28 49 43 87 100 42 10 85 58 6 35 54 34 91 74 76 94 70 64 64 28 31 29 33 98 33 78 9 71 53 37 88 97 93 94 7 43 13 31 92 65 32 2 75 90 
51 17 28 1 54 83 33 11 68 21 27 40 97 99 40 84 30 16 65 12 16 35 57 45 21 56 11 92 88 55 4 7 85 31 54 47 95 25 18 34 81 21 65 67 47 1 37 
51 51 90 51 50 92 8 46 39 30 82 46 20 98 52 85 34 39 42 58 39 88 30 25 57 52 86 47 78 12 92 94 100 56 61 63 55 73 47 85 12 100 19 89 69 63 19 
72 10 48 64 96 30 74 34 3 95 88 14 20 46 63 16 16 82 47 83 100 46 53 26 92 77 20 28 47 30 58 10 84 37 12 56 16 76 4 73 36 25 57 58 58 19 52 
10 75 42 86 91 20 88 10 12 49 38 73 86 21 72 75 19 44 64 59 25 81 8 10 15 76 42 24 87 83 84 7 48 79 44 32 32 61 49 59 5 81 54 71 83 59 34 
46 97 45 73 46 33 41 99 64 29 15 71 80 15 4 1 1 67 71 79 74 8 84 36 1 40 76 41 19 61 65 1 20 68 51 32 89 51 34 96 87 45 44 55 13 8 53 
75 21 4 69 95 23 34 5 33 75 15 98 45 84 74 63 61 20 48 62 68 66 35 85 52 78 64 92 35 36 81 77 46 95 93 87 65 23 6 56 65 69 29 43 59 94 64 
93 77 47 93 45 98 83 25 69 94 77 83 27 35 60 61 82 33 64 40 14 85 79 4 25 96 47 46 78 10 42 50 86 85 16 83 42 98 11 73 84 59 73 64 17 74 21 
62 54 61 15 7 41 74 53 88 51 97 54 26 76 8 79 99 59 98 51 38 59 31 11 15 12 19 97 37 34 60 88 11 70 26 12 96 62 9 44 38 28 81 9 34 41 93 
49 1 12 68 88 38 9 53 73 71 58 93 61 29 53 27 83 84 26 99 96 37 39 25 37 78 34 67 13 28 85 58 96 55 1 18 44 31 7 45 20 41 42 2 18 68 19 
64 1 41 69 28 90 96 42 47 50 84 1 84 9 1 88 23 21 77 1 17 42 98 39 11 61 9 44 45 35 9 48 86 87 22 69 66 22 68 69 23 26 81 19 64 53 13 
33 95 23 67 42 36 22 85 59 10 42 71 56 59 24 82 56 95 55 51 80 41 73 49 64 60 5 7 23 50 45 53 6 74 95 5 70 92 33 1 25 95 98 12 61 55 73 
6 67 87 12 100 43 52 93 31 1 54 56 19 40 90 30 11 61 54 56 56 86 5 34 91 31 74 29 58 28 22 19 73 36 15 90 57 54 76 53 42 27 94 74 22 15 74 
99 45 27 44 22 98 46 38 98 65 74 14 60 23 45 83 37 3 25 23 22 26 25 28 94 74 89 92 83 66 12 99 84 37 31 87 1 92 89 60 7 97 53 71 78 1 88 
7 88 84 96 10 63 60 91 65 6 51 40 47 68 25 51 68 2 13 39 77 34 50 77 46 91 94 10 26 35 2 17 34 38 69 18 32 66 25 74 82 24 29 4 56 76 46 
35 27 39 88 85 98 20 97 56 48 21 95 79 51 40 21 47 47 34 8 26 7 9 75 44 21 24 33 68 99 15 96 22 60 2 14 10 95 19 75 27 60 18 6 41 41 100 
61 79 67 1 18 94 73 38 72 30 55 99 13 66 51 90 61 90 60 68 74 86 4 56 74 42 76 41 98 8 81 47 16 1 25 77 51 32 90 21 2 12 74 84 26 24 76 
96 36 36 26 31 18 25 48 78 100 9 4 66 39 28 82 45 25 85 90 73 88 53 15 56 91 89 2 23 57 79 63 93 37 44 36 62 61 75 8 33 11 19 25 77 65 88 
45 15 76 27 5 17 75 5 23 69 57 47 38 9 56 35 92 69 24 49 99 74 15 87 59 62 74 53 91 7 44 10 93 44 5 39 91 46 94 76 52 15 59 92 59 77 9 
32 66 73 77 77 73 26 60 14 30 32 77 75 97 95 76 20 75 45 100 20 72 43 88 18 55 43 41 49 45 75 63 82 78 48 24 2 54 58 9 80 40 39 87 73 11 62 
25 47 31 25 61 91 47 32 36 58 86 96 62 98 50 96 33 96 79 67 73 21 78 18 4 45 70 75 58 83 43 39 24 55 24 52 40 24 56 21 48 26 17 14 68 2 73 
75 69 91 78 29 16 18 88 67 22 41 20 61 89 33 42 2 35 79 7 90 70 79 80 91 67 84 12 98 46 83 48 96 82 23 7 62 61 28 100 44 3 31 49 8 96 98 
99 39 19 25 23 100 65 67 75 6 33 100 57 6 40 43 88 84 16 12 89 22 33 73 43 65 24 20 74 29 76 43 76 15 9 99 9 1 90 90 1 36 54 48 99 32 3 
7 8 77 51 18 4 62 2 95 13 27 55 81 2 91 7 56 81 9 59 14 56 41 26 62 92 67 34 35 72 24 5 87 1 94 27 4 58 25 22 23 49 69 38 87 30 94 
22 5 23 73 99 82 49 65 67 92 63 26 13 68 4 97 3 47 66 60 88 35 8 19 63 37 100 75 7 53 13 98 97 82 58 44 19 54 92 8 91 4 60 22 27 64 45 
91 97 70 44 81 42 48 45 13 47 41 85 42 68 94 32 92 93 62 9 97 77 84 84 38 92 73 75 5 12 39 68 74 8 94 14 8 61 12 74 38 4 54 33 77 56 61 
55 91 52 78 81 56 28 30 45 16 80 1 42 41 36 81 40 11 66 41 65 69 85 6 98 50 88 86 79 100 71 43 41 7 99 46 77 57 27 49 89 29 78 70 30 2 36 
77 14 93 57 24 57 73 51 5 39 5 30 95 32 8 80 64 42 13 11 2 50 77 96 73 49 97 62 17 22 42 74 57 5 40 11 71 93 3 97 56 45 48 78 98 76 7 
49 52 67 8 39 70 88 76 54 2 56 96 83 34 67 28 83 15 83 69 10 97 82 55 57 80 57 59 96 59 34 88 9 39 80 56 58 26 86 20 53 3 24 67 51 97 64 
97 96 16 72 19 49 40 75 38 33 29 35 36 96 33 70 80 92 24 4 46 22 97 48 91 9 50 93 14 85 69 11 74 8 64 61 30 7 22 29 39 27 27 66 17 74 26 
58 93 58 12 52 97 34 68 87 80 74 17 32 95 21 68 84 56 46 62 90 34 78 52 43 86 1 69 27 25 74 32 7 82 4 11 96 89 78 7 87 91 29 85 61 72 44 
96 100 55 8 56 90 60 73 58 54 24 25 17 53 84 88 64 40 47 56 29 63 30 90 38 39 37 56 66 59 28 20 42 83 89 17 88 54 28 16 23 42 72 26 73 69 43 
92 54 83 97 7 14 37 89 86 32 12 13 100 47 98 11 2 82 96 28 68 39 61 88 83 81 94 94 36 38 91 81 10 22 68 55 49 81 63 97 98 87 77 88 73 50 40 
66 18 79 76 15 51 97 48 86 62 22 71 3 47 52 58 71 15 71 40 22 39 51 5 47 6 17 83 44 24 65 66 92 53 83 70 75 89 14 79 61 61 51 72 18 23 26 
66 11 29 62 79 40 67 80 22 25 10 55 86 11 91 53 55 57 1 60 95 39 6 13 5 81 32 32 42 71 88 38 5 67 58 8 8 3 55 60 27 14 54 25 45 25 88 
10 73 54 8 99 47 19 90 23 34 43 16 45 28 42 2 2 16 63 52 38 92 11 57 87 91 91 98 98 64 36 86 39 8 70 68 76 57 75 93 8 35 38 95 21 19 20 
21 39 6 13 17 71 66 42 27 25 79 26 55 4 89 74 60 10 41 21 59 18 33 8 36 36 32 51 38 86 14 72 37 5 96 3 67 46 43 90 16 77 75 54 83 21 33 
10 84 61 80 52 39 75 92 29 37 75 40 60 30 42 50 42 38 56 41 5 40 86 74 54 76 80 90 67 92 18 91 65 29 69 16 2 50 45 22 67 45 65 64 43 69 18 
39 55 13 87 11 21 15 68 20 83 91 78 57 58 68 79 93 98 31 50 38 3 83 49 86 88 45 49 100 4 5 94 32 78 80 64 38 17 92 24 13 68 40 47 3 6 89 
12 11 17 62 84 21 20 10 63 53 74 51 40 35 5 69 1 90 60 60 53 79 52 51 70 60 81 9 34 40 27 41 76 26 75 22 91 66 40 51 79 3 85 13 22 13 8 
4 61 12 87 70 27 46 15 20 78 42 34 41 25 78 94 62 84 26 2 79 26 33 83 46 44 50 91 73 79 35 100 8 44 39 1 93 57 74 85 79 35 82 56 53 38 11 
41 71 69 70 41 33 82 33 61 79 23 57 74 13 67 61 30 92 11 86 45 80 57 92 42 88 54 41 18 19 66 27 99 72 48 26 9 84 55 6 83 18 73 54 62 75 77 
6 41 48 74 42 48 45 37 16 22 91 95 22 1 84 1 3 25 13 28 8 40 60 9 85 16 83 64 50 57 73 38 75 5 20 97 3 45 35 83 88 94 44 42 70 100 24 
75 43 73 30 100 25 9 61 11 54 93 38 20 56 45 46 82 67 90 96 31 4 84 29 81 43 85 91 99 68 87 16 83 70 22 71 75 40 36 48 3 92 72 68 91 97 21 
2 77 71 25 52 49 58 94 41 51 67 83 53 85 42 78 66 66 36 17 100 86 15 22 47 55 100 39 99 39 64 22 49 27 63 65 76 75 48 78 14 23 41 9 36 78 57 
38 79 28 15 92 97 17 86 42 56 80 69 10 16 17 62 67 91 39 46 63 40 21 99 84 24 91 4 38 61 4 51 70 96 45 68 82 26 72 2 20 97 26 84 95 12 65 
34 84 36 91 12 62 64 51 10 76 47 89 16 14 65 48 40 26 88 97 22 12 64 75 47 21 96 77 85 64 98 7 97 81 84 97 46 38 17 49 90 59 56 15 31 38 35 
41 43 71 22 63 51 4 5 69 48 24 44 84 35 85 1 87 75 11 7 74 56 27 17 50 82 48 93 78 91 73 2 41 89 43 36 65 59 41 58 51 74 53 96 72 55 16 
31 68 99 1 73 74 73 58 98 79 43 76 27 85 60 43 52 54 14 97 97 89 75 67 48 42 64 73 42 69 92 83 11 72 10 27 15 88 86 58 42 80 1 45 98 14 99 
37 84 41 25 62 73 28 15 55 49 39 67 66 1 3 47 33 16 65 19 10 99 9 7 79 83 17 91 77 11 47 87 34 46 82 38 48 59 74 54 40 51 69 6 55 61 74 
47 15 36 40 47 13 59 66 6 70 99 69 90 68 32 33 98 10 33 45 14 6 25 94 57 82 25 7 78 41 6 18 77 32 74 72 21 12 57 93 46 6 88 10 81 56 99 
96 25 69 95 50 49 37 98 54 47 73 26 16 87 6 20 74 76 20 18 95 10 96 91 22 9 91 29 94 21 63 42 24 90 12 91 36 46 16 43 92 37 30 56 77 44 41 
19 83 77 75 72 87 90 28 87 63 4 93 82 62 41 21 63 45 37 98 34 65 54 31 18 81 30 69 2 62 66 83 87 25 4 90 52 89 8 52 75 54 98 5 22 78 14 
36 93 90 66 48 14 15 24 46 20 97 23 28 96 23 12 78 4 16 68 16 95 21 88 57 82 77 80 14 43 22 20 30 27 56 68 81 8 50 17 42 73 55 68 13 58 3 
83 88 19 72 74 34 15 27 96 42 100 78 65 41 20 97 78 34 99 51 27 5 72 92 1 6 38 5 4 51 16 32 86 17 6 48 81 18 77 35 1 87 52 42 22 93 9 
92 81 25 100 43 48 28 47 80 83 38 69 65 100 71 22 88 34 11 46 37 42 74 97 60 50 45 96 56 14 46 15 79 32 58 26 12 95 51 55 5 79 51 59 92 79 59 
36 8 83 68 84 31 32 66 72 39 61 86 55 78 94 100 60 22 72 33 37 1 23 37 1 12 79 100 61 78 90 97 6 12 28 24 27 30 52 21 12 92 26 21 49 70 38 
84 81 1 16 26 25 27 9 42 70 33 12 53 30 51 36 29 61 75 37 29 50 66 57 90 47 95 14 7 67 61 13 57 30 48 21 94 46 74 88 51 33 52 85 59 53 78 
46 58 7 23 24 13 27 74 29 28 52 44 33 14 27 51 76 3 44 86 18 72 25 66 21 47 73 8 71 73 48 61 76 52 41 70 2 48 65 100 37 76 54 50 30 21 14 
12 74 71 69 20 44 37 84 95 91 34 24 59 61 63 34 2 65 39 4 17 98 16 35 14 79 40 27 82 94 52 44 47 48 68 43 10 11 11 76 52 71 53 69 15 77 46 
59 46 49 40 18 16 10 51 7 33 7 56 62 29 88 44 38 70 61 30 44 72 38 32 90 39 93 30 71 73 19 12 6 69 21 74 57 7 10 56 52 72 64 14 31 96 17 
12 6 91 98 58 70 1 50 80 76 54 12 96 80 17 96 32 25 18 29 53 44 49 11 20 70 17 51 76 22 78 56 48 98 59 71 75 36 55 82 9 88 70 40 68 23 50 
88 87 95 47 44 49 14 23 69 70 97 58 92 25 39 22 26 89 92 62 47 37 1 68 7 93 40 27 83 64 80 98 18 3 97 6 31 99 21 62 43 50 33 52 2 6 2 
59 82 18 70 19 19 93 79 69 8 44 18 100 30 27 43 99 47 19 5 20 10 99 68 47 69 12 42 95 53 61 79 78 62 27 38 24 2 54 93 70 38 52 68 7 36 62 
25 54 79 83 32 17 92 7 39 89 89 21 89 19 42 60 22 83 67 89 78 39 69 56 55 35 29 91 72 94 75 35 80 11 56 24 54 24 13 41 34 43 52 20 4 60 89 
67 95 34 47 19 97 93 51 3 89 15 48 8 41 82 11 8 53 37 65 45 48 79 98 84 1 20 49 97 16 21 73 73 15 10 58 13 35 58 37 88 99 83 8 96 23 95 
69 37 64 90 28 67 52 80 63 45 72 53 78 49 22 43 27 98 80 45 59 11 100 34 70 34 77 31 92 94 26 56 61 72 54 44 46 80 39 36 83 58 59 94 43 23 44 
38 11 58 35 21 55 62 64 32 19 94 59 35 93 50 94 99 26 95 9 96 90 94 82 55 23 93 95 79 89 71 12 86 8 30 77 79 22 29 31 94 80 78 2 59 10 60 
35 18 25 10 67 26 8 61 20 49 3 74 54 100 4 30 48 39 90 17 16 75 75 53 73 34 100 29 4 55 48 29 25 18 9 87 46 2 22 7 20 1 33 56 97 32 47 
7 78 48 90 19 46 88 6 85 26 37 88 48 18 26 54 40 36 71 23 24 48 79 90 42 52 29 88 55 69 8 51 62 57 7 28 65 10 84 49 89 90 54 75 33 13 29 
85 58 41 17 98 45 56 67 16 85 51 87 58 83 60 77 59 28 41 38 15 42 31 45 5 73 2 11 18 75 3 8 1 53 10 35 59 68 70 88 77 1 17 100 28 13 44 
8 52 52 81 74 56 34 51 76 24 90 24 66 28 94 22 59 37 11 80 6 54 43 37 95 21 29 82 63 73 44 43 92 85 22 67 78 42 53 25 1 26 3 58 48 42 38 
49 97 70 64 56 83 22 77 55 84 39 57 77 74 90 40 31 72 23 42 50 56 58 8 25 96 71 24 66 57 88 52 79 60 83 82 68 16 91 11 3 78 95 17 1 67 38 
89 27 43 2 93 46 46 79 30 39 92 94 38 46 29 17 4 94 2 33 23 54 65 15 76 9 83 63 86 47 80 94 12 34 86 1 98 8 89 70 52 35 39 3 44 92 68 
37 28 85 68 19 15 13 24 71 96 85 57 20 51 44 51 97 89 6 73 37 30 14 65 19 97 65 39 47 86 34 17 82 18 64 18 46 32 72 55 94 63 56 49 53 45 20 
45 32 62 33
