92 69
99 13 54 73 17 97 49 18 53 63 21 41 29 23 100 62 64 1 27 74 58 64 23 88 78 67 49 79 93 26 50 98 4 53 44 69 60 48 77 79 75 71 97 61 46 34 17 82 74 59 8 95 28 66 99 93 73 46 5 85 21 58 9 95 10 47 86 2 67 
48 54 67 35 17 58 48 12 57 58 39 7 42 70 62 77 70 48 45 63 11 79 26 2 50 51 77 35 37 73 89 77 46 94 29 86 59 95 94 99 96 95 96 18 78 25 7 74 65 31 24 94 20 96 60 57 35 77 32 6 69 2 5 54 39 99 82 62 84 
99 20 11 39 24 98 71 59 84 49 14 85 25 85 21 27 12 100 69 23 75 87 95 17 30 19 91 37 58 22 42 48 29 70 77 90 61 92 10 45 97 33 21 88 95 29 12 22 59 53 47 11 84 46 87 23 64 19 75 38 79 12 19 72 50 43 20 2 70 
3 28 92 14 62 80 40 60 55 15 55 32 45 29 7 66 19 40 61 39 52 90 48 57 96 23 74 30 96 60 9 6 26 56 92 24 29 6 27 23 12 87 48 36 64 82 72 35 55 97 5 94 58 81 97 6 23 72 39 37 44 10 29 42 34 7 65 86 49 
39 16 43 15 64 84 8 87 99 48 56 81 7 58 74 31 51 24 60 13 58 51 78 28 45 92 6 71 35 68 30 31 84 54 29 93 92 47 90 82 37 57 85 94 100 92 23 56 36 85 72 97 80 95 63 7 1 84 78 56 47 19 50 39 36 75 81 78 97 
85 58 72 81 73 26 1 51 43 93 12 64 88 86 12 54 49 38 38 79 99 89 82 52 72 83 28 23 26 15 77 82 46 62 74 43 86 6 48 77 79 67 65 92 20 26 33 40 31 52 97 2 19 93 16 76 9 33 11 97 35 67 71 64 78 52 59 61 31 
70 55 9 100 70 39 71 19 39 49 7 51 25 19 26 71 96 31 53 84 40 91 11 14 60 83 66 93 82 24 5 28 87 84 23 42 95 83 14 5 58 16 6 91 44 60 100 67 23 42 34 11 47 61 4 91 71 6 28 35 74 24 38 80 38 36 3 1 68 
37 96 44 72 33 29 26 35 74 35 98 54 6 8 72 4 72 85 74 64 79 98 84 56 4 53 5 66 22 82 77 21 28 85 89 51 9 48 99 28 30 35 10 85 51 13 14 57 1 85 24 55 79 5 12 26 32 33 2 26 87 71 99 56 12 45 72 87 55 
12 88 52 95 68 90 71 48 33 17 95 79 64 47 44 21 88 32 83 31 94 87 97 26 54 29 79 67 69 41 62 28 84 100 43 55 95 14 13 6 58 25 6 95 82 32 22 66 27 14 62 22 12 25 12 1 100 28 64 58 12 97 6 55 37 75 72 54 39 
39 39 76 62 49 18 65 88 88 31 46 55 68 36 76 56 62 55 84 84 25 53 16 18 82 73 73 86 85 13 97 53 31 93 51 60 67 58 56 93 97 65 32 11 96 49 58 93 27 62 20 62 42 62 19 68 62 65 57 27 34 76 8 47 15 71 30 13 87 
59 33 73 1 73 5 43 4 44 55 84 32 93 29 35 9 9 75 65 79 74 92 36 62 10 6 31 59 25 86 59 15 25 79 97 82 90 52 84 94 39 48 79 38 55 38 46 13 13 49 41 95 14 70 30 1 63 63 73 48 90 66 84 92 92 39 60 78 70 
2 41 4 16 73 100 19 81 80 19 9 97 29 25 17 47 54 72 24 91 13 35 80 91 91 16 58 36 44 54 36 55 91 98 33 100 89 55 68 88 30 55 55 22 26 4 4 59 17 39 61 14 10 11 9 72 89 62 50 100 19 100 55 39 57 88 81 47 80 
50 26 77 37 33 70 16 77 30 30 52 38 13 81 27 34 21 29 29 63 6 38 70 80 44 53 100 23 17 48 53 55 87 16 7 56 77 42 15 41 48 18 19 38 96 81 27 54 11 90 77 22 44 23 92 30 97 93 74 75 8 98 14 46 62 41 53 52 23 
87 18 3 97 72 67 44 96 91 10 65 59 55 22 81 53 10 55 66 28 19 83 14 90 63 65 9 29 91 10 61 52 25 67 71 13 12 62 25 99 9 48 85 37 35 82 1 84 29 51 7 71 27 29 75 41 35 43 90 10 69 95 26 19 4 36 8 24 10 
54 89 71 29 45 23 75 24 2 45 1 82 39 98 53 61 10 39 48 46 88 28 48 91 44 68 65 72 70 38 91 14 44 19 56 49 44 77 35 65 78 18 80 100 16 6 27 81 36 25 43 56 12 49 88 61 77 10 69 14 84 6 97 28 56 71 76 24 22 
71 72 86 90 100 74 79 51 56 11 28 39 62 39 89 59 37 29 27 37 21 23 40 64 52 90 100 34 11 29 50 27 52 3 91 41 10 51 14 10 63 51 28 73 82 55 6 80 5 71 89 54 40 99 63 65 67 79 31 38 40 62 83 79 57 6 40 52 9 
49 71 2 68 51 18 45 60 28 29 61 17 6 27 6 80 46 28 10 72 67 31 83 73 96 78 98 50 56 69 31 32 94 41 34 35 14 23 10 12 68 84 92 96 55 73 62 65 91 45 28 74 55 34 6 28 66 29 7 82 18 2 6 88 17 84 88 83 100 
45 49 95 65 21 98 59 65 71 78 22 6 24 15 6 65 50 63 65 84 56 36 61 90 76 57 24 31 60 10 57 1 6 26 5 87 66 74 10 81 17 25 87 8 71 38 60 55 41 94 17 6 9 79 25 27 41 20 65 54 25 21 28 2 72 61 45 80 69 
54 75 73 88 1 6 24 96 35 47 73 49 27 60 37 45 5 59 85 34 46 74 24 72 9 53 17 65 89 96 2 52 4 77 43 42 16 92 94 70 80 8 97 36 9 41 20 12 49 50 9 4 44 88 53 19 98 15 21 16 36 74 88 30 97 26 51 89 71 
40 70 65 82 2 33 41 9 48 16 98 21 99 74 85 6 87 96 23 51 91 15 40 80 38 87 87 41 87 51 51 54 79 81 52 53 18 80 87 48 47 59 84 27 73 16 59 80 22 21 37 97 9 33 71 50 56 90 39 48 87 29 70 37 52 35 33 45 31 
35 16 31 40 31 16 81 22 36 89 29 86 8 79 40 60 66 88 98 69 33 2 98 75 65 32 79 69 82 11 41 74 21 47 53 3 60 80 33 58 57 54 11 46 50 3 48 89 3 55 59 57 64 20 42 54 29 11 93 50 88 86 67 74 22 52 29 89 12 
18 67 50 35 84 60 43 82 91 65 31 91 48 59 7 44 41 33 25 59 90 12 93 92 26 45 44 18 51 90 89 73 44 73 22 19 90 5 24 16 25 31 83 74 95 4 52 44 77 95 71 18 73 21 63 82 28 72 24 50 44 89 4 34 69 9 57 51 64 
58 46 49 88 29 92 24 8 27 91 13 4 56 73 63 76 59 70 91 90 12 77 21 84 66 74 36 68 5 28 74 50 15 5 79 27 40 3 42 75 76 37 77 98 12 31 81 67 85 98 26 77 68 56 28 69 81 78 26 87 23 98 85 36 63 68 93 20 52 
48 55 41 86 74 78 36 62 72 52 62 42 71 76 50 78 72 29 80 77 37 68 97 100 24 46 98 39 16 80 14 21 82 52 92 15 25 64 56 44 44 52 25 95 84 39 3 48 62 46 18 24 82 99 6 39 82 80 92 3 64 14 53 7 17 19 70 1 90 
30 32 96 57 86 68 64 9 93 97 91 49 59 25 4 14 37 54 82 43 39 54 63 73 78 45 37 94 66 61 77 43 84 70 27 41 17 23 53 59 26 25 87 50 78 34 22 9 13 77 39 63 68 72 87 6 33 34 12 41 37 34 55 29 42 8 48 48 74 
67 18 22 4 46 51 72 9 54 38 18 64 47 91 63 10 83 23 72 81 92 1 41 30 10 71 3 68 80 77 27 11 58 2 21 73 47 41 13 52 80 28 65 12 100 54 83 98 69 74 82 45 95 73 71 11 56 13 59 71 92 64 13 10 41 70 93 56 54 
11 26 97 19 91 83 84 5 48 86 30 100 33 93 50 48 7 99 39 55 20 33 35 75 98 99 51 9 7 77 54 54 54 25 70 65 44 76 56 28 64 29 32 90 40 33 38 53 78 80 31 41 89 34 90 65 71 5 4 32 46 90 46 35 34 78 55 89 91 
91 49 2 28 92 24 5 95 69 92 15 1 62 70 61 32 45 14 58 11 2 39 36 46 87 56 17 83 12 62 15 24 81 26 60 2 10 52 59 45 78 76 39 29 86 32 47 17 24 90 22 14 59 16 92 50 65 53 84 4 44 65 47 19 42 63 64 19 11 
94 82 28 11 99 55 14 48 54 75 63 100 19 85 47 95 93 87 53 28 15 20 3 82 99 73 71 73 13 12 47 80 21 53 98 57 12 1 48 31 34 77 12 48 43 11 83 59 88 91 4 19 5 9 22 25 61 97 66 50 11 66 93 93 98 32 32 83 47 
8 90 48 35 61 22 45 85 60 94 23 48 23 71 91 56 67 6 93 73 35 6 90 97 20 99 81 20 94 26 26 13 39 6 34 42 55 74 78 74 28 24 78 14 51 46 3 18 6 71 3 89 55 12 49 28 1 43 69 75 33 60 34 28 60 26 78 41 67 
32 73 56 39 53 44 89 91 100 88 82 42 100 23 25 41 96 90 3 1 6 36 80 24 69 58 27 34 23 32 75 54 84 98 54 86 64 98 37 75 31 85 52 88 51 80 20 58 85 54 34 12 72 87 45 91 42 27 51 21 1 67 84 90 33 62 68 59 10 
72 50 51 85 43 13 86 78 27 46 20 29 16 9 90 97 18 80 71 87 40 22 85 3 79 37 96 40 13 75 16 48 57 17 83 31 50 56 14 10 72 67 24 62 65 65 23 4 12 17 18 32 74 7 82 43 25 61 45 50 42 34 43 67 66 17 15 89 33 
21 14 79 82 44 15 41 24 45 35 54 81 87 5 25 44 51 40 67 49 80 87 92 10 77 30 66 38 63 12 34 64 25 96 85 13 64 55 6 62 74 78 12 90 46 48 66 7 41 15 64 18 15 96 21 56 85 27 76 70 25 48 60 52 95 99 63 46 43 
86 84 55 87 72 43 67 46 52 74 26 45 31 54 93 77 51 40 25 49 24 64 46 69 84 13 81 71 94 22 53 94 3 93 82 96 1 18 23 68 99 58 6 75 77 29 58 42 55 40 68 37 36 71 45 91 61 94 75 6 23 38 61 51 77 31 100 61 18 
44 99 55 55 10 91 56 7 16 84 47 58 98 78 97 47 37 31 45 1 23 100 26 21 23 91 21 34 19 4 51 37 96 90 75 2 10 68 87 42 81 39 23 91 46 55 22 5 6 34 49 14 72 95 74 24 29 86 93 81 65 99 13 7 87 49 61 70 25 
62 16 35 58 76 94 34 32 6 48 26 93 31 51 19 68 74 67 36 40 79 29 70 97 28 7 77 1 56 72 74 41 40 68 68 52 75 16 15 96 12 89 90 16 65 53 55 56 89 71 57 11 29 76 73 58 76 70 57 22 42 28 73 96 11 10 27 34 39 
70 14 25 28 39 77 93 29 61 40 37 70 25 19 35 17 51 10 18 71 85 29 74 36 13 81 83 54 26 94 18 29 35 91 64 51 1 63 17 82 70 45 29 50 86 54 8 15 93 49 95 8 76 36 80 17 4 89 82 58 73 51 14 28 48 90 41 16 59 
60 48 30 73 86 68 71 80 62 94 54 70 74 62 96 52 53 69 94 41 73 57 55 22 45 76 13 7 35 40 100 74 44 82 45 53 63 84 53 21 72 28 87 14 86 46 50 60 58 41 30 54 25 59 12 53 88 54 16 79 35 97 54 17 92 18 85 58 60 
19 16 29 46 84 57 18 31 25 54 96 58 28 46 41 17 93 74 62 92 72 92 81 44 99 3 41 74 93 99 100 5 70 59 66 78 32 69 1 74 97 42 64 61 70 21 89 5 19 92 18 69 56 21 67 35 24 47 4 100 47 61 80 14 57 18 14 62 53 
78 79 64 16 12 17 71 7 56 86 61 13 91 40 95 37 9 16 65 66 57 48 72 20 3 65 84 52 42 61 92 59 69 93 27 20 76 50 60 82 79 9 6 39 70 53 78 10 49 100 100 6 82 56 64 28 81 79 89 75 15 37 90 2 82 50 9 65 51 
4 32 76 73 33 74 49 70 32 26 12 28 56 62 11 73 61 11 83 38 15 26 73 64 56 82 1 80 82 68 65 61 30 23 73 79 27 50 46 70 25 11 83 19 15 18 39 27 34 48 4 10 52 36 76 90 74 91 81 19 50 50 82 37 24 2 61 28 21 
3 19 59 28 41 30 61 33 83 28 79 95 45 48 26 3 45 34 100 25 36 35 45 9 78 70 52 62 35 27 9 73 47 80 97 82 53 99 40 30 59 76 38 9 33 71 2 6 27 15 11 55 75 24 91 43 92 63 85 97 55 33 1 71 16 57 87 38 49 
36 4 55 93 25 20 51 80 69 81 95 4 77 10 55 91 83 20 64 48 54 25 60 95 73 9 29 89 1 6 60 67 94 94 51 49 11 16 5 14 37 60 1 82 31 62 94 4 47 14 45 18 18 63 59 85 48 93 89 61 14 37 21 73 93 38 55 7 88 
91 39 35 13 30 45 80 4 71 19 98 55 81 89 54 21 68 15 55 93 36 90 14 86 69 76 69 89 55 98 59 30 16 62 39 31 36 14 37 45 12 54 89 16 54 25 28 9 52 95 100 14 83 65 39 58 69 53 53 78 58 8 53 95 4 61 18 100 49 
20 3 58 74 3 93 42 21 76 24 23 26 7 15 86 97 41 16 94 74 29 91 55 78 73 45 97 6 37 68 96 30 72 81 63 80 47 59 81 29 62 10 15 50 7 26 52 3 38 1 74 32 91 14 21 76 78 47 69 19 64 50 98 99 5 19 3 63 45 
97 53 14 63 2 97 53 96 60 97 48 8 2 33 62 71 82 80 100 98 48 94 43 68 18 24 31 51 49 40 30 69 88 9 38 24 64 97 7 18 73 37 69 96 43 28 56 45 26 36 89 42 54 82 17 81 33 60 59 34 55 88 30 68 45 78 18 12 13 
30 92 27 89 59 93 41 64 31 20 2 40 1 7 76 86 55 25 81 84 95 6 43 65 48 51 69 74 84 33 59 43 65 58 93 32 89 77 12 85 38 23 41 83 18 44 30 53 26 24 26 25 21 21 93 92 8 20 8 89 59 45 94 68 90 32 27 54 53 
93 4 42 97 52 39 48 36 73 28 37 27 10 16 78 34 7 92 30 75 41 6 28 39 78 36 82 49 16 54 11 16 76 41 24 40 29 87 25 11 1 20 76 10 86 97 30 65 29 49 56 11 91 22 33 23 49 1 27 66 82 72 23 78 19 75 97 22 50 
17 3 27 17 88 20 10 65 95 32 84 70 27 99 26 86 96 11 89 94 2 98 92 48 67 38 75 33 55 79 16 20 41 6 12 40 7 71 21 99 78 70 29 11 55 29 25 85 13 98 11 8 42 34 93 99 27 45 47 59 88 100 50 51 84 22 94 44 46 
76 85 47 24 59 41 16 87 8 24 21 68 66 2 44 89 61 23 2 55 90 37 92 78 46 36 94 13 36 68 25 4 35 35 73 63 15 32 44 77 38 99 98 1 82 45 45 40 82 22 90 31 54 58 21 22 79 73 10 8 2 71 9 5 28 19 54 62 54 
13 44 68 45 73 63 100 20 94 80 49 21 52 78 83 22 58 22 15 45 83 98 94 38 39 69 38 83 8 70 38 88 74 23 1 64 27 4 26 43 3 5 3 82 60 48 16 36 25 62 41 7 68 67 74 26 48 47 17 80 60 76 81 97 97 42 79 47 62 
14 90 88 65 3 47 49 77 92 8 46 46 1 20 41 57 96 28 84 73 67 21 79 17 69 66 93 7 57 30 65 60 29 77 49 8 10 23 58 56 43 22 59 47 21 93 6 94 42 49 27 96 49 87 88 40 84 38 52 100 11 79 68 61 24 49 27 32 27 
98 61 73 9 63 87 90 95 67 48 11 1 72 67 31 99 49 35 49 98 95 19 35 40 12 23 59 16 89 50 5 38 72 23 84 69 13 37 72 22 75 90 59 76 81 51 67 84 2 60 75 63 40 100 50 37 80 46 28 29 10 51 62 22 70 26 68 12 35 
19 29 20 12 36 43 11 36 57 60 94 34 52 12 2 25 36 43 18 20 33 69 26 50 20 48 12 11 35 27 33 66 72 97 69 2 79 23 24 74 32 1 74 98 17 98 15 43 36 91 22 6 33 34 79 84 19 71 35 44 31 43 1 93 36 19 6 93 21 
75 72 10 48 88 31 5 77 98 76 69 2 66 82 1 8 91 33 68 74 47 8 79 40 89 60 8 83 37 55 2 83 63 90 9 17 51 89 63 66 24 62 87 40 16 85 1 67 100 76 67 11 60 71 54 8 57 25 55 81 33 35 100 33 39 16 74 79 27 
6 73 38 80 64 94 53 56 12 59 75 36 99 27 84 61 19 1 61 91 20 51 3 24 19 91 92 38 30 21 7 88 52 34 95 86 7 97 8 4 63 58 70 65 71 39 19 76 9 82 77 54 14 59 47 61 38 4 58 17 21 14 39 74 31 34 19 81 62 
48 43 14 33 78 13 1 99 68 3 31 52 51 79 67 43 88 14 70 49 66 49 88 85 94 48 64 32 62 77 30 3 43 89 47 6 56 77 16 32 28 24 55 17 27 7 98 86 56 41 9 63 61 27 47 21 44 71 8 71 33 17 77 14 27 78 27 24 59 
53 100 93 10 34 15 31 55 84 39 32 29 54 7 85 74 10 9 6 28 74 88 19 87 35 90 21 19 10 21 84 51 76 28 43 51 85 13 79 6 16 66 41 83 54 32 43 12 25 12 59 87 95 25 36 64 79 56 17 84 13 63 45 21 4 95 90 94 61 
55 68 84 22 42 47 36 38 52 20 47 51 10 69 40 100 42 48 61 9 49 44 97 19 23 16 56 72 86 41 67 46 83 95 85 38 85 93 90 33 39 24 44 50 80 67 51 87 69 92 73 69 95 82 46 20 74 40 32 64 69 49 38 88 43 52 66 85 29 
61 21 66 100 56 30 97 82 94 97 91 100 7 89 19 39 15 31 12 60 39 62 16 64 73 24 35 15 50 46 61 67 8 83 99 17 72 29 52 68 94 97 71 36 83 24 35 81 69 97 20 60 1 44 44 82 14 48 68 53 26 74 83 39 65 10 91 68 20 
89 55 69 54 51 93 81 68 90 73 41 15 99 70 60 4 45 48 17 11 50 65 75 75 56 83 40 69 13 98 5 34 23 30 42 34 100 20 75 71 59 74 90 91 69 51 78 9 90 40 83 45 79 3 43 82 98 42 88 67 81 12 18 81 70 17 95 4 66 
76 58 20 100 60 21 82 88 88 35 10 1 20 49 3 94 95 15 22 32 58 49 76 49 21 62 11 99 36 56 37 84 57 45 2 8 69 47 43 43 35 91 55 57 64 35 83 35 47 55 28 48 41 80 23 29 81 32 33 4 92 5 16 63 19 18 98 7 19 
98 39 38 14 10 16 70 36 16 86 51 37 65 24 4 53 89 9 77 44 93 14 80 35 10 31 25 22 27 75 50 48 90 37 18 44 55 52 13 13 86 22 5 36 16 57 48 72 3 42 30 30 9 46 40 34 58 46 73 22 29 58 16 6 65 18 74 76 96 
19 49 85 23 43 1 51 79 63 90 88 72 37 99 91 20 11 70 42 54 98 15 8 15 98 13 27 45 33 74 64 71 58 74 30 96 72 92 56 31 75 36 79 26 15 44 12 29 79 41 89 62 99 80 66 15 4 45 94 7 75 67 23 21 73 77 2 25 10 
73 18 20 9 21 32 90 7 2 7 82 14 57 25 58 100 99 17 23 72 9 71 83 12 12 69 89 19 77 11 50 61 84 9 94 76 74 55 36 82 52 25 57 69 19 81 9 30 52 50 44 57 33 38 57 47 77 50 93 81 50 75 94 4 45 29 72 77 50 
68 24 51 55 83 71 55 17 100 37 52 64 11 14 39 67 59 65 32 10 46 15 62 5 68 6 27 21 14 11 36 33 43 33 67 13 24 8 41 74 48 44 11 6 22 73 88 97 78 30 21 40 37 9 27 77 9 19 59 51 64 36 100 40 32 1 54 76 27 
23 51 3 68 59 18 90 30 65 97 66 23 29 7 70 67 65 63 62 66 83 100 56 43 9 77 73 3 42 11 71 6 78 68 18 52 26 98 9 82 37 85 10 70 58 97 17 80 75 47 85 23 70 93 67 84 94 97 6 8 65 46 3 68 99 65 54 76 77 
11 66 60 6 26 66 43 33 33 39 21 73 83 64 48 74 55 60 81 29 77 35 47 61 73 87 88 83 73 16 32 63 96 45 11 24 52 93 18 90 31 78 28 90 62 82 21 5 10 23 31 48 31 51 1 44 77 19 44 34 45 95 92 89 61 3 79 83 20 
48 52 84 52 50 10 61 1 80 42 60 52 89 63 29 27 42 100 12 57 72 7 88 29 15 12 47 28 46 8 7 78 13 15 25 28 81 8 27 39 96 91 59 24 1 35 14 57 56 25 51 15 96 17 20 24 28 64 49 50 25 74 91 93 38 28 7 62 81 
92 96 9 61 96 6 68 79 9 84 36 70 73 99 91 54 46 39 58 47 68 23 98 33 21 36 98 27 64 79 71 34 68 48 30 3 69 57 5 28 39 90 4 87 19 12 38 51 30 61 49 11 61 57 42 8 21 10 8 82 6 41 6 34 71 30 51 43 71 
23 94 55 55 86 94 7 58 72 80 9 38 2 2 24 93 50 62 69 82 53 68 69 21 16 32 91 36 95 71 64 76 70 4 84 8 94 26 27 32 42 16 55 40 50 84 15 98 95 47 44 76 37 77 12 63 77 80 57 1 32 87 42 78 44 74 83 54 43 
79 97 100 37 82 65 1 93 48 11 26 68 93 74 8 41 92 61 27 53 63 94 29 31 83 86 83 17 89 65 48 93 22 8 1 98 28 60 90 90 77 64 75 33 67 42 12 15 29 34 65 90 29 80 88 20 98 63 81 47 68 22 76 80 14 65 25 13 40 
35 37 6 73 55 91 5 78 80 62 41 59 6 36 20 69 66 74 97 65 65 11 41 76 20 89 3 40 46 43 93 10 34 40 5 28 95 40 22 45 61 88 8 10 82 58 1 48 53 19 96 7 21 24 62 85 41 39 4 75 50 43 36 7 78 61 91 95 88 
65 38 57 72 60 40 72 25 22 3 69 47 51 22 5 78 94 27 70 76 10 57 16 42 61 56 74 98 30 36 50 99 62 30 13 9 76 28 18 31 9 88 13 39 66 48 95 84 72 4 84 29 83 75 87 45 81 58 29 38 41 79 92 23 38 58 86 17 2 
6 51 20 41 66 67 26 24 15 4 15 90 81 86 13 4 6 67 11 40 98 57 87 88 69 10 80 87 6 20 47 1 72 97 45 63 38 56 22 86 74 52 72 100 1 9 23 22 1 25 88 84 52 92 44 30 18 51 22 84 41 2 31 69 95 36 13 31 23 
47 78 74 71 48 54 34 26 92 96 50 82 24 53 46 48 38 53 23 46 20 94 85 52 92 14 34 83 9 100 86 27 85 98 13 96 92 54 40 70 84 78 62 7 49 41 42 1 6 38 59 73 13 35 31 47 28 15 92 11 48 7 82 8 50 59 28 67 39 
91 46 66 40 67 39 69 7 16 1 80 17 100 26 90 13 14 72 86 47 70 35 93 36 61 24 11 65 84 5 13 6 13 68 38 22 67 90 100 99 7 1 9 63 50 80 91 32 93 49 85 68 87 87 75 22 54 1 68 27 9 34 29 96 64 99 57 99 60 
54 99 81 1 4 60 43 13 41 74 3 62 46 76 81 23 8 46 73 39 11 31 39 79 34 13 6 49 49 85 13 76 6 40 68 14 21 97 1 56 61 4 18 41 100 14 46 13 54 58 82 27 8 71 14 85 56 67 56 3 43 36 52 86 52 25 96 91 75 
31 83 27 92 53 56 76 25 72 72 33 45 39 32 94 91 46 4 95 86 96 21 50 26 43 3 43 31 67 63 3 76 100 46 50 19 92 26 45 55 10 35 44 6 80 64 45 44 98 100 25 7 76 69 83 52 26 99 42 47 10 86 50 15 22 52 62 56 98 
88 48 40 8 86 77 55 82 42 75 30 60 2 100 67 83 26 17 63 25 16 23 68 74 44 28 64 38 5 78 53 20 29 51 42 65 54 81 9 46 89 44 31 48 51 55 82 33 73 64 46 99 29 39 98 6 3 62 43 75 49 54 24 4 25 80 76 3 70 
10 57 73 18 72 42 65 63 75 32 41 49 33 4 61 94 20 37 68 87 35 24 15 35 31 83 2 81 91 33 24 43 38 14 42 96 44 75 69 25 83 29 96 52 91 27 76 72 9 17 14 77 60 27 88 23 56 40 72 21 30 63 57 20 44 95 92 20 35 
58 2 66 83 85 22 34 34 14 98 31 91 38 41 81 80 52 15 78 57 9 4 60 11 89 46 58 21 50 6 5 18 100 61 21 27 44 79 8 54 17 63 14 64 64 81 94 27 19 36 40 71 97 28 71 69 87 55 85 4 58 33 28 92 27 62 71 76 83 
95 42 4 36 65 38 71 59 69 4 1 24 11 24 80 48 74 85 9 49 71 4 9 67 93 20 17 44 72 96 65 8 5 27 99 19 14 90 100 20 75 21 95 19 83 83 15 1 11 91 21 47 63 59 97 20 42 38 85 43 17 91 82 28 47 15 80 98 43 
39 16 5 9 46 60 1 54 80 81 66 74 64 32 5 59 4 71 95 40 30 13 29 3 84 20 16 23 12 18 53 68 53 30 76 80 6 80 16 6 84 28 46 9 78 23 59 35 92 83 3 82 31 12 56 59 52 18 10 10 15 45 49 29 11 30 59 36 51 
96 26 80 39 51 49 22 22 44 66 55 94 57 52 34 38 90 62 1 7 96 48 87 15 53 92 14 2 85 12 28 85 15 41 100 60 27 76 62 14 66 24 3 48 70 51 98 2 84 97 29 37 83 1 4 54 67 47 2 49 70 58 42 41 1 91 10 71 70 
65 45 62 25 54 82 66 69 70 79 100 89 31 99 100 86 68 79 4 66 55 91 21 9 20 36 7 83 83 9 73 47 81 27 97 54 89 85 37 51 50 52 63 97 47 50 3 57 87 33 58 30 74 95 25 71 88 3 94 16 8 46 38 31 28 27 76 8 79 
52 57 22 95 63 52 61 77 43 84 61 89 90 100 32 78 18 78 66 81 71 39 16 40 61 77 76 39 43 10 43 22 15 93 68 10 58 79 95 36 62 63 73 74 46 37 39 57 18 35 21 19 8 33 64 2 10 79 45 76 33 36 72 33 89 22 85 61 90 
83 10 54 3 29 13 74 33 70 79 17 70 93 37 54 50 97 98 66 69 35 82 73 66 82 6 39 12 95 79 86 11 93 75 78 90 46 45 85 14 86 9 77 37 56 60 70 68 3 21 52 69 50 40 24 10 99 81 22 70 1 72 83 81 96 56 4 26 21 
46 3 98 66 16 40 100 99 49 51 39 50 94 28 60 64 18 59 36 96 98 41 8 39 28 86 23 69 80 40 40 31 71 24 89 81 76 60 31 11 9 77 7 26 11 82 44 28 92 40 22 72 83 72 54 82 21 94 39 79 36 47 44 63 21 40 31 92 1 
36 82 15 50 32 20 12 55 46 78 63 18 25 10 16 59 75 24 42 5 34 59 19 74 67 38 78 2 12 72 51 92 20 96 12 70 61 65 12 74 5 38 68 97 41 49 43 7 58 17 38 79 72 52 4 4 89 74 76 40 30 59 33 12 76 35 41 37 42 
96 53 77 21 19 80 73 12 59 58 9 77 90 30 20 3 94 7 34 89 55 100 35 20 13 71 90 52 81 51 33 89 35 20 35 11 3 46 32 62 92 20 36 4 51 56 15 87 92 92 30 88 79 31 29 4 59 24 45 12 67 61 88 44 47 88 81 72 60 
83 12 47 7 18 56 27 28 21 64 16 92 46 22 56 52 24 16 4 18 37 57 69 81 36 38 49 60 90 37 14 11 50 24 87 29 60 66 50 1 76 79 18 44 46 2 15 75 11 96 74 57 17 38 17 30 12 33 46 42 50 61 67 64 84 92 70 27 45 
13 1 22 41
