81 81
33 63 52 31 99 30 47 36 71 93 93 65 76 64 35 77 28 83 69 5 46 25 85 48 95 34 78 57 90 86 37 98 15 22 22 26 30 23 27 72 31 16 21 42 65 77 52 45 95 58 71 22 7 20 82 42 73 6 79 24 34 10 28 23 14 7 52 63 22 10 7 36 6 32 50 54 98 42 66 57 51 
38 5 61 45 26 76 98 35 66 2 64 62 59 8 9 57 56 44 93 56 52 100 43 40 6 69 59 27 24 7 51 76 44 74 10 17 38 33 37 87 45 83 56 54 20 15 13 78 4 64 14 28 13 97 77 77 64 97 63 60 63 50 94 18 83 71 8 63 93 71 4 46 96 52 63 9 50 93 17 75 5 
71 73 22 68 2 50 97 54 10 88 20 38 80 58 33 24 55 13 75 70 82 81 92 31 71 67 81 52 100 75 21 4 54 34 42 97 96 46 51 83 17 5 57 69 60 75 40 58 74 92 100 86 36 50 45 49 27 63 8 31 6 69 56 4 92 73 43 58 73 41 60 48 85 34 33 85 98 45 32 66 44 
33 40 33 15 85 93 43 1 26 83 70 59 49 23 66 97 18 2 76 3 15 80 69 46 42 37 22 14 1 5 56 6 5 45 10 79 68 95 28 40 86 18 90 17 97 3 41 41 13 15 58 38 45 7 57 88 83 4 19 41 5 91 55 27 90 56 25 66 74 12 44 12 50 45 23 50 27 81 38 25 83 
66 78 69 73 69 80 68 20 96 29 54 90 58 52 40 89 32 24 94 79 45 25 54 10 15 68 41 86 7 89 8 2 91 88 36 40 97 31 97 5 23 7 73 84 9 22 67 18 87 96 90 90 91 21 24 38 33 37 83 50 37 49 14 91 9 81 55 23 32 94 20 34 82 18 99 48 53 70 66 74 83 
36 27 81 25 12 17 59 91 52 47 31 1 66 28 59 66 53 23 60 42 8 4 56 93 66 7 76 2 19 17 35 10 78 88 91 86 67 46 7 33 98 49 5 58 45 61 24 88 79 79 89 7 38 17 65 92 98 21 94 4 86 62 99 34 34 37 92 17 46 93 71 23 46 17 48 75 46 22 92 92 72 
7 48 3 71 51 38 71 99 6 24 7 11 39 76 51 21 46 21 67 32 65 87 45 34 24 68 21 88 77 13 10 19 72 7 14 56 63 4 73 28 41 28 98 25 84 28 3 95 68 80 52 66 30 8 2 74 53 37 100 48 92 57 65 81 45 69 55 93 100 5 28 21 82 93 3 16 19 61 57 23 66 
38 92 47 53 32 19 23 33 96 87 26 90 39 98 61 14 33 51 9 42 66 54 52 30 39 12 29 38 69 96 9 17 95 10 64 25 77 40 9 38 47 96 45 60 26 70 100 43 1 26 89 26 96 20 3 32 90 90 68 88 91 89 67 3 52 68 28 66 5 25 99 18 27 5 53 81 32 95 50 73 72 
8 40 55 14 81 62 76 29 36 24 50 83 96 82 58 71 92 44 25 34 93 38 73 41 99 23 29 88 37 34 23 10 92 62 57 95 83 94 34 10 88 50 31 17 92 85 58 54 15 72 77 91 46 41 73 55 34 83 77 74 54 49 62 79 84 45 21 25 20 3 51 17 48 18 95 13 75 42 21 27 9 
63 94 55 6 33 40 3 66 20 19 50 84 34 29 75 82 67 34 75 41 64 86 100 93 95 11 75 27 61 81 20 9 93 40 88 50 45 38 52 23 11 21 28 21 2 80 58 31 32 8 29 82 97 76 40 3 69 97 87 85 59 49 28 93 96 12 33 38 50 9 97 100 23 35 68 75 72 79 25 39 69 
51 23 99 96 35 85 58 22 11 49 5 60 46 10 39 57 98 14 54 60 39 72 98 17 12 11 15 37 7 98 86 30 100 4 31 91 90 83 78 87 97 45 63 59 71 60 60 63 12 7 97 62 95 40 21 73 96 47 92 32 51 6 55 90 18 75 44 90 10 79 82 94 66 76 55 97 36 33 76 80 68 
68 92 48 86 93 41 30 59 17 12 66 11 38 99 49 66 13 16 42 45 83 63 95 86 52 28 49 30 89 6 72 73 69 11 56 99 95 34 20 38 10 1 55 100 16 42 65 63 51 16 34 22 73 81 98 57 39 19 4 20 48 44 24 59 66 82 91 2 70 79 96 60 28 36 18 73 30 8 83 25 1 
32 27 13 59 68 70 72 15 84 22 86 66 48 80 91 28 21 72 39 78 25 70 49 29 17 56 98 34 61 78 60 23 3 93 3 15 56 99 18 74 63 34 52 63 83 39 60 41 60 53 31 43 25 45 58 43 28 72 56 82 96 44 77 30 59 7 50 47 16 2 11 26 84 48 19 59 49 94 83 74 54 
98 81 89 100 46 34 60 72 75 70 25 87 33 71 12 78 54 65 29 90 15 64 33 62 81 66 39 82 56 42 44 8 44 66 36 41 57 49 43 11 20 44 46 100 22 6 79 61 57 61 100 84 1 79 66 31 21 53 85 90 34 11 49 18 39 8 9 79 17 44 75 51 64 23 99 48 15 71 21 28 49 
4 64 15 13 95 16 45 31 17 82 48 23 94 39 96 66 45 58 41 58 46 90 25 43 34 63 39 99 49 44 51 70 33 89 62 26 1 25 77 48 37 79 69 76 89 45 73 18 57 37 32 37 83 99 17 28 13 54 20 59 20 2 57 31 1 11 15 41 59 12 54 16 5 54 69 4 90 78 39 30 98 
96 20 98 75 66 62 68 8 20 45 66 57 69 60 20 3 30 60 17 84 81 26 86 94 89 100 77 48 68 96 7 74 53 81 44 39 3 18 18 80 5 32 85 94 96 90 34 83 82 90 35 25 52 55 50 51 62 86 16 84 26 73 100 33 58 90 4 18 70 95 7 32 21 6 35 30 19 100 5 93 63 
1 35 53 61 30 41 4 19 82 39 37 44 46 62 97 25 29 93 49 43 22 38 81 81 27 29 22 22 29 8 66 5 57 44 40 57 23 67 58 67 53 54 15 66 15 57 40 69 80 56 34 14 15 56 85 23 58 67 88 37 3 96 9 5 94 19 14 74 94 7 28 18 95 25 50 48 31 20 41 34 64 
57 99 92 10 9 54 92 65 8 11 48 32 24 10 57 15 3 4 61 55 50 42 44 44 2 39 98 99 63 29 68 37 51 36 31 62 92 36 29 18 37 32 19 81 89 70 58 97 97 61 15 37 23 9 52 72 68 37 4 43 4 7 79 90 86 28 4 48 33 25 72 90 93 21 30 34 31 32 1 17 60 
33 50 93 63 75 84 50 25 97 38 43 100 91 11 21 100 19 68 60 9 63 95 89 41 13 45 31 93 16 44 52 41 65 59 27 45 74 76 92 29 62 20 95 86 78 8 28 54 53 21 50 64 2 100 95 68 65 72 28 64 91 81 25 16 28 23 67 22 10 98 44 2 8 87 83 100 70 74 80 67 63 
21 18 21 68 25 55 55 99 76 68 35 100 99 18 80 86 69 21 18 70 19 55 81 3 89 10 22 21 85 49 80 11 99 52 73 71 5 91 70 66 95 49 6 67 89 25 21 36 36 20 96 82 43 12 33 80 59 33 73 59 13 43 64 60 6 91 56 62 7 21 8 42 91 21 55 61 41 36 53 65 18 
17 29 54 2 73 11 94 50 64 17 55 95 5 5 59 8 32 45 74 33 38 17 36 2 53 96 93 6 16 77 57 54 48 64 75 97 96 98 33 57 31 53 97 1 21 19 58 20 87 24 14 14 70 74 11 18 68 49 87 40 97 20 24 68 5 54 8 90 79 28 46 95 17 25 45 100 37 79 32 6 24 
50 2 82 12 11 99 46 12 47 11 59 82 32 75 64 96 26 61 83 20 29 76 94 60 51 44 29 78 81 86 10 63 55 3 1 70 51 57 5 43 26 14 15 76 21 41 62 53 49 23 70 87 54 59 33 46 21 77 19 63 44 51 64 11 42 59 31 10 39 67 65 14 29 87 24 56 20 55 34 59 99 
57 13 54 43 95 71 52 31 76 37 58 45 87 76 93 92 60 4 41 47 80 45 25 76 67 2 32 17 72 28 15 23 43 7 95 95 45 86 42 90 81 81 89 51 18 38 57 24 38 45 39 70 33 13 32 93 33 98 20 59 80 80 13 14 2 11 56 35 64 5 96 10 17 82 58 55 25 62 35 99 4 
80 51 24 32 53 42 45 81 22 6 82 91 74 61 67 65 51 51 42 69 100 81 42 80 35 35 41 87 37 79 17 78 34 27 86 40 61 53 75 79 55 76 48 50 75 54 86 44 86 65 21 71 95 54 14 44 38 24 44 77 69 28 21 96 32 53 24 82 21 43 93 44 10 56 74 24 29 10 53 63 72 
85 68 78 63 23 27 35 82 3 64 29 79 8 23 35 64 18 61 80 61 49 23 3 61 40 71 13 33 95 18 55 65 37 34 90 90 16 25 16 95 50 55 5 8 97 17 86 84 82 10 48 29 91 94 28 86 24 69 10 68 98 41 67 53 47 27 36 49 45 56 68 1 83 94 97 74 60 96 17 46 73 
10 98 86 76 42 36 91 78 60 70 60 27 55 56 56 12 84 75 24 46 75 41 93 52 52 55 79 48 67 73 72 90 58 33 74 66 10 22 18 37 25 41 19 45 4 89 26 100 29 23 52 38 14 41 93 46 87 61 10 35 39 13 45 35 38 53 54 7 15 58 6 40 68 36 4 98 99 46 84 47 41 
65 47 62 10 12 90 56 47 90 62 7 67 5 84 46 29 18 35 32 48 28 95 100 52 58 90 88 33 19 12 92 29 72 11 78 7 77 4 44 9 43 57 13 73 29 7 64 96 21 71 61 42 97 84 93 94 43 35 68 65 45 59 13 53 16 58 66 60 4 92 8 36 19 90 81 93 78 61 100 66 9 
72 34 69 5 15 39 73 20 78 46 68 71 10 88 100 62 86 25 57 5 68 49 86 78 41 95 1 23 94 36 19 62 57 78 76 2 55 21 54 43 39 50 17 57 75 34 14 1 74 9 4 41 22 39 100 41 74 59 42 45 22 90 97 52 97 71 15 86 36 29 65 67 90 23 33 72 36 35 64 89 49 
88 39 79 100 50 52 54 33 28 6 35 21 48 62 52 14 47 83 32 94 89 17 1 83 3 8 67 71 82 74 43 25 23 42 99 88 26 34 64 46 47 57 33 39 100 66 22 75 55 80 28 26 62 50 55 54 72 5 66 58 65 95 70 61 26 38 29 33 82 30 40 89 80 31 55 85 7 90 52 32 70 
49 71 30 47 97 32 19 39 32 10 8 14 100 78 65 29 86 38 14 99 82 52 86 7 3 94 1 32 2 32 17 50 39 36 35 46 42 28 47 95 38 81 29 26 84 67 29 83 60 10 45 65 57 91 82 64 57 89 64 9 25 5 46 73 41 12 74 30 96 36 16 54 43 74 29 69 36 98 25 93 1 
67 73 4 77 49 95 75 54 24 47 72 11 52 51 36 20 97 37 6 28 75 27 46 43 94 48 15 36 94 77 84 95 51 6 40 23 43 66 15 58 28 88 62 2 71 44 59 80 69 85 87 29 62 93 25 4 59 58 71 51 40 21 33 66 77 88 36 30 52 52 77 76 40 29 55 91 32 90 78 32 84 
47 85 52 39 40 61 73 32 99 14 41 82 14 71 82 74 95 25 94 16 51 45 53 44 72 63 5 59 63 17 96 72 46 83 33 44 82 46 32 54 39 25 23 95 54 49 45 44 67 75 69 72 53 87 76 5 87 33 86 43 60 87 34 15 37 71 39 76 45 26 5 7 82 53 5 12 62 38 74 42 13 
58 29 83 57 22 10 62 77 18 70 64 58 86 43 68 46 71 23 64 39 64 26 57 96 53 86 67 39 27 87 93 35 50 42 5 46 27 86 35 9 75 54 66 11 28 34 64 60 8 64 95 19 11 64 80 50 48 19 15 99 92 13 7 38 95 97 27 22 95 17 21 17 58 86 26 97 86 89 18 99 82 
31 21 29 72 2 27 6 97 20 44 76 33 19 67 95 72 78 96 32 40 51 63 68 31 73 7 70 47 28 86 51 89 19 87 57 3 89 94 33 29 24 71 49 30 17 69 40 2 20 20 72 62 11 45 90 92 84 73 36 57 16 37 100 32 9 32 38 48 24 93 28 44 23 34 81 18 57 90 75 5 55 
71 22 15 29 67 83 39 6 80 82 42 57 49 30 53 12 92 98 70 5 77 53 78 38 76 86 90 29 81 98 5 69 82 10 5 79 6 75 46 52 49 11 87 62 53 57 58 57 95 37 54 76 44 70 3 45 26 23 18 65 38 11 61 3 12 80 94 2 49 94 51 93 24 9 92 15 46 65 92 36 34 
73 69 86 41 42 26 39 46 68 66 2 74 44 39 96 18 92 24 89 97 1 98 58 79 43 81 10 78 34 39 92 28 7 68 91 17 92 60 81 91 81 50 55 71 63 37 70 46 22 32 98 24 22 1 99 20 97 93 44 44 12 82 98 90 23 98 22 78 50 21 82 78 2 69 10 32 63 92 41 79 26 
1 97 20 14 75 23 42 3 94 60 44 76 11 13 62 85 86 84 31 71 25 15 86 23 80 92 30 4 44 50 86 45 37 27 21 38 7 31 38 9 62 4 99 4 48 58 82 10 79 88 1 79 60 39 19 48 24 71 55 50 100 93 37 33 34 4 37 80 54 14 62 11 98 64 64 42 22 72 82 24 82 
55 87 30 17 43 81 33 94 23 74 25 10 89 27 96 1 51 90 98 40 85 96 90 26 37 15 96 97 56 52 9 83 9 69 12 26 3 33 46 73 96 96 21 20 19 12 20 38 65 84 10 28 83 16 4 49 59 33 76 40 2 50 91 22 53 71 13 13 50 66 76 60 44 12 30 15 18 45 7 97 49 
97 6 84 37 28 66 65 5 81 57 89 53 92 48 95 91 94 17 47 9 100 89 42 2 54 76 19 43 41 75 81 16 87 69 42 67 99 37 52 60 31 42 82 17 20 39 49 8 53 45 100 63 16 2 28 4 2 80 24 13 72 58 16 49 21 51 7 16 54 87 43 15 36 5 96 55 8 3 86 92 5 
79 7 17 53 16 42 31 13 96 21 69 10 71 44 9 84 67 55 84 51 78 94 35 54 49 79 55 55 66 24 6 84 68 49 66 83 78 32 66 54 13 11 75 52 14 30 96 31 35 62 64 40 80 9 27 32 10 47 56 26 35 40 19 76 97 71 99 3 19 98 69 5 48 63 18 58 99 26 17 66 70 
12 36 68 83 47 36 83 92 83 63 40 62 25 11 37 76 87 92 8 53 23 10 59 19 11 78 46 22 99 85 5 84 52 75 72 90 58 18 41 27 13 32 85 19 61 64 37 55 17 12 50 75 84 59 83 44 63 93 2 95 75 91 73 57 71 10 58 89 36 32 45 15 95 10 5 26 14 5 26 45 83 
52 46 60 37 32 93 6 65 88 1 46 28 28 9 2 93 29 85 79 2 15 52 56 22 37 77 51 69 100 32 89 12 95 39 38 62 86 46 52 95 50 15 83 23 67 62 93 78 75 82 14 95 74 56 46 62 79 36 10 34 22 25 65 63 46 69 16 23 80 81 64 70 85 77 34 76 53 27 7 90 16 
64 61 73 26 35 18 14 17 79 72 69 86 55 48 37 4 68 86 39 56 46 53 78 25 82 3 55 1 40 20 60 81 15 32 14 94 77 30 84 1 97 51 50 45 49 46 66 90 33 20 83 19 65 67 7 95 55 51 15 5 53 41 94 50 43 95 51 43 12 48 14 63 78 76 44 94 16 67 21 47 19 
43 44 91 47 46 85 75 42 12 65 94 63 40 94 98 85 63 100 13 54 62 13 63 70 64 36 70 71 15 12 12 11 57 67 96 39 70 71 68 93 76 69 78 73 23 5 90 40 30 33 79 23 66 97 16 18 41 66 16 10 62 49 13 55 15 51 98 70 47 67 35 48 13 7 1 3 96 38 14 69 9 
6 29 85 18 50 30 57 53 90 81 41 12 77 97 25 89 11 39 11 49 7 63 41 9 15 18 50 93 43 80 58 60 98 25 86 76 55 2 55 26 88 93 49 1 16 41 57 96 86 98 46 52 96 61 2 30 45 58 52 85 38 27 25 92 39 64 82 95 73 20 4 70 55 79 29 97 50 8 13 70 65 
97 71 60 9 28 59 62 40 21 32 40 44 81 14 63 11 89 7 62 96 95 97 76 44 16 25 69 71 55 87 93 92 97 27 46 60 57 26 36 93 18 51 21 21 27 63 15 19 50 7 67 20 32 82 16 59 79 22 15 70 93 99 63 63 33 97 44 27 60 57 68 52 97 51 98 61 4 42 3 18 99 
73 29 13 22 69 81 56 57 83 32 44 95 95 30 62 81 45 92 95 44 23 54 85 83 87 34 96 13 79 98 18 37 42 32 75 50 68 9 47 45 21 21 25 85 21 21 56 95 80 24 20 69 65 74 44 8 24 93 93 41 28 90 49 32 25 28 45 23 46 87 28 44 18 76 17 50 45 15 70 61 53 
74 58 93 14 88 68 43 69 3 57 5 79 46 92 63 14 33 100 6 32 51 14 62 44 27 23 30 1 74 12 11 28 72 69 22 62 76 86 33 46 29 28 72 7 54 51 46 13 96 84 91 84 21 10 14 74 1 21 27 83 41 78 86 82 88 84 24 33 62 10 65 87 93 50 71 25 45 46 43 71 31 
81 21 89 62 72 92 97 58 21 62 78 8 16 97 2 49 68 60 44 22 72 32 1 24 67 22 32 73 20 51 79 19 74 1 60 92 8 94 12 89 4 50 39 15 61 66 84 19 93 9 70 48 92 38 79 14 98 32 92 2 35 13 41 4 85 58 39 76 13 89 63 20 90 61 76 86 34 50 8 26 99 
80 87 13 73 54 21 88 29 69 33 78 5 7 42 99 4 45 29 95 73 24 75 42 99 23 96 93 12 87 27 29 26 37 28 3 45 96 4 100 82 23 8 34 31 89 73 14 28 69 30 43 86 49 46 43 54 89 32 92 52 17 40 58 21 31 88 92 50 22 19 40 82 8 32 46 1 56 74 91 85 31 
67 70 9 60 91 79 17 71 82 88 5 24 60 37 33 43 59 98 53 61 34 94 92 96 50 78 22 76 94 4 43 87 95 34 82 22 31 2 18 100 69 95 70 94 74 56 14 40 26 59 5 84 62 84 78 48 64 7 88 92 96 95 5 52 98 81 68 11 4 33 58 33 13 18 34 62 18 40 88 83 36 
57 80 36 94 61 74 51 76 23 13 89 52 3 80 62 85 33 81 74 89 54 72 53 27 42 38 30 68 41 43 87 29 94 100 68 98 77 53 50 46 72 30 58 47 100 9 15 63 68 55 67 42 86 70 33 86 97 42 43 49 52 42 61 10 85 10 74 55 47 55 45 96 40 27 96 76 22 5 28 64 9 
43 88 36 10 90 100 26 33 26 20 96 55 51 69 10 62 6 18 23 21 60 59 12 37 8 78 47 72 19 12 52 28 21 71 50 8 49 43 80 81 90 53 89 39 36 66 53 5 40 77 9 82 12 77 6 81 100 49 44 20 70 69 16 13 81 28 44 61 27 38 75 52 17 12 53 21 2 65 27 77 16 
31 90 74 98 2 48 46 85 65 100 34 13 19 75 36 70 44 55 82 12 20 95 76 16 66 55 51 89 33 17 56 21 35 28 13 71 99 12 51 25 17 22 12 73 83 74 81 90 10 98 50 24 81 93 64 79 2 11 79 40 35 30 70 68 18 26 8 55 55 89 64 73 42 31 19 14 29 56 84 23 28 
1 76 54 71 43 76 50 38 14 52 37 86 7 61 18 16 68 69 10 15 76 37 68 83 21 55 32 88 21 97 46 3 1 2 68 95 20 20 29 38 99 86 30 95 79 22 20 39 15 41 32 47 88 2 4 21 7 16 31 48 33 84 14 81 81 7 60 52 89 20 99 39 82 24 36 93 42 25 45 6 6 
64 88 10 73 43 55 47 6 31 46 19 21 30 77 86 37 95 66 28 80 52 1 85 23 80 15 5 84 63 48 7 90 79 15 21 75 56 91 26 84 26 86 2 68 29 65 77 41 42 24 35 80 68 92 59 27 33 90 11 26 6 36 43 29 60 18 19 31 21 58 30 20 31 31 92 58 30 64 59 78 52 
9 10 10 76 81 22 77 23 59 14 11 75 6 17 97 13 38 37 72 2 28 70 34 36 93 35 100 62 44 8 75 65 64 45 80 28 67 37 34 26 20 43 79 75 6 77 78 72 90 62 27 11 95 30 95 67 88 39 33 35 66 39 41 17 2 23 32 93 69 45 37 18 74 49 35 57 4 13 34 11 89 
7 14 73 33 76 45 14 71 69 53 11 5 12 27 44 75 52 70 57 54 94 2 72 61 9 74 20 19 51 75 29 18 8 51 98 8 69 43 35 68 45 93 97 27 25 29 14 35 66 88 85 15 3 25 58 57 90 20 86 97 91 52 30 66 24 18 12 2 20 54 49 1 14 4 85 50 15 23 96 5 51 
80 62 28 36 47 81 37 49 94 50 60 46 30 77 93 7 17 21 52 10 60 44 35 77 38 14 11 64 62 88 47 87 98 87 89 27 19 14 18 34 42 96 93 96 48 40 91 99 50 15 13 30 16 8 1 29 40 42 66 24 77 55 87 11 24 3 14 85 5 23 16 84 11 51 59 68 62 14 59 97 49 
33 63 42 27 57 73 19 84 8 95 91 8 30 94 82 68 12 6 61 78 78 87 60 34 65 16 22 36 63 99 92 100 94 64 82 4 43 85 55 5 64 57 64 80 40 36 22 33 89 22 12 25 77 55 49 45 65 67 68 47 51 45 29 57 4 97 64 39 50 82 36 32 46 5 87 88 48 16 36 20 61 
2 5 10 90 12 64 71 95 7 15 50 7 74 47 31 46 34 69 36 26 76 50 23 6 76 41 44 16 80 58 88 74 10 42 42 44 89 68 1 48 81 86 10 21 94 40 67 88 95 60 76 19 47 46 29 12 55 18 37 3 70 12 93 19 62 3 8 6 19 90 49 98 89 71 70 22 85 92 32 14 55 
34 86 10 15 92 34 81 89 81 98 100 35 9 20 36 89 77 72 70 6 77 29 70 50 6 54 34 98 81 58 56 76 66 2 9 67 15 43 11 73 35 7 1 27 90 11 17 84 56 79 67 90 2 81 4 70 32 94 82 18 72 69 94 72 70 73 61 60 36 63 15 54 23 84 29 34 83 41 67 52 75 
83 89 79 97 3 89 7 33 71 88 1 55 86 28 80 66 62 79 90 62 91 58 69 34 66 72 11 71 11 72 54 75 51 64 84 81 93 27 74 96 72 42 7 78 60 34 84 51 37 69 21 26 85 18 6 60 32 18 55 66 83 37 73 39 92 16 59 67 75 76 67 86 33 31 32 81 32 41 27 61 19 
41 85 52 35 57 5 100 3 55 62 2 16 82 76 24 96 69 18 22 99 34 74 6 35 6 40 23 40 27 3 39 99 34 21 87 24 50 30 30 17 4 32 100 94 76 46 94 98 15 17 7 15 55 30 1 32 57 34 60 18 49 58 70 53 55 35 36 61 24 60 63 53 79 1 79 98 33 28 52 10 75 
82 38 95 38 61 90 31 31 83 33 62 52 25 77 30 10 37 94 21 21 97 59 68 33 45 8 71 55 14 42 21 3 76 22 77 99 77 66 41 80 99 46 90 58 92 25 61 2 72 14 68 64 27 9 100 83 3 86 81 56 16 54 66 52 94 23 91 1 43 29 24 19 90 86 24 73 99 89 18 67 91 
71 67 25 59 86 96 75 24 31 93 34 2 9 25 11 37 98 64 94 75 18 83 30 71 6 8 52 37 14 53 41 80 2 73 60 52 1 80 27 24 19 2 68 23 10 23 94 45 91 17 73 76 82 99 92 96 77 48 66 20 20 99 24 61 62 70 5 20 71 93 49 87 55 60 53 52 30 95 87 58 41 
65 50 4 8 31 54 47 28 14 69 46 2 63 16 60 100 38 48 29 56 82 87 69 63 83 35 49 52 57 73 51 73 52 85 1 61 51 58 17 46 33 96 36 29 98 17 70 24 54 21 32 55 39 19 61 90 16 5 26 30 66 31 74 38 14 55 64 8 75 81 34 12 34 31 25 76 35 24 26 61 17 
44 69 41 4 55 60 13 99 7 47 60 61 11 73 45 88 18 9 62 96 35 25 26 100 74 75 92 50 99 95 100 60 17 100 93 94 38 30 59 62 97 31 11 54 24 5 62 33 47 72 38 89 93 92 79 79 41 96 68 31 39 80 16 41 20 69 68 37 76 39 17 3 83 15 31 42 50 58 40 73 34 
40 29 34 29 37 56 47 28 54 69 11 5 59 46 46 86 75 61 3 73 91 67 77 53 60 99 59 33 23 63 25 16 58 67 28 84 33 96 41 51 31 99 33 91 6 49 59 25 71 73 46 5 93 76 68 47 7 44 92 81 66 68 36 15 18 59 78 95 56 32 28 39 99 69 85 23 69 74 54 71 61 
15 93 8 59 36 57 50 55 97 66 38 49 83 78 69 72 50 68 69 18 83 33 2 84 99 68 91 34 61 37 30 37 36 53 86 31 100 51 64 55 99 55 76 77 59 20 60 52 27 95 5 34 98 42 33 60 19 93 21 88 41 8 32 11 64 8 43 30 8 19 10 10 62 42 71 54 41 61 26 46 87 
98 9 22 76 9 45 61 58 84 68 18 34 25 52 46 26 24 79 7 59 23 53 45 41 55 60 56 61 89 50 29 65 97 48 72 46 78 92 1 27 73 52 85 53 14 13 95 31 9 63 20 6 57 75 68 64 3 81 58 10 61 96 62 2 57 86 41 60 51 84 17 7 9 96 21 2 90 25 26 90 81 
93 95 65 41 10 43 1 1 39 78 100 88 47 25 82 52 58 89 57 66 75 32 21 16 86 90 40 98 75 99 24 6 35 62 3 21 5 54 93 49 35 66 40 82 33 86 96 37 62 15 38 50 39 24 99 92 73 95 16 13 35 22 60 60 19 51 16 75 87 68 59 20 3 75 58 11 33 65 41 41 29 
21 90 60 31 19 9 55 9 41 74 35 93 59 67 61 43 66 21 74 38 10 20 33 13 96 73 76 43 33 88 42 20 9 94 83 50 2 33 28 11 73 77 60 85 61 53 11 1 13 94 83 17 88 11 52 27 91 30 4 39 87 86 95 29 20 54 95 18 9 20 47 25 33 81 81 95 29 1 18 87 34 
34 29 68 30 2 54 79 22 96 16 49 3 18 64 85 30 65 9 34 60 28 29 100 37 100 49 91 87 67 72 96 7 30 36 83 52 73 90 100 91 28 63 14 49 45 62 80 86 11 56 18 30 93 65 84 71 3 13 58 11 17 71 20 46 97 52 2 89 77 28 86 32 78 21 24 77 3 44 7 6 69 
4 98 17 55 60 22 21 52 12 58 96 20 94 14 36 40 22 17 62 42 77 97 17 17 98 20 26 99 43 20 40 39 77 58 99 25 28 24 81 99 86 40 60 23 98 40 64 87 21 32 48 67 24 29 92 41 95 91 22 13 69 12 81 76 96 94 45 27 31 35 77 52 31 1 1 76 50 49 24 21 50 
35 36 29 37 74 36 7 39 39 75 6 48 72 85 97 76 19 75 22 41 64 6 10 8 19 76 7 26 65 6 22 4 98 13 11 24 92 28 91 90 54 18 38 16 19 48 5 61 27 32 14 40 86 35 97 72 24 61 17 54 9 43 55 7 6 10 34 78 71 89 28 65 2 2 80 47 40 69 29 88 27 
42 46 58 40 70 94 71 90 47 14 67 31 35 12 11 25 46 98 98 71 7 47 11 69 33 77 71 21 18 57 92 16 51 35 34 68 81 5 17 11 20 45 44 84 86 72 97 76 30 70 28 12 41 28 36 90 33 49 87 13 65 64 66 64 28 4 53 73 13 61 83 94 78 98 46 20 99 44 8 56 22 
98 93 51 53 14 45 44 47 87 44 32 51 18 32 65 25 22 42 59 46 11 69 31 42 39 7 20 88 24 12 48 2 68 28 38 5 1 32 65 39 23 33 94 56 45 76 89 14 92 77 30 96 34 69 25 52 1 9 34 63 94 42 47 2 69 46 95 66 46 28 100 93 34 90 46 91 58 41 62 22 95 
43 22 14 31 73 34 4 99 12 8 41 37 89 3 41 72 69 72 8 61 82 45 13 100 31 39 10 32 4 51 63 51 70 99 26 25 68 61 41 83 18 88 42 51 77 75 60 82 3 87 71 81 80 44 22 76 49 14 31 28 64 44 35 55 1 65 86 65 99 58 33 9 9 56 85 97 18 74 83 82 95 
54 99 35 97 25 62 23 15 52 47 69 17 76 23 76 21 48 27 23 72 62 98 14 49 86 64 54 25 62 22 26 70 23 71 74 6 64 63 12 46 97 50 65 24 97 98 53 28 16 45 30 94 55 9 2 4 24 41 99 37 46 77 78 31 9 4 39 73 54 41 88 100 57 35 84 36 10 22 39 65 66 
75 71 90 70 58 20 28 77 13 27 55 50 31 39 94 88 18 62 92 1 66 99 20 41 72 20 33 95 69 57 20 56 23 25 90 23 24 57 48 21 16 59 38 50 25 89 52 7 37 66 55 62 61 72 19 23 27 54 59 16 9 4 26 51 95 61 13 79 40 8 69 96 54 74 42 99 48 11 76 12 85 
1 1 37 61
