99 51
36 50 -65 -11 49 -17 -37 68 59 -39 79 89 75 -10 -75 -90 40 -87 -84 -35 -19 54 -34 -76 82 -13 95 33 -43 32 32 69 51 10 12 86 51 -100 65 -67 52 48 -45 -70 -88 45 -3 -4 72 66 0 -74 -88 -30 -48 54 93 48 85 8 22 -26 -97 -68 -24 16 69 -69 54 46 -18 72 -88 -21 -71 44 -78 -64 -23 58 64 92 -4 -66 -40 -16 -90 -40 -9 70 -23 -99 -96 42 55 23 74 85 -94
17 42
38 68
79 91
48 70
8 23
5 69
21 45
68 79
8 34
45 84
32 37
49 65
9 58
40 85
12 88
45 68
71 81
32 38
22 23
43 55
67 94
24 65
54 96
76 87
43 97
50 68
27 48
11 74
7 94
69 82
39 72
1 20
27 33
9 90
41 75
29 36
9 39
6 77
8 97
2 20
49 67
14 50
39 40
26 69
6 23
45 69
15 16
74 74
1 39
57 76
38 69
