283 28
263 813 503 1082 97 328 43 336 752 187 177 1311 454 691 -58 112 230 1042 1468 1342 1443 376 123 1251 -6 207 1213 958 173 1244 197 297 417 196 32 281 506 1180 1248 278 758 950 1172 -98 -56 104 396 1236 311 29 972 1389 374 1377 1486 1374 516 617 126 639 -57 1313 1456 260 1445 1209 -91 1374 -92 -79 1406 940 1027 1188 128 231 793 402 330 1229 172 -14 915 590 1429 1272 807 1461 1362 1122 355 -40 492 1416 1007 1474 715 548 828 -96 982 1119 383 426 528 1054 749 148 112 460 120 822 1472 553 73 823 248 1363 766 0 -100 595 1254 480 1171 298 570 891 1098 285 159 567 777 446 1498 809 980 380 -45 701 1350 557 590 804 425 666 230 66 24 1227 1099 344 729 1044 1149 879 309 1375 202 517 795 59 261 -68 1461 1381 839 1152 968 85 555 1080 1234 12 836 -15 1055 28 34 903 1069 375 1286 1492 1218 -68 226 1309 1162 1151 85 1146 757 1367 869 1094 848 -83 446 1095 1060 515 107 544 333 450 723 1140 1307 840 -11 1436 1454 945 295 1101 1294 1061 844 323 1225 609 660 754 465 1481 249 557 1109 1390 759 791 159 1372 588 138 366 1383 561 518 853 1270 1176 -37 1428 463 934 409 246 -91 883 824 427 479 1472 579 806 361 -72 906 634 1216 171 903 561 761 903 783 302 147 216 1469 452 766 513 1499 918 -85 1404 147 689 1173 143
108 205
11 152
110 113
47 75
84 249
111 165
2 153
64 95
8 92
138 255
118 221
24 256
112 173
108 217
93 193
3 244
70 112
6 242
122 132
150 179
24 161
45 214
82 240
45 245
22 37
32 154
131 269
27 178
