849 1750
1696 3464 -30 3546 5020 2198 3075 2927 3536 1715 5262 2296 3108 4391 2391 213 1386 2073 1697 4574 2479 2036 3004 3789 927 3619 1282 3571 1376 1840 2132 1337 1457 760 1312 2368 3068 2321 3013 3667 2456 4062 2393 1564 603 74 2929 1300 3519 780 938 3599 4196 3955 3255 3055 5086 -78 1379 665 2607 1910 1650 2685 1256 685 58 2346 2059 129 574 4121 1604 3430 2150 3993 2968 128 2840 4268 773 2994 1779 3216 396 627 5077 1792 5028 4529 587 1020 600 1762 4656 3822 4003 1161 2993 4047 5058 2758 1999 3947 130 2330 2597 1544 5075 4266 5261 4460 748 161 2661 2576 2016 3459 4503 2167 4641 3816 1440 1268 3211 4550 776 1036 2835 4002 2716 4344 929 81 3975 3902 2923 3186 735 2640 931 5174 3446 4781 1548 4043 95 1919 648 2901 -4 221 2076 1967 4348 330 199 4513 5018 4606 2504 4194 4723 4724 4816 3904 1735 556 1063 30 1395 4626 2370 4781 4678 1799 3252 2535 4498 4966 4107 1984 4820 -6 94 2726 503 5238 3758 1347 1277 877 1682 528 902 3660 2518 1548 3134 2053 3046 4494 1058 5062 1622 1808 5026 3553 2933 1508 4652 3517 987 564 2831 4533 4615 5013 3335 4703 966 3772 3553 2713 448 4851 5278 5143 3572 2614 3516 4496 5151 3842 3570 2395 872 317 2652 164 3215 4428 1351 1963 1510 -79 1174 3918 4959 604 3126 1694 2480 2460 1574 1241 60 2461 1283 606 771 1484 1665 1790 1451 5170 3709 2993 1968 206 1427 1055 4658 5262 1827 2705 5149 2823 2304 4703 3014 5035 107 1947 5284 467 4317 2477 2332 4389 3411 3849 2217 4152 3606 5087 3090 278 219 345 4190 1362 167 1043 3429 1074 1854 3942 2864 2382 2302 1685 3260 1114 5079 3605 2617 2457 5149 6 2849 1651 2392 2903 1382 4337 954 3106 372 2190 4698 3979 1945 1608 4177 3783 4754 2536 4682 787 79 543 5126 2931 2144 3313 4600 44 1089 2934 198 3028 5211 3031 1065 4161 3204 4551 797 4071 1449 923 5100 3734 1218 1050 2064 3420 5079 136 4367 2431 4705 672 34 4742 4035 3889 -31 2289 4874 3075 3800 5078 5153 3761 4230 1326 401 4249 1936 1127 273 4227 5241 1099 2825 4071 4388 5009 1781 3546 4883 3667 2439 4698 250 865 2365 3320 4583 3156 4805 2942 2020 2061 1613 2426 3496 1383 1415 3649 2202 2922 2699 159 247 3650 1230 4223 213 2440 5268 3974 5056 1279 1690 -2 1932 4522 2646 3640 12 1164 730 3936 1426 568 5269 4816 318 2043 1148 4542 299 439 3192 632 3608 1426 4489 4226 2180 4470 5083 701 1501 3898 3136 2146 986 393 797 959 719 3594 4592 3394 3200 1560 1298 3524 1857 3651 3416 1312 4076 4271 2304 2324 1267 3083 122 376 3264 3445 5164 941 2299 3181 2545 2600 4172 4239 2140 3695 904 1229 5233 2498 568 2517 4348 334 5167 3998 1269 4191 4820 2385 131 2181 3193 2974 4928 81 786 1213 405 3191 25 991 3103 1926 1976 2516 5297 1334 5168 3454 3131 4834 1737 814 3394 4375 5002 4917 4666 3051 987 4902 681 1810 1705 4107 820 3333 4345 1261 2743 5252 5047 3825 32 118 4832 4519 277 1766 2038 1029 3087 4313 5188 5283 350 4925 4266 3440 2766 229 2122 -82 4801 2419 2171 5185 4870 4356 4941 4078 3554 3994 1878 3610 1693 103 3235 1265 1144 4894 1914 1489 1389 694 351 3965 5094 2578 4805 3086 4538 1747 4384 320 3756 799 4543 2745 1198 1694 1910 1704 2630 3299 308 931 2814 1784 90 1569 850 3766 581 90 2277 187 1885 2836 3523 4861 1685 256 3070 4270 -83 660 1146 1520 1134 3058 5020 828 541 3386 4234 1430 4819 2436 4835 3907 1964 936 1282 2262 2398 3297 1334 3111 2155 599 229 2477 1842 2413 2929 678 345 124 2579 1101 3759 2917 607 2932 4465 2380 1944 4370 -61 4772 2668 751 3625 1126 1689 1510 133 2582 3609 1938 1763 3807 2548 1828 394 2990 1805 340 3069 1413 2831 2726 955 5058 2072 3216 963 4583 1502 4241 2195 3883 3496 5012 1041 3226 3095 4166 2059 4408 3814 3884 5268 2716 1840 2385 3527 1058 4784 3534 896 4282 4870 195 5024 2376 4943 1742 4393 1547 1013 706 4411 379 2848 4426 5157 196 4108 5038 4583 1088 237 4437 5294 909 3384 188 680 3538 4275 4486 1579 1296 135 3676 4464 3832 2348 3272 293 2263 1100 661 1843 4321 1444 4985 652 4885 800 1902 585 357 4550 3053 4034 2018 1333 2901 982 982 4670 1643 932 4114 2379 3442 1379 4593 4271 2948 1791 2372 1533 2970 3732 48 4964 345 3487 1485 2867 -18 3537 4240 649 3316 23 1148 1943 2268 2928 1181 5089 3980 534 2254 778 587 3615 4188 2471 4604 3221 3042 1694
239 382
201 394
199 480
533 603
534 812
18 665
24 677
241 812
613 826
44 505
122 552
532 714
755 807
397 437
509 711
138 774
250 503
630 646
134 766
5 160
31 723
699 790
565 675
370 553
450 627
51 285
70 701
118 181
276 669
30 748
11 730
115 764
544 623
609 818
394 406
227 229
139 213
520 736
602 641
313 441
522 604
82 91
450 483
472 572
407 801
554 819
346 635
61 255
141 153
245 796
10 132
192 488
586 665
544 711
357 560
204 794
57 625
545 640
281 818
7 431
235 374
229 529
375 540
283 572
15 186
321 747
83 712
328 535
549 594
75 236
59 421
678 724
85 678
416 746
424 630
318 737
657 743
625 676
13 528
25 774
320 552
273 740
12 120
770 849
303 318
33 375
176 655
692 778
177 487
102 737
51 798
282 646
23 581
498 758
602 695
41 236
315 769
230 582
284 510
113 742
29 207
279 675
655 720
358 516
191 324
494 661
81 393
29 311
242 488
70 387
191 532
268 319
409 518
82 425
52 201
2 216
442 790
719 844
173 765
179 347
125 253
630 732
444 538
764 799
162 773
471 830
172 429
389 464
287 801
485 700
213 560
11 381
304 671
310 523
65 831
240 393
673 727
128 352
501 601
480 653
60 621
101 494
471 590
732 763
647 687
171 351
167 835
511 779
77 409
14 473
26 592
138 433
277 315
706 840
385 598
588 828
216 371
347 711
239 499
128 486
246 439
436 575
129 520
57 703
317 533
193 514
327 330
478 838
250 265
533 670
519 625
12 426
383 730
118 748
159 563
10 770
502 793
752 765
135 810
388 492
419 547
277 388
177 370
343 698
426 835
162 819
218 782
4 366
563 673
25 50
58 379
131 331
179 310
242 382
253 589
279 355
328 659
69 425
261 344
533 644
564 658
248 757
404 714
434 533
21 428
58 695
115 276
86 242
329 774
199 742
193 696
104 355
707 844
617 684
349 829
37 229
106 219
381 559
697 737
676 740
154 703
139 824
366 441
662 781
350 366
422 729
221 696
210 842
77 151
247 618
262 715
30 280
21 329
103 397
127 575
663 678
25 590
187 773
313 845
191 476
191 581
276 486
110 614
416 739
200 496
108 223
300 525
465 637
150 336
193 442
386 703
108 847
85 811
14 439
149 325
647 721
474 752
252 751
73 429
101 369
220 623
144 627
244 674
421 429
613 664
313 501
735 803
456 766
234 432
113 156
6 232
43 512
119 230
100 228
81 557
504 530
59 829
46 233
58 675
16 666
265 470
60 349
35 238
9 528
548 575
254 729
32 819
562 831
162 606
371 413
355 532
23 640
372 542
141 746
318 405
34 246
37 149
96 587
173 270
206 776
294 522
493 533
620 734
342 455
322 503
119 144
366 712
52 112
180 448
327 532
46 321
143 739
353 362
98 729
139 751
55 849
590 848
137 676
293 616
296 616
131 546
105 259
80 130
195 594
82 404
294 595
121 366
468 496
100 283
199 337
212 316
151 588
698 749
70 800
201 292
162 182
90 598
309 669
597 632
655 695
508 599
591 697
377 818
416 829
503 655
312 363
241 569
182 548
510 518
95 393
778 824
66 541
289 507
210 427
313 378
284 309
144 208
168 471
373 835
232 242
347 513
489 571
315 319
468 565
444 506
136 444
347 582
536 809
396 825
37 700
116 591
434 551
548 574
57 471
174 502
79 152
2 743
319 515
666 749
729 816
313 648
45 704
82 482
314 835
403 436
89 576
57 177
134 461
108 183
612 839
233 487
193 818
119 768
76 676
74 442
237 369
475 722
233 466
519 668
462 754
464 547
627 840
253 816
146 567
264 735
139 380
443 477
24 497
48 525
109 441
200 206
524 657
262 730
36 187
416 653
58 637
47 545
127 441
333 730
137 227
49 417
699 700
526 592
418 671
176 614
100 161
142 408
456 652
225 550
204 739
360 437
355 574
222 560
362 612
149 550
316 805
383 747
406 433
690 844
291 761
70 682
350 452
262 457
357 683
316 740
80 159
67 293
604 678
307 662
210 302
379 639
292 701
519 715
279 421
428 592
5 54
653 745
242 658
174 225
121 279
22 107
46 229
123 798
475 680
75 617
372 695
11 509
656 694
206 478
350 741
187 424
31 810
351 735
416 507
229 606
57 254
153 331
412 510
481 495
225 574
138 466
68 183
696 790
532 731
72 345
133 709
661 755
40 254
179 685
84 595
123 739
505 588
182 582
361 652
511 831
168 371
56 232
53 586
204 541
524 826
430 445
428 517
566 824
26 670
120 251
144 765
240 689
182 672
535 807
362 613
523 679
500 612
571 808
271 688
224 371
152 534
219 373
127 841
43 83
112 437
107 192
155 774
5 69
137 476
447 742
2 324
200 537
116 381
43 703
318 764
212 220
350 540
314 430
92 523
713 842
503 588
402 798
387 842
434 524
680 836
224 529
43 819
560 839
26 426
218 790
392 788
291 520
74 185
514 529
299 343
153 196
171 227
19 43
242 683
229 391
27 765
137 414
10 110
118 418
6 121
279 791
472 677
642 740
448 740
492 617
199 715
484 508
257 625
263 677
682 847
273 792
173 696
432 530
512 791
228 804
61 232
91 821
279 374
340 394
194 694
433 756
480 777
212 327
313 768
366 638
488 779
119 693
10 827
697 808
126 470
169 639
334 694
121 311
125 505
96 148
272 804
495 624
580 670
465 789
211 558
13 630
237 447
270 843
231 429
142 684
546 595
538 638
315 652
350 824
154 847
147 648
155 720
287 659
506 579
662 816
722 846
289 673
689 791
547 649
546 625
316 363
48 304
255 312
79 575
494 738
736 769
357 750
457 503
34 537
198 362
180 585
112 138
389 559
434 435
87 834
102 279
466 687
170 672
147 839
392 465
59 252
586 797
390 450
14 476
138 235
108 188
57 734
64 805
312 744
28 46
270 756
561 628
47 248
228 539
495 615
337 657
308 516
222 630
39 561
154 711
210 530
135 660
706 789
63 223
21 715
607 635
173 807
262 626
329 846
230 433
456 567
257 321
442 831
103 206
206 496
213 357
606 702
169 484
290 835
223 735
629 768
34 678
287 835
158 236
34 772
373 535
450 555
82 456
17 565
480 517
444 543
520 836
325 504
293 764
19 423
15 217
435 470
165 636
85 464
327 516
246 269
126 662
268 459
155 672
458 549
174 385
104 570
594 809
39 677
142 152
164 285
323 358
189 511
478 734
205 406
262 343
328 514
301 383
351 426
611 784
309 802
146 629
627 834
456 480
630 750
156 764
371 825
217 369
275 549
68 272
419 774
544 742
129 846
153 415
485 702
243 737
237 605
138 256
215 391
331 530
443 462
115 411
125 800
36 678
678 824
651 789
409 737
85 249
250 612
681 708
329 492
287 786
28 677
161 562
326 739
140 595
278 823
622 635
3 410
449 590
100 742
524 562
281 344
246 591
44 90
300 725
13 203
245 708
57 381
183 271
216 803
68 797
270 639
14 67
471 665
404 736
186 811
248 830
737 795
201 462
210 507
178 570
375 756
271 430
171 406
152 275
409 790
204 648
186 197
91 794
305 450
429 756
264 356
588 695
421 684
525 543
627 708
226 349
698 760
631 650
235 768
351 731
339 656
104 437
182 398
251 629
187 193
351 641
287 672
676 779
128 712
225 344
366 463
1 140
69 335
26 168
324 622
68 833
433 531
494 517
116 508
347 816
22 667
595 801
179 511
247 313
70 370
465 811
219 316
346 555
33 187
118 554
6 688
557 737
277 793
625 756
73 791
67 501
360 809
688 788
71 375
828 849
41 196
101 389
104 567
654 849
304 577
334 778
603 744
425 833
30 176
32 806
492 627
151 725
142 614
78 502
263 729
327 818
46 343
209 328
44 463
83 231
180 387
132 280
58 624
15 359
663 791
242 328
434 696
362 515
216 562
204 813
509 593
308 777
789 845
91 504
17 775
162 315
45 328
721 798
498 540
37 283
213 431
98 447
264 543
281 609
492 685
531 620
123 771
412 567
22 498
137 827
384 778
65 320
21 847
625 801
243 745
194 832
54 787
335 807
491 695
72 499
181 645
75 777
86 516
535 713
103 266
160 457
585 647
102 594
492 498
24 812
158 514
376 539
140 846
134 289
166 816
51 124
281 773
270 672
44 700
6 34
339 434
264 742
139 524
58 173
7 337
325 577
322 848
365 840
81 731
271 829
290 413
231 319
344 624
720 769
486 729
646 692
20 659
642 773
486 490
322 423
227 303
212 248
91 454
326 583
454 789
715 824
155 707
723 844
169 779
250 828
147 308
632 803
805 815
237 721
623 636
26 327
566 754
436 618
83 442
116 322
136 611
720 801
620 695
210 580
52 554
82 630
289 631
207 753
5 419
430 628
337 530
518 660
502 647
423 688
205 331
630 678
545 812
153 424
326 477
203 766
461 549
28 211
95 567
763 836
525 768
507 705
644 818
208 624
334 435
826 827
106 333
290 570
197 625
707 838
183 263
103 742
493 786
736 796
124 563
59 593
127 631
646 796
640 715
185 837
623 840
531 584
49 470
257 346
290 664
558 559
438 775
408 476
266 285
317 644
209 687
417 762
117 325
50 348
397 690
306 379
534 611
112 125
331 336
12 157
142 279
232 734
6 371
269 836
594 713
405 427
244 673
485 489
587 758
48 463
388 643
480 513
614 686
342 770
121 281
365 603
338 509
266 457
414 634
411 783
365 622
261 616
153 714
84 250
258 402
47 194
294 314
218 506
47 421
28 699
97 487
145 180
537 817
539 788
351 605
560 849
464 525
549 840
224 371
498 560
44 379
264 351
327 515
346 405
530 581
268 463
10 553
10 164
701 810
556 664
49 239
105 405
501 591
37 711
115 143
306 599
117 360
302 423
60 440
527 627
330 438
139 353
689 724
148 839
50 646
761 845
18 528
286 607
270 415
225 330
541 823
268 383
69 790
219 444
136 175
62 719
531 632
307 731
592 661
32 531
391 734
613 807
157 492
208 246
290 374
564 588
635 636
485 782
572 603
213 459
466 744
572 578
276 293
393 612
276 303
362 801
138 418
71 843
282 380
404 419
361 639
65 831
493 646
420 763
384 623
117 811
297 429
217 220
127 178
177 461
608 800
618 677
323 419
284 606
19 803
294 466
742 785
457 702
69 387
203 549
350 814
199 815
300 528
172 232
724 760
136 281
158 713
189 317
343 791
347 650
163 310
91 798
533 626
191 208
211 396
75 160
204 598
137 245
674 791
178 231
428 430
489 665
218 440
217 594
200 759
699 848
66 579
353 714
238 475
132 446
160 583
129 839
268 469
259 845
121 473
584 683
428 459
331 439
729 796
219 453
94 99
400 419
643 847
216 797
25 810
357 391
76 314
506 723
308 636
50 310
82 439
391 619
123 151
141 235
222 594
654 844
70 794
421 582
531 787
611 773
403 564
3 141
104 788
254 647
120 743
417 598
322 418
95 375
319 631
366 826
659 704
418 625
68 301
43 692
474 575
118 823
173 350
378 491
47 764
15 540
48 727
567 708
168 288
731 742
288 310
144 711
264 582
274 486
77 823
460 783
398 633
133 218
270 462
225 618
634 667
402 593
27 346
16 114
39 414
261 346
89 793
39 434
511 553
725 744
537 781
715 787
202 286
47 734
549 658
84 252
608 805
663 723
119 703
58 428
155 297
331 340
240 429
664 846
13 245
139 712
77 615
466 699
11 199
135 470
247 572
419 603
596 654
260 600
625 727
190 245
398 541
144 302
128 517
182 725
471 615
354 779
86 741
352 532
425 465
75 647
95 648
406 629
687 731
551 759
9 776
104 325
239 755
636 829
164 667
79 471
276 756
165 499
251 816
182 685
396 741
168 368
149 787
69 510
629 711
364 428
47 302
14 739
326 768
477 531
267 449
111 266
71 418
479 560
66 662
271 444
245 275
166 310
227 573
110 355
259 514
10 516
157 730
134 713
223 551
526 602
67 295
83 236
120 221
361 396
18 645
198 292
494 746
292 319
370 493
338 512
409 753
214 273
540 716
322 572
473 599
375 821
30 818
114 568
478 729
294 584
172 691
276 631
279 618
395 428
302 463
165 769
72 483
55 354
243 359
221 524
272 776
275 283
148 158
282 537
306 796
196 228
393 474
3 469
536 586
197 590
207 396
23 342
395 448
320 552
167 204
113 554
185 301
33 522
228 481
299 461
106 554
65 258
211 305
136 311
555 689
128 228
631 840
277 720
63 685
537 648
303 389
286 460
286 607
274 296
545 560
199 272
119 333
365 432
93 162
47 353
187 825
183 829
78 466
94 714
732 783
117 143
402 702
8 504
331 373
541 694
247 622
595 801
207 372
184 290
19 99
127 194
183 323
301 691
746 781
565 649
138 770
246 388
123 546
504 656
1 375
51 691
389 666
163 431
557 641
608 767
163 367
4 397
25 847
93 216
1 488
451 666
679 737
85 642
9 172
359 595
821 824
178 192
437 551
6 422
441 829
10 33
225 829
450 555
17 774
95 640
89 475
442 486
487 669
521 740
32 349
591 829
279 406
496 707
337 517
149 584
490 661
188 462
122 803
267 838
300 451
120 703
54 695
428 478
171 294
13 232
416 821
340 735
339 388
160 481
219 316
429 649
176 619
315 661
424 498
193 590
668 721
345 616
278 405
458 843
149 744
461 818
258 728
525 609
146 151
368 485
608 715
90 149
174 342
397 544
227 357
70 761
311 312
387 564
605 636
461 724
199 280
305 336
216 254
173 371
244 674
305 817
329 738
165 846
557 766
465 739
539 754
83 460
562 635
580 663
106 130
392 785
169 293
205 646
134 483
113 747
312 349
393 558
127 646
437 636
117 391
72 502
352 849
231 666
64 307
63 439
197 303
572 811
275 631
779 801
270 379
85 553
66 385
422 827
223 808
23 329
424 788
86 104
521 639
87 555
85 436
170 287
237 330
107 501
382 717
260 830
167 802
332 763
645 784
324 716
172 664
355 399
216 653
415 456
159 600
83 234
77 743
716 847
300 356
449 738
338 633
651 686
103 501
221 363
458 820
48 652
237 597
493 544
419 785
185 343
15 716
422 567
596 797
72 249
112 650
419 844
503 718
195 514
400 549
195 543
204 210
222 271
64 647
347 704
146 412
414 587
90 94
216 728
281 473
122 640
373 681
93 666
542 760
68 805
205 382
693 835
59 562
272 650
325 460
368 646
510 784
682 779
96 654
690 740
99 502
368 800
79 848
720 737
328 410
247 286
103 217
30 504
245 726
94 496
112 626
125 605
22 365
39 640
167 221
249 690
124 143
86 717
343 707
66 196
379 755
153 431
461 574
255 707
469 497
233 628
92 470
128 652
507 699
152 232
183 803
399 620
699 771
137 483
45 485
206 622
315 709
237 271
225 679
63 574
9 109
124 229
675 745
43 502
130 374
599 626
502 767
737 812
139 758
85 494
95 329
251 604
29 693
180 543
14 550
554 617
245 412
393 628
584 640
223 721
81 730
319 364
185 265
87 104
19 200
108 463
298 783
133 809
25 642
132 221
224 479
345 724
324 491
537 620
79 465
277 796
157 309
9 640
132 308
547 764
18 740
122 164
201 375
179 706
353 455
499 543
269 333
278 643
4 831
280 710
234 667
106 747
80 414
35 523
651 702
298 350
265 633
166 662
77 472
153 468
104 260
320 555
690 819
459 647
535 566
273 623
58 654
297 595
184 200
175 516
424 557
584 735
336 377
95 285
259 490
377 602
141 821
349 815
431 804
48 89
184 549
436 459
55 368
336 804
424 450
276 461
275 766
191 577
379 848
277 599
58 291
336 584
66 183
185 679
301 504
433 687
267 375
338 528
85 373
618 817
99 552
39 444
534 695
624 721
276 486
220 372
