47
42 7 -11 -3 0 -9 -22 18 1 -22 -11 4 -1 -20 19 20 -4 23 -19 19 18 7 -1 24 -22 -11 -10 -21 12 13 12 16 15 -5 -9 0 19 -9 10 4 10 -10 -22
34 23 -22 -6 -2 4 3 -12 15 9 -1 23 -20 21 4 7 -8 2 -15 -14 19 -19 23 -3 16 -18 5 11 18 10 23 21 -9 -9 -2
20 -18 1 -21 18 -11 5 1 -13 -2 3 -1 -15 14 -8 -1 17 -14 12 14 17
57 -5 23 11 7 -12 -5 -11 -8 -6 5 10 -5 19 15 -13 1 7 3 -19 -17 15 19 -22 4 -2 -19 22 16 17 3 12 19 -2 17 -13 23 -17 13 -18 24 17 15 9 -6 0 -3 -21 5 -2 14 10 -18 2 12 5 7 5
68 4 -9 4 -7 -13 8 12 7 -1 18 -12 9 -17 -15 -21 7 13 1 -4 -21 -20 7 -4 7 -6 1 -9 -15 0 -18 -21 -4 0 -22 -17 16 -1 8 18 20 22 17 -13 19 7 7 -11 -2 -5 8 -22 6 -14 17 -11 12 9 14 4 11 21 13 -4 -8 -14 -2 14 -2
74 -9 2 5 16 -14 -12 -16 8 -3 6 18 -13 -6 -18 6 -15 15 13 -22 13 24 14 0 -3 -9 -8 -22 24 -12 20 -19 -20 -19 24 6 13 -20 -21 -9 -13 15 21 14 13 5 -15 3 -8 13 9 -17 21 -11 -3 7 9 24 8 -6 -5 1 7 7 16 19 -5 12 3 3 8 20 -21 21 11
71 -7 11 -15 -18 -1 24 -9 -7 -5 20 -6 24 7 9 -10 -9 19 16 16 -6 -13 -16 -17 -14 -1 -17 -17 -3 7 22 -11 18 22 -6 -8 12 15 9 1 6 14 1 -8 8 19 18 -6 2 14 -14 23 3 -22 -17 -1 11 -9 -7 10 1 2 -15 20 -19 -15 1 -12 -12 -19 -22 24
45 -8 -19 18 2 24 -11 7 16 -13 16 -7 -4 5 -5 -17 -18 -8 -4 6 -12 18 -2 -9 3 -19 2 24 -21 -15 -20 -5 -16 21 9 -21 -8 19 3 0 8 3 22 -10 -3 -20
42 15 -18 -5 -4 2 23 -21 -1 -11 -4 5 17 10 23 -4 4 3 24 20 4 12 -8 -1 24 -4 4 13 1 24 -1 10 -17 19 0 4 21 16 -3 -22 -22 24 3
39 24 9 7 -21 20 -8 13 4 -12 -8 -11 3 20 24 -14 19 0 14 -13 3 -8 -18 -21 5 17 13 23 23 -9 8 18 -8 3 -17 10 -9 12 -18 22
55 -15 17 12 5 -18 -7 2 -17 -9 -10 -17 16 -9 21 12 20 -15 -11 10 -8 6 -5 19 6 6 -6 3 -16 -20 -4 6 22 23 -1 12 7 22 -10 7 -12 4 -6 18 -4 9 8 24 18 10 -15 16 -5 10 16 10
84 -22 -20 -22 21 -10 1 -3 20 21 8 -21 13 4 22 14 -2 -5 -1 1 16 -21 1 4 -7 15 21 18 4 3 -3 4 -6 -7 -18 18 -21 11 -16 -4 19 -14 -17 22 -16 -18 1 -4 14 -1 20 -21 -12 15 -9 -7 3 -6 -8 19 18 18 -4 -11 -16 15 20 7 4 -1 -9 18 16 5 24 9 -20 -14 14 -20 18 8 12 21 1
71 17 10 13 6 11 -21 10 0 23 -6 14 -21 11 5 24 -5 -20 15 18 -9 -6 2 12 10 -12 -1 16 -8 20 -13 -9 6 13 -21 -10 -4 21 5 9 12 18 4 15 20 11 10 0 10 -4 -16 -13 23 3 13 -17 -12 -10 -1 -10 -21 -16 -11 5 -1 5 15 8 10 -14 12 23
41 18 -2 6 -6 -5 -19 19 5 3 -14 -15 6 -13 2 13 8 17 5 5 -7 21 6 8 -5 3 -11 0 -10 -19 5 11 0 12 11 19 17 -11 -20 -7 11 -8
21 20 19 -11 3 23 -1 21 17 -16 22 7 23 3 16 0 -10 5 -22 -9 10 0
16 -6 -4 15 24 15 7 23 18 -14 13 -3 20 -10 -10 -8 13
90 -17 14 -17 -9 1 13 3 -22 17 7 21 -7 -11 -3 -3 -14 -13 22 -15 20 19 11 10 -11 1 -12 -13 5 -22 -17 0 2 18 23 23 -18 17 22 11 -16 2 -16 24 0 16 22 18 16 17 2 -6 0 -8 -11 11 4 -11 -16 -17 7 -6 -14 -17 -3 22 -20 15 14 1 19 -2 -1 23 -16 16 -14 -15 -21 19 -7 -15 16 -2 12 -2 18 -6 -22 0 -4
20 -1 21 -10 -16 9 -17 17 14 19 -15 -13 22 9 0 2 16 -12 10 3 9
73 -4 -12 3 15 22 2 -2 13 2 15 13 -8 -14 6 -5 15 10 -5 -18 -2 2 -12 -10 -20 13 23 -2 10 12 11 24 20 2 18 7 24 9 -11 -1 23 -6 -8 12 -22 18 11 22 12 -10 -13 11 8 -2 20 -15 -19 15 -21 -5 19 -10 21 21 -15 -16 -9 13 16 -15 -17 11 22 -14
45 -3 4 -9 -10 -7 9 24 -11 22 -5 -18 -14 0 -6 17 24 21 7 -3 14 13 22 -11 -15 24 17 -5 13 -16 -12 17 21 17 19 -19 -13 24 -19 19 17 1 10 -15 2 3
44 14 -5 2 10 -3 14 4 3 15 -19 1 -22 22 -9 22 6 20 11 -5 1 -17 -3 14 -1 -21 14 -10 -9 18 0 -1 -22 -11 -19 -2 11 -21 -12 12 -5 11 9 19 3
71 10 -16 -20 9 7 -20 -17 -9 -8 12 -2 11 12 20 -19 12 4 -13 -20 12 -22 -19 -18 -17 -17 -18 17 0 -13 -6 2 5 -8 7 -12 -2 13 4 14 0 -13 -2 0 17 -5 17 6 -12 23 18 12 -16 -5 22 -9 21 18 17 16 -12 20 -19 -2 24 10 -13 16 22 -21 23 3
21 16 -1 -4 4 19 -10 6 -2 -7 4 3 2 23 -12 15 -21 -22 -20 -12 -1 -16
58 -14 -17 -8 -3 3 -14 -15 10 16 -22 -10 -16 -2 -16 -12 -20 -21 -6 17 6 -4 21 -19 19 -10 11 21 3 1 17 22 -2 1 15 -7 -3 23 14 -16 18 -7 24 -22 -8 20 3 13 24 -7 -7 -19 -1 11 8 -18 23 -1 -9
86 -13 15 -19 -22 6 17 -20 -10 10 -2 2 -3 -7 -20 -6 -19 22 -2 -11 -3 -10 15 23 2 -16 15 15 -22 -3 -5 -2 -14 -21 8 -5 -11 -13 6 21 -15 8 11 21 4 8 -7 -10 -11 -3 -4 1 12 -9 15 -19 -8 17 5 22 -20 10 -9 16 -13 -4 5 18 -10 10 9 21 -7 -15 5 -9 11 -5 23 -4 -22 20 -12 14 13 -19 -7
60 8 -14 9 17 -15 -9 9 11 14 17 19 14 -8 -13 -16 11 -11 8 -1 -18 17 12 -5 23 5 -16 4 -17 -8 19 -4 -21 -18 10 13 -1 2 -14 -6 3 13 23 -20 16 23 21 -20 -3 2 6 21 10 -13 -2 2 1 23 20 -9 -4
51 21 -8 16 20 -6 6 16 -14 24 11 -19 12 -1 -21 19 3 6 19 13 8 8 17 -8 -4 19 -13 9 9 9 4 -10 -18 -13 1 -16 18 -8 -9 5 2 -17 -3 6 -18 -8 -20 -8 9 5 -6 -1
64 -19 -7 0 19 -19 20 -1 -3 -17 10 -5 8 24 8 -9 -12 -10 9 -2 -4 -15 4 17 15 16 -7 10 14 15 -16 -17 13 24 22 8 -12 -12 21 13 1 9 19 -4 -15 4 -5 -22 -16 22 -12 15 -2 17 9 -3 -9 -15 -2 -4 -3 6 -21 -3 11
31 -2 18 8 -14 -4 22 22 -19 -18 -18 24 10 -5 -4 16 23 18 4 21 7 16 20 5 -21 2 19 -3 -1 -7 -2 -7
46 22 13 19 -1 -2 16 8 -6 4 -16 17 -19 -21 12 3 -17 -3 17 -10 24 -11 -13 20 13 -7 22 -19 -11 8 -10 7 -12 -3 -7 14 22 20 -13 24 7 16 -7 20 -14 17 -12
36 6 0 -16 22 -16 -4 0 24 18 9 -14 21 -3 -7 8 21 -2 6 11 22 14 -15 1 8 -14 -4 -20 -12 21 -7 -13 1 6 14 15 9
71 3 -6 -2 8 0 19 -19 2 6 24 -8 -9 -22 17 23 -7 -16 20 24 5 -14 -17 -16 9 -13 -3 2 19 14 15 -12 -7 14 -8 20 -20 7 -5 15 -20 6 -9 23 -19 24 -11 8 -22 -19 -22 -16 -7 24 6 -16 13 -8 -19 20 22 -9 -5 -15 13 20 4 24 1 -8 -10 7
54 -10 -21 10 -12 12 -18 -13 21 11 -12 15 -12 15 1 1 -22 -9 -12 7 21 -9 -9 -14 17 10 -15 14 -13 23 -11 -16 -11 -22 -4 -18 -14 1 11 3 16 -18 -14 -12 -10 14 4 7 -4 4 0 -8 -4 -6 -1
25 2 -3 -13 14 13 4 -7 -16 -4 -13 22 -2 -15 -11 -22 18 -7 -8 2 -10 9 8 -6 22 20
44 11 5 21 -5 5 -2 14 -15 -15 -3 6 -17 -12 -1 21 -3 12 -10 -17 -22 10 3 -2 -19 -20 -21 -18 20 11 7 19 11 -4 5 9 -10 -4 24 6 -4 -11 0 -19 10
73 -20 22 -1 11 21 10 -22 -4 1 19 -20 15 18 -2 18 -1 14 21 -8 -14 -7 -20 2 -6 8 7 -14 17 19 24 -20 -13 8 -14 11 -15 4 0 -19 21 19 -10 10 -9 -15 -4 11 7 -8 7 13 7 20 1 -2 -11 11 -6 14 2 -15 0 -12 10 18 22 -3 13 12 -20 -21 18 14
58 -21 -13 -14 -20 10 11 -14 6 -10 -17 -22 1 1 -17 -15 -11 -4 18 -7 0 22 24 -7 -10 12 -9 6 -4 -11 10 3 24 5 20 -4 3 -7 2 -5 4 -1 12 13 5 -22 13 -9 13 9 -9 5 -14 21 -13 14 0 -16 -3
80 1 12 20 -11 -8 21 20 -18 7 14 -16 18 -18 -14 -2 14 11 -21 8 11 23 -7 21 -12 22 0 -11 -14 2 6 23 -19 16 -10 -11 1 0 -17 8 -6 -19 -13 2 12 -11 -18 -18 -20 -15 17 4 20 -15 4 4 -13 -4 3 18 12 -21 18 11 1 21 -22 20 7 15 -8 -22 -14 -22 6 -1 17 19 -2 14 13
60 -12 -10 -18 23 16 -6 5 -20 20 21 16 -11 16 7 -20 5 -19 -9 0 15 11 16 3 12 0 12 -6 22 22 9 20 -10 11 6 5 -22 -22 -1 23 13 -20 8 -3 -2 -13 -19 2 -5 -6 23 14 1 4 -21 -8 -22 13 -20 11 4
57 9 3 17 -8 -17 0 -6 12 -21 -9 0 -18 6 -19 5 0 24 2 4 -5 5 -6 18 -8 18 24 7 11 5 -15 -22 7 -10 -15 -15 6 -18 7 -3 22 -22 5 -11 -12 13 16 -2 -14 8 13 -14 9 19 14 -6 19 4
37 -16 24 -12 -17 18 15 11 -12 0 -20 12 19 -19 -22 -11 -16 -18 -18 15 -15 -12 10 11 11 21 3 -15 -6 -17 -19 -15 9 -20 12 -14 -19 -10
82 -11 6 22 -13 14 -3 -4 9 8 23 20 4 13 18 -18 -6 9 -14 12 -20 1 -11 13 1 -5 -20 -16 -20 -14 -14 -18 12 4 -16 1 -6 -16 -2 20 5 21 -1 11 15 15 20 -14 20 11 12 -18 17 5 3 -21 10 -2 4 9 -8 24 -3 -8 -18 11 -19 -17 2 -18 -12 -4 -10 -11 -13 -11 24 -13 -6 -7 0 6 -3
71 13 20 -7 1 8 -16 -8 -5 -20 -7 9 7 17 11 10 10 -6 -16 22 2 4 0 -15 21 7 18 19 -19 -5 21 5 -3 7 16 22 2 8 -6 -12 -14 7 -18 17 22 6 -22 -3 -7 6 -18 2 -20 -4 -20 -20 -6 -3 22 23 23 -7 -22 2 -2 13 23 3 -7 -7 16 -16
28 5 16 14 -19 -22 18 -18 23 -19 -21 11 5 2 10 -7 2 -1 23 23 -19 -1 -14 16 0 11 20 5 2
82 12 7 1 12 -20 -15 -5 22 5 1 -9 -10 -16 14 9 -13 16 0 -21 -11 20 13 -12 20 -15 16 1 -18 16 2 1 8 -14 13 3 4 -2 20 10 14 -12 -5 -17 14 22 -6 -7 11 19 24 19 16 -10 -6 -12 -14 -12 10 8 6 13 17 12 -11 3 -10 -5 -6 23 -19 -9 24 -3 12 12 -15 1 -4 24 -15 -4 -13
47 19 -15 23 -15 17 12 -10 -21 13 2 -4 -6 -4 13 11 9 -17 -7 9 -16 3 9 22 -2 23 8 -4 6 -2 -8 13 -15 -1 -3 24 -7 10 -15 -21 -10 20 -20 4 -1 21 23 -16
91 0 8 24 13 -21 -13 15 19 12 0 8 0 8 3 4 22 8 -17 -6 23 -3 18 -13 -13 4 -2 -7 7 -21 14 14 -1 -17 4 16 10 -3 -7 -2 -19 0 18 8 -5 -9 15 20 -6 12 -19 8 -3 -3 2 8 -16 -7 15 0 -7 15 15 -14 4 -7 11 -11 -17 2 -13 2 0 -5 21 -3 -11 -7 21 -18 22 1 -17 -14 -14 -7 -3 0 -2 -13 24 5
6
