61
64 14 27 -13 -18 10 6 7 12 9 3 12 -17 10 16 -7 6 1 23 3 11 -25 -21 2 -23 -1 26 27 -1 5 23 23 -10 24 29 17 -23 -18 15 15 11 6 -25 1 5 10 26 22 19 -7 11 12 2 -1 -25 -1 -19 17 -1 -21 29 -14 19 -25 2
100 -17 -26 -12 16 3 12 -5 28 28 -29 10 4 -1 -28 2 -21 -13 -2 16 -3 -22 -15 -23 31 16 -9 -9 9 -4 -13 -20 -7 28 10 28 -19 -8 -22 29 21 -29 -16 21 -3 -16 25 9 23 -6 5 -9 -22 21 -27 -19 6 27 9 -12 6 17 -7 26 -15 -22 -8 14 -20 -29 15 -25 26 -16 -16 -5 -2 -2 29 -3 22 13 13 28 3 12 16 7 -19 -24 23 28 0 -3 -5 -15 18 22 9 -21 18
77 -4 -10 15 27 -12 20 -7 -25 27 -27 -25 -12 -29 -27 5 -2 -16 24 15 14 26 11 -26 20 7 -28 31 10 -25 26 -6 10 -11 11 -8 2 -22 -5 8 -6 -15 -14 15 -26 -25 30 -29 -19 -9 4 29 17 16 16 -4 -6 4 8 -27 13 -1 -28 17 7 17 -14 21 -4 -2 17 -14 14 -26 17 11 8 26
100 19 -28 -23 -23 14 -28 -16 4 -8 -22 29 -8 24 -2 16 15 -23 -6 8 -27 -14 -27 17 7 -9 -12 -3 -2 -9 5 30 15 -22 3 5 -28 10 -12 24 29 27 -10 -19 -14 -27 -4 27 18 -13 6 -20 13 11 -22 -5 11 -18 -2 7 -3 10 -11 29 -5 4 -15 2 28 26 6 -21 4 11 6 17 -18 -26 -24 -18 1 12 28 7 -13 16 -11 10 -11 -12 -5 -12 -5 24 -4 -25 -22 14 29 15 -26
82 -16 -14 -19 -16 11 29 -3 -15 -25 28 -21 -16 -28 -15 -17 20 -10 12 0 13 -24 -17 -29 22 -7 -15 -24 -5 -7 -18 -11 -15 22 4 -14 27 -11 -9 -18 -10 -14 -24 0 10 -19 8 26 13 20 26 31 -3 -24 11 -20 15 -12 5 25 -2 -20 -20 14 -28 19 -21 24 8 -28 -15 30 27 -29 -22 5 -3 31 21 -11 -5 23 5
53 5 4 -20 7 27 19 -2 1 -6 4 8 -9 4 -21 18 16 22 2 -19 -17 19 30 31 27 -5 -17 9 -24 27 -3 24 -24 -1 -22 -21 18 7 16 -28 -19 15 15 -11 -12 -29 14 7 10 -18 -5 27 -27 15
67 12 -16 -24 -10 -11 3 -29 -21 -15 -23 -5 29 -7 27 10 31 2 31 -7 17 -19 -18 -17 29 -13 -7 -29 27 31 -14 -16 18 -13 -17 -10 15 15 25 13 -25 -24 28 25 -13 18 -18 21 -4 -14 -13 -21 24 -13 -20 29 -25 11 -4 -25 -10 1 -26 25 -26 25 5 -16
88 2 15 12 -11 -24 9 -11 15 -29 7 14 -5 -12 5 20 -25 30 28 -15 -21 17 25 -28 5 -28 27 -19 11 30 -12 27 -11 10 5 24 -9 -21 28 -15 -12 -10 -27 29 -29 6 -21 13 21 28 15 10 10 -9 0 18 -5 31 -12 8 14 -13 16 -5 -29 9 15 26 -21 25 -16 29 -28 -22 27 28 26 17 -16 23 26 26 7 31 21 -3 -14 28 18
54 3 -19 -6 -22 8 -18 -27 -17 0 1 22 -24 -9 -3 17 -8 -14 1 -12 24 2 18 -9 -7 1 -22 21 -9 24 -8 -29 27 -12 25 -5 20 -3 -1 5 -18 -26 -9 7 -15 -12 -14 -26 -3 -21 -19 22 12 13 12
100 21 -9 19 13 -27 22 24 21 -2 -3 -11 6 0 2 25 -20 -25 -28 -3 -8 -12 19 -21 -25 -12 -21 -12 24 -22 15 21 -20 -23 -18 13 -1 22 -18 -6 -24 19 17 -12 19 -22 17 -12 15 -20 -9 -2 -24 -17 21 14 19 5 -16 11 22 -7 -29 -10 13 -6 -19 22 31 18 -2 -23 15 17 -25 -20 9 27 -18 13 10 -14 -1 -5 -15 -23 18 -2 -7 -6 -2 3 -28 -4 -20 25 -5 12 3 -12 -29
100 -15 16 23 -21 -10 10 25 -26 16 8 4 1 11 19 11 -27 -27 -8 -11 18 25 15 -12 11 -19 5 25 5 -6 -1 9 25 -16 -16 -18 25 18 -29 17 -20 17 20 -23 -1 26 5 -13 -24 -5 8 0 18 -19 1 -16 4 26 10 -26 4 -15 20 12 -18 -24 -7 17 27 22 29 31 5 -4 4 -26 15 -13 6 -28 -20 -26 -3 29 15 29 23 -8 -16 31 22 -16 -24 28 -8 3 -3 30 -29 20 0
100 -27 2 3 20 23 2 -12 11 23 -17 -3 -23 -23 11 -6 22 31 -5 27 -23 10 -29 -15 -18 18 10 14 25 8 -27 -13 -2 -21 14 -1 -16 23 31 21 9 -11 22 -14 -5 20 27 -9 1 22 -15 -18 3 -16 -12 25 2 -8 6 2 16 26 -12 1 -27 26 9 10 10 23 -22 26 -4 -24 14 21 -29 28 -12 -8 30 30 14 13 19 20 -21 -4 7 11 13 -7 15 30 7 -7 -8 -21 16 29 25
76 25 25 -11 8 -7 -14 -6 -8 21 26 -23 22 -18 15 1 -11 14 7 2 15 -17 23 15 9 -16 -25 2 7 20 31 -22 24 25 -27 -29 -20 27 -19 -11 4 -19 -22 6 11 24 31 -4 8 -23 -6 -28 -9 2 -5 11 -3 -27 25 17 1 28 2 -15 19 7 16 -20 7 12 -20 25 25 -8 -13 -2 -1
61 -13 28 -4 26 13 26 -15 24 6 -14 -20 11 -19 -19 -16 -15 -29 20 1 19 14 22 -16 -11 13 31 1 -16 -23 8 29 16 11 -9 -13 -11 -16 14 -1 -23 -17 -12 -9 4 25 -27 4 25 -4 22 28 15 -3 5 -2 -20 24 26 29 23 -28
61 4 -27 5 -24 -20 5 26 9 -5 25 -1 5 13 26 -14 -3 24 -9 -29 5 20 21 13 -26 19 18 -13 -19 21 27 -15 12 -8 -1 31 -8 -1 -7 -14 27 9 10 -20 25 7 -28 16 -18 19 16 2 -6 -26 -28 20 -27 -10 28 -29 -12 -18
100 10 11 27 23 -19 28 13 27 20 24 23 17 17 28 -5 10 26 -21 7 -19 -4 16 18 -5 -17 -19 24 -21 -1 0 22 -23 -18 7 -20 11 12 18 -17 -27 -13 23 17 -11 29 -24 -1 -9 10 7 -24 -1 4 7 12 3 12 15 4 15 19 -5 8 6 -19 -9 7 -12 15 10 -24 -23 16 13 8 2 -20 17 1 8 -15 -13 -29 14 24 -6 -11 -3 -13 19 -10 7 27 29 4 8 -2 12 24 -12
100 -10 -8 -5 4 12 -7 3 14 -12 14 2 -6 -15 8 27 12 8 -26 6 -5 -29 -6 11 -27 27 28 16 6 -13 10 -4 -28 17 2 10 -22 -25 -28 20 -5 25 29 -5 2 19 18 6 5 -19 -10 -23 -10 7 -7 -3 13 29 -18 -3 -22 4 14 2 26 14 0 -10 6 -27 28 -5 -13 28 24 30 -4 29 -19 -19 -16 17 -5 0 26 -17 -26 -13 -21 -20 -14 5 -7 23 9 15 9 -22 25 -9 -25
38 8 26 -7 -20 19 -25 19 6 -7 -19 15 -2 -8 -29 -4 -10 -4 13 -25 12 -2 -7 0 -20 2 -5 -6 23 10 -5 -18 -5 8 27 12 7 -6 -10
56 20 12 29 -3 29 -22 -21 -3 26 -11 -2 -21 -22 -16 -9 27 28 14 -24 7 0 -1 -24 30 8 -6 11 -20 6 22 -23 2 31 1 27 -24 -20 -15 -24 25 -8 9 23 17 -9 -20 3 -2 -2 19 23 25 14 20 7 7
94 7 -23 -18 22 -15 15 9 -23 -18 -21 9 27 6 18 29 14 -26 11 24 -13 -3 13 5 8 -6 -27 -10 13 29 30 28 0 26 9 -3 -14 24 -24 0 -15 16 -29 12 -17 -10 -3 -27 -5 -10 13 -12 20 -28 -16 -27 -7 -5 -7 -20 -27 15 23 6 -16 -27 -29 -18 14 21 -9 16 24 -13 -27 27 -21 24 5 16 25 24 -19 -17 -29 -6 0 -22 1 -21 -13 13 -27 29 -17
95 -20 -5 31 -28 -13 11 -22 8 12 11 -19 -1 -26 -1 30 24 -11 -4 19 4 -11 8 19 -6 30 -3 13 21 19 -25 -24 6 -26 -26 -12 28 -2 27 10 0 20 -8 -7 30 -24 -22 -2 31 4 -29 -19 27 28 -4 27 0 2 -13 -16 27 -9 27 27 23 22 -25 -23 3 14 21 -27 12 13 31 -21 3 25 -14 28 -24 21 26 30 20 30 19 8 6 27 -18 31 -15 -23 25 19
64 15 8 1 -6 9 -5 27 -7 -24 -13 -12 -15 27 -6 8 -24 -12 -16 -16 -20 11 -16 -7 1 -27 20 -17 8 25 20 -27 -25 21 -5 18 -25 -13 5 -3 26 -1 -3 10 18 21 12 -18 3 -26 29 1 -29 -18 -26 -15 20 13 29 30 9 -12 -3 -13 21
100 -29 10 9 19 16 -27 1 -6 22 18 -4 12 -11 13 7 -26 9 -27 -9 0 -7 -5 -4 3 -25 4 20 15 -19 24 -17 -17 0 24 6 14 19 -25 -16 -2 -16 26 -6 3 17 -7 -3 -17 9 12 -6 -11 -21 25 -8 -9 -11 31 -5 -5 -16 -10 -23 -4 21 -28 29 -14 -7 -1 17 10 15 -7 1 1 -29 31 -16 17 10 12 -3 8 -13 -4 14 -5 24 -26 -1 -10 26 -27 29 -29 21 -6 -29 -17
62 -19 -4 26 18 -2 4 10 29 -10 15 -7 -29 7 -26 -8 17 15 -17 31 -16 31 20 20 -3 4 -18 -25 -18 -17 11 5 -13 -7 19 -11 3 2 20 -7 3 31 -4 -8 -8 -6 -25 25 24 3 -14 -15 -23 0 -10 9 25 15 -27 22 -14 0 -9
100 26 -15 0 15 -5 -24 -28 19 31 -4 -17 3 29 7 4 11 -24 -1 -10 -18 1 12 23 10 15 -29 -16 20 -11 -23 11 14 -2 21 -7 -7 -26 1 3 1 11 0 28 31 -28 -8 -28 20 17 -7 -14 23 10 -29 -13 10 14 17 -7 -23 -10 22 -6 29 -12 4 27 -28 -23 4 -12 -27 -18 -10 13 -26 19 -17 19 18 -19 -12 -26 -10 26 -23 26 -15 1 -28 6 19 -22 -24 5 21 18 0 -18 -1
100 -9 -18 -16 6 -1 -21 17 -27 -1 10 20 0 -10 -10 15 3 -7 -19 -17 1 -13 -11 21 16 -21 -11 6 22 -28 -15 -8 -12 4 28 -15 -12 -28 21 -9 23 -22 -23 13 -24 28 -15 10 -15 24 21 14 -21 6 -8 13 -1 -1 -29 -6 -7 6 18 -24 12 15 12 -17 18 17 3 4 -1 -17 -5 29 -19 12 -11 -27 -25 -1 23 5 2 9 22 6 -12 -14 -25 25 -3 -2 -15 22 10 11 14 -24 -13
100 9 -20 7 28 -18 -8 0 16 30 27 -24 14 14 -11 13 -14 -6 -7 11 3 24 0 -25 13 0 -10 -7 1 -3 3 20 8 15 6 9 12 -7 7 26 24 4 -13 -3 -23 22 -1 -22 29 5 -3 15 -5 17 -3 6 -16 10 27 0 -20 -24 24 23 27 -23 10 13 -5 5 -17 -10 6 -3 19 24 25 -15 3 -4 11 -28 2 -8 -4 7 4 23 -29 26 -3 4 8 -25 31 24 -18 27 -27 -25 -10
100 -14 18 22 -14 4 7 4 2 25 17 -6 -7 20 29 6 4 19 22 -27 -11 8 9 16 25 -3 -23 8 -14 -2 -11 3 -18 1 -12 15 -29 -5 -20 -22 -7 21 -2 -24 27 -13 -6 -10 -14 21 -25 30 -16 1 -19 16 -2 -6 -3 -9 -29 23 15 16 10 -15 2 -19 -19 -1 24 -17 31 21 -21 -17 0 -21 4 -24 -7 20 6 -18 -17 -26 15 16 -4 12 -22 -2 -19 31 11 12 11 -26 -2 -20 -20
100 -1 -12 13 -19 -14 -2 -18 -16 24 -1 -10 30 30 14 -24 21 21 -20 28 31 4 -25 -8 -10 11 24 -14 -3 -16 -24 16 28 -25 -20 22 5 -23 -23 -2 7 7 25 -21 -10 -17 13 29 -26 7 0 -25 14 -14 -18 -6 -10 -2 3 14 -16 -26 -16 -29 -9 27 21 12 19 24 1 0 -21 1 5 -23 -11 5 -27 31 24 0 11 25 22 -19 -25 12 -14 -16 21 -20 13 9 21 -20 -10 13 -18 22 12
92 29 3 -28 25 2 14 14 0 -3 -15 -18 19 21 31 -27 23 -20 4 -23 21 -8 4 -3 0 -8 19 -2 30 14 1 15 26 30 17 8 -27 25 30 -10 6 -23 30 26 -9 4 7 23 -27 26 -21 4 8 -23 8 3 17 28 -9 -4 12 -27 -23 -17 -13 31 -11 -24 29 -22 26 9 -2 7 -18 18 14 0 -20 -15 13 -13 -11 18 6 21 12 -6 21 17 -16 7 11
57 -21 30 -27 -1 -25 -16 -8 3 11 21 1 13 26 24 22 -23 13 -11 14 8 29 1 -20 12 -11 16 -18 2 -5 2 8 4 -15 12 -2 0 -4 19 14 28 0 -11 -13 26 27 -26 12 11 15 3 7 28 -20 19 1 22 -28
98 1 -1 4 9 28 -12 -1 -13 -16 19 6 -3 23 6 -26 5 0 15 -18 -14 9 -22 -14 -24 22 0 -5 -6 22 4 -21 19 23 -21 14 -4 1 -27 -19 20 -25 -19 -16 14 -14 -2 0 28 13 -20 -7 -18 18 28 15 -8 -19 -21 21 10 -21 -27 11 -22 -25 -27 -6 1 -14 18 28 -19 3 11 -11 -24 16 0 15 9 6 -7 12 29 15 -1 -26 -24 -7 9 2 -22 -15 30 31 26 1 6
70 16 1 -25 12 -3 13 22 30 -13 -8 -16 8 -13 23 19 0 -8 -13 -5 -9 6 -4 -5 18 -10 13 23 -12 -15 -10 -1 3 19 -6 23 17 26 -11 4 18 24 8 -26 -25 -4 2 28 22 12 -8 17 29 31 3 8 -18 19 18 6 21 -5 26 -20 -20 -5 17 28 24 -19 -19
89 -12 -11 2 -29 -22 -15 -24 -9 29 -16 -27 -11 -14 -12 12 -7 -1 -23 22 -6 13 17 7 -1 21 3 -26 0 11 9 2 11 -10 15 -23 13 9 17 -12 22 -12 19 27 9 -18 -19 14 12 1 10 -11 -19 12 31 -9 -22 -29 22 -22 -25 -8 -6 28 -25 -28 -5 -8 -17 -21 31 -13 2 -20 7 9 16 15 10 29 -21 14 3 14 1 -28 6 15 0 -8
62 0 -13 -29 31 26 25 -23 5 4 2 28 -14 8 30 23 7 6 9 5 26 27 14 -2 15 10 6 7 -25 -12 7 -9 -27 16 31 -27 19 17 -14 7 -3 30 3 -18 13 15 -29 19 14 -3 -24 -8 -12 19 13 -29 9 6 -17 12 25 22 -25
100 31 23 11 21 5 18 -13 -5 7 -5 -26 -25 -17 -4 -13 18 3 17 12 -25 -23 7 -1 -13 25 14 -4 4 28 -19 12 13 -9 -14 -26 4 -9 22 1 12 10 31 -29 15 13 1 -11 16 16 25 -29 19 26 23 21 -14 -14 -6 -8 -18 20 13 -21 0 5 19 -28 4 -17 7 -7 -25 5 -2 20 10 -3 -13 -17 15 18 -24 -23 -7 -12 9 -24 20 -26 2 -9 14 5 15 27 7 2 -5 6 -15
100 -6 -22 30 10 -23 -20 6 -12 -11 23 0 -10 -5 4 -23 30 27 21 -28 30 15 -20 -10 -21 -22 11 17 18 -27 13 -10 17 18 -15 -24 9 -15 -6 18 -17 -9 4 -1 -7 30 24 -21 -20 23 1 8 0 -29 -14 -24 8 7 -10 18 -6 25 25 -18 28 18 6 -11 -13 1 20 27 -5 22 -9 -1 29 -7 -5 -20 -27 -25 25 26 -21 -29 -19 18 4 21 -27 -27 30 -10 -2 -13 -13 -20 20 13 -8
47 28 -25 -10 30 -26 -4 21 22 -19 -20 -9 -13 -21 -22 -19 2 -17 -12 -13 23 -28 26 -18 -28 -15 9 -8 -22 12 -26 26 30 -24 -25 -9 10 -27 12 22 2 1 24 14 29 -15 6 -20
100 -8 -29 -2 -15 6 21 18 10 10 -2 19 25 -16 22 28 9 20 0 -2 -12 -9 -23 25 -19 -18 -24 -28 -15 0 21 -28 -26 -29 16 -16 8 20 26 -21 30 18 -21 8 0 -1 -23 -5 -6 -15 -16 -27 9 -27 -21 30 30 22 23 -15 26 -6 30 -1 -17 16 -4 -2 -3 -18 -21 -29 -18 -9 -17 2 -27 14 -3 21 6 19 -10 3 31 -1 10 5 -28 30 10 29 -4 -8 -21 -21 -11 -6 5 -26 -7
86 11 21 25 3 21 -23 -20 -4 2 30 25 -26 18 25 -29 -29 7 19 25 -10 5 5 29 -4 26 -26 -11 -17 -20 -9 14 -21 -6 -23 -28 31 -10 -26 2 -14 13 -6 2 -19 -23 10 2 -7 -28 -4 -4 1 24 30 -12 -12 23 21 5 17 14 12 22 30 23 -22 16 -18 4 -23 18 28 -28 25 4 19 13 11 -23 14 15 -26 -21 23 -14 -2
85 27 -17 -21 -25 17 23 11 -22 -4 16 18 -20 31 -5 31 1 12 25 -22 -29 -16 -13 -6 -14 9 8 19 26 17 -28 -3 -16 -4 0 -22 30 -19 24 -29 -1 14 -17 18 -16 2 16 31 -10 2 17 -5 22 20 17 22 23 8 30 20 -8 29 8 -11 17 -10 26 -29 -16 27 5 1 -10 -1 8 -22 -16 -9 7 12 27 -6 8 23 -19 -7
100 18 0 -17 -7 31 17 -9 18 -23 6 7 2 22 -25 -12 -9 -9 -10 -20 6 7 27 14 23 20 17 18 12 9 29 6 29 -5 -4 25 -21 0 13 28 10 -7 6 -28 21 23 3 -23 27 18 9 -26 31 -22 26 -17 -15 -15 -25 -11 11 -22 -8 15 18 -3 28 15 17 -15 -3 15 22 -21 9 23 27 3 -9 4 12 -29 -15 21 -9 -25 -8 -17 17 -25 11 15 -21 17 -10 -24 -2 26 -28 -6 20
96 17 6 20 -8 7 27 29 13 14 -24 -14 -4 3 -7 -20 -22 4 18 4 10 -6 -2 9 -29 23 23 28 28 4 -20 -14 -29 -3 18 -19 -18 13 6 31 -8 3 2 22 22 -7 -10 -16 -25 -17 -26 18 -13 -15 -9 -26 12 -9 -20 -10 28 -4 -2 -22 -24 6 8 -27 11 -11 -18 7 -16 8 21 -12 24 -8 12 25 23 -23 -8 11 13 5 26 3 13 22 -11 -8 22 1 27 10 -26
100 24 5 17 -26 1 24 -25 -18 1 -7 24 28 12 20 26 -6 10 -29 29 -26 18 -14 1 -8 -29 -8 -1 3 -21 -21 1 -6 6 -10 -6 6 -17 -4 27 -16 2 21 24 8 3 -5 -17 -8 -29 18 5 -2 -4 -11 28 14 25 12 1 -1 7 -18 -14 3 -21 13 -13 -29 31 -8 13 23 18 12 -8 -8 -10 13 10 -8 -20 -2 -11 -12 -9 31 -19 10 16 17 10 12 -5 -28 18 -6 -3 1 10 10
100 -23 9 -22 24 30 -1 20 23 -14 20 5 9 -4 -23 9 -1 29 6 -4 -2 -5 -28 -22 2 24 30 15 -13 -29 -22 18 -4 2 -7 3 16 30 -3 -5 13 28 16 -15 -20 1 0 -14 17 27 -11 25 4 -6 -15 4 -24 -26 -14 27 30 31 -15 -26 22 8 11 -26 -10 16 -28 -26 -8 30 18 -9 -13 20 -25 -6 -23 2 24 -6 -2 31 20 -7 25 -5 6 14 -18 0 28 -27 15 -19 21 -15 15
87 -2 14 -26 17 -4 -9 -14 -24 -17 22 31 18 5 17 -21 -18 -18 29 23 -4 23 -3 28 24 -23 22 26 -23 -24 -16 -12 -3 3 -13 16 29 4 4 -8 -9 -27 11 31 23 -11 11 -6 0 -1 14 -13 -14 30 -23 23 1 -3 -5 19 2 18 0 -28 -23 29 -26 18 22 -24 9 2 20 -15 -3 -24 28 -18 28 6 16 3 9 -27 25 3 -29 -21
21 30 -7 -15 2 -21 -6 30 7 -22 -10 16 15 9 -17 24 -17 16 10 30 -7 3
100 -26 7 10 -9 -9 -11 -26 31 -20 29 13 16 16 9 -1 -16 -21 8 -8 -22 30 2 27 -22 -4 -20 4 -28 -18 -7 31 -1 20 30 7 -5 11 11 23 -29 8 -5 11 7 -8 20 24 30 25 30 -1 -8 -7 6 -7 -11 -25 -22 16 7 30 4 -2 -10 -20 14 -4 16 -12 -25 -28 -11 0 -28 -15 11 -6 -1 18 -28 -10 0 4 -25 -21 -10 24 9 -29 8 24 -12 10 0 17 22 5 24 9 -27
53 -11 19 -3 29 18 0 15 -20 -9 -28 -29 31 -6 10 21 -28 -28 -25 -1 2 12 6 22 21 17 -13 -21 -4 18 -29 -7 -9 9 -11 -4 -2 5 -17 -26 8 5 -18 -27 -6 -21 15 30 9 -27 -28 21 11 8
68 -3 22 21 -13 22 8 28 17 13 -9 21 10 -20 21 -11 -4 -19 26 17 -24 16 28 12 -17 6 -1 5 29 16 16 -19 22 12 -28 -25 21 -12 23 12 -11 23 1 -22 12 8 -17 -15 4 11 23 -22 -26 23 10 10 -28 16 -28 15 3 -25 -17 5 9 13 -13 6 -9
100 -22 13 -8 -17 -17 1 12 -29 -21 31 26 -28 15 12 -22 19 25 16 -14 -1 -21 24 4 17 -24 12 10 19 -8 12 10 9 14 26 4 -10 31 9 -4 16 26 -20 -4 -21 14 19 -8 26 -24 -1 13 -20 9 -6 -23 26 30 24 24 -26 5 11 -9 11 12 7 25 21 13 -7 14 16 25 -11 -18 -9 -1 -29 -14 5 16 17 15 16 23 25 -1 5 20 -4 -29 -25 8 -25 11 -19 7 -20 -23 9
13 -24 20 6 1 25 -10 31 -19 18 13 -22 26 -25
54 -28 29 14 14 24 31 -19 -11 15 -6 -28 20 -27 -14 14 13 -22 27 18 22 -15 31 24 -9 3 7 -20 16 2 -6 -25 -22 -19 -3 26 -15 -29 3 25 -21 29 14 -25 1 16 -13 -25 -21 30 20 19 21 3 22
82 -7 -2 18 -27 15 -29 5 -14 17 -18 17 -27 19 -24 -3 -13 -15 -3 13 20 -1 3 30 4 12 -2 29 17 26 28 25 1 -28 -29 2 -17 3 8 -23 14 -5 12 -17 -22 12 28 8 -22 -22 -18 20 -7 -25 -13 5 -17 -20 0 -23 18 16 -22 -27 20 1 1 8 -8 -13 22 -16 19 -19 26 26 -15 11 -21 30 -6 -17 19
100 22 -3 16 -5 -6 30 2 20 -27 -25 -15 -19 28 -20 0 25 23 5 -6 -15 -20 -10 -19 19 29 21 -15 31 -14 25 17 5 27 13 19 24 28 10 -13 -22 -21 -15 -2 -18 11 -9 11 6 -12 -22 24 -28 -5 18 24 29 -16 -8 -13 20 -2 7 30 15 11 23 20 15 -3 13 -8 18 20 2 7 13 23 27 5 7 -24 -25 -24 -8 27 -5 29 29 -3 24 12 4 -6 24 23 6 -17 8 -19 -24
100 23 17 8 11 -16 -3 -17 -10 8 -12 27 24 2 -8 -28 8 17 3 -21 9 -10 -12 6 28 -14 -4 3 -27 3 17 4 -19 5 8 0 23 6 -8 19 -28 -4 -7 19 24 0 -11 -24 -13 -8 24 26 -25 5 4 -21 -13 -7 -24 -28 -4 8 -21 -4 -7 -13 -2 5 23 11 -13 -6 -20 4 -15 0 -12 4 20 -26 4 -3 -9 22 -1 -27 -28 0 -13 -2 -6 19 10 21 -18 -12 24 31 30 31 -3
100 6 -24 -14 -12 -8 -19 23 26 5 12 30 7 -24 0 -10 26 18 30 21 -28 21 -19 10 -16 -26 25 -22 -26 -10 -17 -26 -14 -14 23 20 -6 16 -2 9 -26 -2 -1 -10 28 9 -16 17 -28 31 -2 3 16 -12 24 19 27 -24 2 28 8 11 -1 3 -14 20 -1 19 -15 0 -6 -22 30 9 3 -14 -7 18 -28 -22 19 11 20 -19 -27 -4 -27 -20 -2 8 3 -25 29 -16 -12 6 28 -8 23 11 -18
90 13 31 -9 5 -29 -26 -4 -1 3 9 3 23 25 -13 -25 -12 -3 -18 20 28 -26 -26 26 -15 14 15 22 -8 1 -2 0 31 29 22 11 22 29 29 6 17 -18 18 9 -2 -5 21 15 -11 -25 -12 6 -4 -11 -17 17 -23 -17 11 -19 -15 2 1 31 25 -8 30 3 -26 -6 19 23 -7 23 -23 -6 -5 -12 14 -25 -18 -21 -22 -28 7 -24 24 31 15 -19 16
58 -18 -21 24 -4 20 -13 16 -2 -28 5 -13 21 -2 -9 -2 29 5 -15 10 16 28 -8 3 -2 5 1 0 14 13 18 13 -8 -20 -8 21 -26 -14 0 16 15 -28 -26 3 20 -26 9 1 -16 14 -23 -16 6 25 29 -28 24 20 19
100 -25 24 28 -2 -28 -17 8 25 19 0 11 -22 -3 -18 3 -5 -2 -22 -26 29 22 -24 -11 6 31 2 -23 -10 7 6 7 23 -27 -2 -17 1 -24 -16 -20 -13 22 5 20 -28 31 29 20 -23 29 -27 11 26 27 27 -10 -26 -22 -15 31 0 -17 5 -7 24 -2 -16 -25 -2 20 -14 -18 3 -11 -8 25 -22 8 24 7 -2 -7 30 6 -11 -5 -7 -9 -23 28 -1 -17 -9 -12 2 14 -21 23 -10 3 -19
68 -5 -6 -1 0 0 16 -10 -28 -26 -26 -8 -18 1 3 -18 28 -5 -14 26 27 -18 10 -13 26 -20 29 -27 -7 15 14 -5 21 7 -24 1 26 8 -13 -27 5 -6 13 5 6 5 4 -19 -12 6 -17 -10 -15 -8 14 31 -29 0 1 -24 5 -23 10 18 -6 -17 29 9 -6
47
