49
32 -8 -8 -14 5 -8 13 -14 20 17 -23 -7 13 4 -10 -17 4 -4 23 10 -6 21 11 -10 19 2 10 8 16 6 10 20 -19
90 19 25 -16 15 12 -19 -20 -16 -21 -16 -16 -18 6 -19 17 -4 -11 -18 23 -2 22 -20 -12 -13 19 7 -20 8 -2 -2 2 -23 6 1 -10 -10 -1 -19 8 -12 1 -5 -23 13 -5 -20 3 -16 -19 5 -11 -20 -12 -19 4 -3 7 -15 18 -12 14 18 21 17 17 7 0 14 13 21 20 1 9 4 17 1 -16 8 3 22 -15 -10 -1 -3 14 14 1 3 6 -15
51 -18 19 -19 18 -10 -3 -18 -9 -15 -2 19 -20 0 21 4 -8 6 -5 22 13 25 -3 10 -18 13 14 -7 -19 13 17 5 5 7 17 5 -8 -18 -9 -9 -21 -2 -19 21 -18 11 -15 -15 -18 -17 22 -3
27 -21 -7 -15 1 8 24 11 -4 7 16 -3 -9 21 -21 -6 -1 1 3 6 -3 -22 -2 3 -15 -11 0 19
88 -20 14 20 4 0 1 -6 4 -13 -1 -19 -13 -10 -23 16 -2 -16 0 -19 -18 14 -13 -19 -23 -2 22 18 6 -12 25 9 -14 12 16 19 6 -7 7 -12 3 -20 -1 -16 -21 -21 -10 1 9 7 20 16 21 11 18 2 10 24 -5 10 -9 -14 25 16 -1 6 -2 4 21 -15 -19 1 -14 24 13 -5 7 14 9 16 12 -9 16 15 -17 -7 -2 -17 -6
61 -13 -6 -10 21 21 -2 -5 9 8 10 -8 25 1 -3 -23 18 10 9 24 4 16 -9 -22 1 6 -7 -9 -4 11 -22 19 11 9 21 6 21 -19 11 -18 -13 -5 -16 17 12 -9 -4 -17 17 11 23 -14 -18 3 19 22 19 18 -2 -6 -23 23
100 5 1 12 -13 24 -15 17 -19 -23 -10 11 17 -18 8 2 -23 18 -3 15 -21 -18 3 7 14 23 -18 13 -10 10 2 -13 8 5 -19 18 24 -11 23 -15 -18 13 13 -21 -12 -12 -19 -6 24 21 -5 18 19 14 3 13 -10 -19 10 -20 -11 -4 14 25 -4 19 -23 9 -17 -22 3 -4 24 -8 -11 12 -17 22 -18 5 -21 22 17 -11 9 -4 -10 4 -9 -16 -20 -11 -14 8 0 -18 -7 24 0 8 -23
67 4 6 3 9 -4 -22 -4 0 10 14 23 -10 -7 16 -19 -3 7 7 -21 5 4 1 -2 -5 15 2 -5 7 9 -19 21 -18 -11 24 -14 -2 11 12 7 -17 5 0 24 -16 16 -23 -14 -9 24 25 1 4 16 4 -12 0 15 -18 22 18 -11 -7 -7 -11 -10 15 13
43 -9 24 1 -20 -15 9 -1 19 -10 21 -11 0 16 -2 -7 -21 19 20 -3 -14 17 20 4 23 -8 -20 -8 -1 22 -10 22 25 25 6 13 7 15 4 20 -10 24 -17 -20
65 -23 7 22 -1 -21 18 8 14 0 -15 12 14 -20 -18 9 7 25 -21 13 19 13 -21 -15 16 -23 -6 1 -14 21 -8 -7 -6 22 -11 24 3 3 17 14 23 -4 -9 0 3 5 25 19 8 12 -22 -16 -5 -9 6 -7 1 -9 -4 -10 -21 -23 0 9 24 22
81 0 -11 13 7 13 7 4 24 -19 -3 -22 4 -12 20 -18 -6 22 -14 17 -9 3 12 -21 -19 -10 -2 0 -21 3 22 -10 7 -20 20 -2 4 -21 25 -17 -8 8 6 -4 19 -22 -8 2 2 -4 8 5 13 -4 -13 -9 -6 22 16 -8 11 -1 15 -20 2 12 25 -14 -7 15 20 13 3 13 15 -20 0 10 -11 7 10 3
8 -4 22 10 -18 15 -13 7 -13
82 24 -13 -20 -6 2 11 12 12 -1 20 -9 19 -16 -8 21 22 14 13 4 -20 0 -1 -6 -3 22 -4 -4 12 24 -17 18 -7 0 3 -16 18 -3 24 19 11 17 20 18 15 -15 9 13 -1 -9 -6 -6 -13 -1 12 9 3 -15 -16 0 -8 1 8 17 -14 15 -19 -23 -9 -2 16 -20 0 18 20 -17 -13 -3 13 14 23 -6 6
100 -15 -5 7 11 -1 19 -12 -15 -16 13 -18 -1 -23 -1 14 11 0 -11 -13 16 11 7 -5 -8 -1 5 -19 22 -21 -3 -16 -9 15 -16 11 -18 14 -3 -3 0 -7 17 10 9 -11 12 -3 -8 10 24 2 -1 -15 -2 12 2 4 21 12 -16 -7 7 -13 10 0 1 14 23 -20 -8 7 22 16 23 -4 5 -5 6 -2 25 -2 -3 8 -6 -13 4 -12 16 16 4 21 23 20 7 15 25 -22 10 5 -13
100 14 -3 11 -2 -6 -20 5 -21 12 15 24 22 -4 0 -1 -10 -10 -19 0 -23 10 10 -1 17 -4 -11 7 9 16 24 -18 -17 8 4 -15 25 25 22 -11 1 -13 15 14 25 -14 -3 -4 19 0 17 3 -10 -3 -8 1 -23 -5 -3 17 -1 -19 -18 15 -12 25 22 -15 -11 1 23 -21 20 -17 24 -12 -21 -15 -17 -22 -10 17 9 6 -13 -16 21 13 18 -18 8 4 -18 22 22 -13 -1 13 12 22 -2
42 25 21 -4 -14 14 -23 3 15 11 25 2 -2 14 7 -21 -12 -19 5 3 -5 8 -16 15 -22 1 -14 -6 -12 -10 11 8 10 -13 15 16 19 -20 20 5 2 -9 18
100 -22 11 19 0 -18 25 0 18 21 7 7 -11 19 25 11 -16 -20 21 -10 -4 -17 4 -4 13 -17 24 -1 -5 15 18 16 6 -17 -2 7 5 -17 -23 -19 -5 14 -15 12 7 20 -21 23 0 5 -17 19 -21 18 -15 10 23 -16 -21 21 -17 -12 5 -9 15 23 -14 -5 -1 10 8 -1 -20 -4 -6 14 9 -22 -5 -17 13 10 2 24 4 7 -14 -18 17 -6 22 3 15 -9 20 21 16 -20 8 11 11
100 -3 12 -3 12 -22 4 19 1 13 -8 8 -14 -9 -14 6 -7 16 12 -1 17 -15 16 23 21 -20 17 15 -15 -14 1 1 -21 10 13 2 -13 12 14 17 8 -16 -6 -17 -15 4 3 9 -5 3 15 -22 12 -2 23 -15 4 -20 7 -13 -3 -16 -9 12 -21 -21 -15 22 -3 -12 -12 -12 6 23 17 24 14 8 7 18 -19 7 5 -16 1 -17 -22 -9 -23 13 -1 -6 17 -18 -12 25 -17 15 25 21 16
100 23 -14 14 8 5 -12 9 3 -6 2 -2 20 -15 -9 -10 15 23 -22 11 -11 18 -17 -13 2 -6 -12 -18 13 -1 -5 -20 -13 -22 7 -23 -21 20 -1 -6 -9 18 -8 5 -14 -3 5 -21 -13 -15 21 24 15 21 22 -13 25 13 -7 -19 -2 10 1 23 -16 20 -16 -4 18 -17 -11 -3 -2 11 -23 -18 -2 -11 -2 24 0 -23 14 -5 21 19 -21 -14 -3 -10 6 17 8 -22 -17 -20 -11 9 -17 -6 -6
100 6 -18 23 -22 -23 0 20 8 19 0 17 -22 12 18 10 -20 -22 -4 18 15 20 -5 -20 15 18 -17 5 14 -16 -13 24 -4 -6 10 0 -4 -9 -22 4 20 -23 25 -22 21 19 -16 4 -11 9 3 -7 -12 -17 20 16 17 -22 13 -18 6 -15 -6 -2 4 14 18 -17 12 0 18 -7 10 -3 19 15 -11 -14 -19 -11 -22 -18 -22 -19 18 -8 16 20 -14 -13 -11 20 14 -7 -20 -6 11 7 -6 15 22
58 -17 -4 -1 -5 -9 -21 25 16 25 6 4 18 -13 -22 20 -14 -5 17 -6 -12 -14 6 9 7 7 -8 16 24 2 -15 13 22 17 -10 -12 1 -23 13 25 6 4 1 9 -23 23 16 -1 5 25 0 -19 7 -23 -3 -1 5 10 -11
98 11 3 -5 16 22 -10 -2 -2 3 23 21 10 -5 10 19 -17 -14 22 21 1 19 -22 -7 11 -3 3 2 4 -11 3 -1 -8 -10 19 -5 11 7 -12 1 25 6 -2 3 -4 14 4 0 12 17 19 -20 -2 -7 8 25 13 -6 4 -15 22 -6 -19 -14 -6 5 -10 3 16 6 12 2 7 20 -20 -13 -5 2 -15 -12 15 6 12 18 19 18 19 -19 19 18 16 6 -15 -12 -3 4 22 6 22
100 2 -16 -6 -23 18 -7 6 -8 20 -20 1 24 -22 6 18 2 -2 24 -8 -13 1 15 -23 6 -15 12 23 -23 -20 5 3 -15 2 5 -11 8 18 15 6 -1 0 -13 -11 24 -20 24 15 -17 -2 2 -4 -9 -10 -9 -21 11 -8 -14 16 -13 20 -3 -12 11 -4 24 -19 -10 -3 1 -6 -10 -22 9 10 24 21 -1 2 -5 4 -1 9 0 -11 -17 -4 -13 -22 24 25 -21 19 5 -23 0 0 20 -8 -3
9 7 0 -7 -10 11 -16 2 21 9
91 -1 10 -18 -17 -3 10 -3 25 -22 -4 3 11 17 -20 -9 6 9 18 9 7 -9 17 -16 18 5 -1 -12 15 -17 -20 0 -3 1 -14 -22 -11 23 -8 -1 -23 12 -21 1 11 22 11 -23 25 2 4 25 5 -13 11 15 -22 25 9 -2 -4 -3 21 19 9 3 13 -7 -19 18 -3 -19 15 -23 -14 25 2 24 17 13 -20 25 3 7 17 -9 -11 24 9 -2 11 -17
75 -10 17 -17 14 19 -8 13 10 15 24 -23 -7 11 23 -3 1 -15 -9 -2 23 23 22 24 4 -12 -21 20 -9 17 -6 -6 -22 -23 -23 10 -16 -4 0 22 -14 19 -3 7 14 13 13 20 14 15 -7 -18 -4 23 -6 -17 -16 -12 14 -12 16 -9 -17 -8 -3 -11 23 -10 11 -16 -23 25 -12 -10 10 2
46 -5 -23 17 -19 1 17 14 13 23 22 -1 -23 -11 24 -11 -15 -8 -12 -16 10 -21 -4 25 -7 -14 21 14 -6 19 9 -21 19 3 -9 23 -5 -6 -2 -5 13 10 -4 -12 0 25 -14
67 20 -22 -12 3 20 23 -23 -20 -14 -19 14 -21 24 12 23 17 11 -2 -23 9 -3 19 17 24 -7 -5 25 19 1 20 -3 -5 -1 -22 8 17 -8 10 18 -19 15 24 -1 -20 15 -22 6 -23 -18 1 -12 -6 10 14 -2 -2 23 19 23 4 -2 6 -15 -20 -7 16 -18
100 -19 23 -11 6 -5 2 -7 -10 1 -22 13 -19 7 4 24 10 13 2 -5 -17 -5 8 16 -17 -19 20 11 -17 0 -14 12 14 -9 0 -13 10 19 19 -23 17 -17 -14 -6 1 -8 -2 -2 10 -23 -16 21 -19 -21 -11 -23 18 9 -8 -17 15 0 9 14 23 9 -21 -20 25 -11 10 3 -17 19 18 3 6 4 -9 -5 -18 -14 25 -21 -14 -6 -18 25 13 2 2 12 -1 11 -4 10 -6 20 15 2 -21
100 8 15 8 2 -20 15 -15 -14 22 -21 -5 3 15 2 -2 -18 5 10 12 -22 24 24 6 5 3 -10 -23 20 -3 -23 -11 0 -2 -6 15 -14 -16 -16 13 15 -18 5 11 -13 -1 23 -22 -12 -21 -9 -21 -15 4 -4 -11 -21 -10 -17 -3 21 16 22 20 13 -6 12 -2 9 9 2 -17 -22 -19 -3 -7 -12 -4 -12 -15 -15 21 -16 1 3 4 9 22 7 17 -7 -19 5 21 -6 3 -20 22 -18 3 12
100 17 13 21 -11 -17 -9 -13 -5 5 3 20 -3 -17 3 -5 3 2 -20 16 24 -8 -23 0 25 8 -9 12 0 -22 12 4 9 18 -13 -20 -12 5 -11 -2 -2 -6 19 13 -9 6 -6 -18 15 -8 -15 -17 -8 6 24 20 -15 -4 15 -11 20 6 20 13 5 -20 5 -12 -16 17 14 19 18 25 -18 22 12 -10 -7 -18 -11 9 21 13 -23 10 8 -6 0 -7 -16 22 -12 23 11 -16 -2 5 11 -19 24
100 -16 4 2 17 -19 -11 23 -1 -5 4 -21 9 -2 15 3 -22 15 -7 -7 12 9 -10 13 0 24 11 -16 2 12 16 7 -10 21 -21 -6 -9 -12 -6 -14 -3 -22 -11 4 4 18 2 25 18 1 -19 -2 -16 22 13 7 16 12 -20 14 -7 19 -15 24 19 4 -17 24 -15 2 -1 0 -3 8 25 18 13 3 1 0 17 -4 -8 17 20 -15 24 21 4 -15 5 11 22 18 -16 -12 -8 -12 1 -15 14
82 -6 2 0 10 -14 -4 18 -12 -18 -18 25 8 25 -16 -4 -13 3 -15 -22 3 7 -12 -14 -4 -21 -19 9 25 -9 15 -14 -12 4 -7 12 -19 17 6 12 24 16 -12 15 18 -2 -11 -13 -4 22 10 9 17 -6 5 21 -20 16 20 -9 3 -10 -13 -22 14 1 -20 -16 10 -6 -21 -2 16 15 11 -9 21 11 -10 -16 24 -1 -17
65 -12 -1 -9 13 23 6 21 17 -9 5 -4 2 22 1 8 -19 -7 -17 7 8 -4 -11 -8 3 4 -23 22 -2 7 -16 -19 15 20 14 25 16 8 -20 3 -6 -1 4 -13 6 -7 10 -11 -15 13 12 8 16 -8 2 -22 20 -13 17 11 1 18 -4 -6 -17 -3
50 21 -9 -8 -21 10 -14 16 2 -4 18 15 15 -8 -12 -8 21 8 6 8 -1 -19 -18 19 -9 11 -22 -15 3 -13 -18 10 13 -21 9 -21 20 0 21 16 18 -15 23 23 23 24 -5 12 13 -13 -10
77 16 5 -23 -15 9 -1 -8 6 -12 8 -12 -4 -3 14 -12 19 17 15 -4 0 -20 -19 -11 8 -22 18 -3 11 -5 21 6 16 16 -15 -4 -22 -13 -4 -22 7 20 -7 -2 17 -19 1 11 23 -20 13 11 25 8 9 -19 -4 0 -1 1 -22 25 -20 1 -23 21 -11 12 6 -23 -7 -11 13 -11 3 11 -4 15
100 -7 -12 24 -7 25 21 22 5 -11 -6 9 12 10 17 -13 12 -6 -6 -12 -8 -7 2 14 -21 16 -13 -22 5 23 -11 -9 20 11 8 22 22 6 3 -20 -11 -12 -18 6 5 9 -7 21 -21 -11 -14 0 -7 19 -5 18 -17 20 5 -22 12 15 10 18 0 -17 10 23 8 14 19 6 11 -16 -5 -23 -7 12 18 -20 5 -11 20 -9 -18 11 0 9 -15 -1 9 -2 24 -5 1 8 4 -2 18 -13 -20
77 10 -19 -21 -3 4 5 15 -7 -17 9 16 6 3 11 12 25 -9 -16 -11 2 -2 21 18 20 -5 -15 -11 -7 -4 8 -2 2 24 18 4 -17 -14 -5 0 10 9 12 20 -7 3 -9 22 -7 -16 7 12 14 -20 -12 17 -8 -18 1 2 19 2 -16 -10 -15 -16 -4 16 -4 19 24 18 -6 10 2 -10 -9 -23
55 -11 20 25 -4 17 8 1 -17 -7 1 -14 -5 2 13 25 13 -23 -1 -14 11 -10 14 -17 9 21 16 3 -3 18 13 -22 3 19 -20 14 -23 -5 -21 21 -7 2 21 -14 2 1 6 -8 22 -3 9 7 2 20 -21 -10
100 -14 -10 4 -9 -2 -6 -11 7 2 -11 6 21 -6 22 -14 -5 -21 -13 -9 -15 -6 -7 12 -10 20 -16 10 21 14 4 -8 24 -15 -17 1 14 -15 9 -21 5 22 10 19 -1 12 0 7 -10 20 -20 13 -23 -19 -1 -3 -12 21 2 9 -19 -8 19 -19 -22 -13 4 -6 5 21 -17 -23 -7 2 12 9 -1 -20 -14 15 7 -22 0 -18 -11 23 18 8 24 10 25 -5 -11 -17 -23 -3 -10 21 -7 19 -12
30 1 8 16 25 3 16 -9 -23 -3 -12 10 16 9 5 0 14 12 -8 -18 -10 6 25 2 -2 17 19 24 -11 -6 -21
84 15 -21 -22 20 -13 20 10 -18 18 -13 -13 1 13 -15 -16 9 -18 1 5 -16 5 -8 -9 -14 -18 15 4 -16 -19 6 -4 12 14 23 -17 15 24 5 -13 22 21 3 -9 -22 -4 18 -16 1 19 18 -1 23 -5 -22 -6 24 -23 11 3 7 5 3 7 16 13 -8 10 -20 -7 15 -10 25 -20 -17 6 3 -19 -21 4 -23 0 -4 2 -22
100 13 9 5 24 -11 -5 -21 -11 -2 -9 22 -17 18 9 7 5 -3 8 19 18 15 5 20 10 12 6 -17 -20 20 -1 15 -16 13 22 -18 23 16 -15 10 9 3 16 16 -5 10 -12 18 16 -10 16 17 8 9 -20 23 15 3 23 24 0 22 -1 -4 21 -9 19 18 13 5 -2 -8 -19 -15 21 -2 25 16 0 21 3 13 -15 5 -9 -22 25 5 21 -11 -18 -21 25 -8 -22 -21 -19 -23 16 25 -15
96 18 18 -2 23 7 12 24 -6 24 12 18 5 -19 -5 13 16 -13 -10 2 25 -12 9 1 -1 9 23 21 23 -18 -12 -12 -2 -3 -1 -7 -1 22 -13 9 21 -21 14 -15 -6 7 -18 10 -19 -22 -2 15 11 12 25 19 -1 6 24 -14 17 7 -21 22 25 18 -9 21 -23 24 4 5 -16 -5 -4 -11 4 25 25 -9 21 -3 -5 -4 -12 6 -7 -16 22 -5 -19 9 18 9 2 22 24
100 22 -2 9 -8 -7 22 -17 22 -8 17 -20 -16 23 -17 -22 24 -17 4 25 -19 -1 23 8 -12 -9 1 6 18 25 14 11 17 -14 -5 -1 0 -2 2 11 19 -3 11 -5 -8 -13 7 -19 -6 -12 -3 20 6 5 -14 -18 -13 -21 -19 -23 25 13 12 -11 -19 11 -7 15 22 -14 -22 -16 -9 -14 8 -3 -16 7 -3 -19 -3 8 4 -2 -2 -20 2 14 -12 12 15 -8 -17 -20 17 14 -12 4 23 1 6
71 3 -20 6 19 -12 3 -22 -3 14 -7 -10 -15 -14 19 1 20 4 11 1 21 -11 13 -18 -11 25 4 -13 10 8 19 -23 4 -8 12 -19 2 -22 8 -8 16 -19 2 22 -19 0 14 14 4 14 -11 4 1 -18 16 6 22 14 22 15 5 12 16 3 8 24 3 -1 -5 -21 9 -15
100 12 16 18 -12 16 -17 -19 -22 4 -17 5 -12 8 -6 22 23 20 25 -17 20 -16 0 5 12 0 -3 -14 17 4 -9 17 1 -4 25 3 -15 1 -18 -4 -20 -8 22 -18 8 2 19 -5 20 -14 -1 -8 -3 -14 21 -8 -7 -1 -22 5 -5 -20 -12 -1 1 -22 2 -13 -2 12 11 -9 17 21 -15 21 -14 -2 2 -8 8 -20 22 -8 23 -21 13 15 15 -21 -5 -20 9 4 -14 18 21 3 6 -1 10
99 -2 -15 -13 22 -16 -18 -10 23 6 19 -6 -8 -1 -4 15 0 21 16 -20 -7 -23 -15 11 22 14 13 -21 -8 -15 -4 -5 23 -5 -3 -9 12 13 -14 -16 4 23 -20 -19 -17 8 15 5 6 -6 -23 -5 0 13 -16 -5 21 -3 6 6 -10 3 2 -16 7 2 14 2 0 -18 7 9 -13 -12 -22 -1 -3 23 4 22 18 5 -12 23 14 21 6 -3 6 9 -13 15 1 3 -7 5 23 -18 13 -23
100 9 -17 15 -16 6 14 -16 11 -20 -14 0 -6 20 -11 5 -9 -1 14 20 14 2 -6 22 -16 -16 9 17 -13 -7 -7 23 -1 -19 -18 -8 -3 10 18 -7 -22 -14 9 -8 -2 -6 -1 8 -2 8 14 10 18 -22 1 -4 -5 -2 25 -16 24 17 -23 -5 -13 -14 -22 19 -6 7 -13 12 -15 0 -2 -14 22 -12 -23 -14 14 1 11 -20 -4 -10 5 17 5 0 19 -16 -20 -13 4 9 -3 -5 -12 4 -1
7
