88
100 18 44 -8 -19 -11 -30 27 26 4 5 -31 -12 18 -19 32 -27 34 -23 15 -19 38 35 5 -24 5 23 9 17 -33 29 -41 -8 -10 -2 28 37 37 16 -3 1 -34 37 9 -15 -3 -34 -32 -1 -32 12 -28 33 40 -28 -9 -1 -15 -33 26 -28 -23 27 42 -43 11 24 -14 6 41 -35 -32 -16 -26 6 29 13 3 39 34 -28 3 -28 -22 -3 8 -21 10 -14 -20 -42 -24 3 -30 -10 -2 -40 30 11 6 42
100 43 27 -10 -20 2 -33 13 -5 -12 -21 34 3 20 -35 36 4 13 -32 26 31 -37 -31 -6 1 8 -33 -17 23 4 20 -19 25 -3 -34 20 -8 14 -34 20 -27 -30 -33 -14 34 32 -38 -20 23 -17 -36 -8 21 -3 29 32 -39 -40 -41 -23 29 -11 20 -13 41 -31 43 -4 1 3 -10 17 43 -16 12 -13 23 30 0 -23 -34 16 29 14 3 17 -39 -9 -29 -4 5 -22 -19 -24 -35 11 44 -9 14 23 0
100 21 23 -18 -35 -40 32 -26 3 16 -30 33 -22 -1 31 -11 32 -6 -25 -32 9 25 8 0 14 2 11 10 -18 -11 -14 -24 36 6 38 8 -36 -15 -26 13 -8 30 -13 19 -41 -40 6 31 -9 -8 -25 -3 5 21 17 5 15 36 -24 -24 -4 -41 -26 -34 -13 20 -20 30 -12 -6 40 -13 -1 -11 16 -6 6 21 41 -9 -24 36 4 33 13 -26 4 -23 39 14 -18 23 25 -33 36 -13 -30 25 22 -42 -30
50 23 14 -5 44 -41 -27 25 29 -13 42 16 1 19 -36 -25 -26 -40 -8 -21 -29 17 33 -18 42 11 -39 -28 -27 12 -43 5 -32 -14 -22 38 -27 18 -14 33 -11 40 -28 24 -27 -1 -13 -38 8 26 22
100 38 -35 39 6 -6 -29 37 -15 28 -2 -17 -30 35 17 8 21 -43 1 41 2 -10 -23 -8 11 1 5 -2 29 -8 22 4 -24 11 10 2 32 -22 -9 42 43 -27 -39 -7 3 -24 -5 -29 -35 6 6 7 -41 -1 -37 16 -23 15 19 5 -16 7 21 -22 37 -12 3 -18 37 42 5 10 -5 8 9 8 -5 -36 -4 -15 -8 32 9 28 -26 41 -22 -26 -42 -3 -4 -3 -28 -23 -30 -43 -15 32 -5 -6 2
77 -1 30 -31 -40 -26 -43 -3 35 -18 -23 -4 4 -41 34 -21 14 -27 -26 19 19 -7 -15 -2 -22 -1 -7 -32 -43 -29 -12 -23 1 31 16 -27 12 2 -11 43 -25 -35 -9 26 -18 39 19 -25 13 29 -3 33 28 2 -4 42 -32 -18 42 22 33 -31 39 -43 16 26 -5 -2 12 -32 -2 15 -27 -28 18 -35 34 12
84 -3 -6 -17 -13 9 10 6 -30 18 44 -16 -26 33 15 42 -11 -17 -1 -20 27 -25 -30 41 -13 -13 37 30 15 21 -36 31 8 -17 23 15 -34 -17 43 24 0 19 -11 0 28 -27 27 1 1 -10 41 -6 -30 -29 2 -19 23 -8 37 7 18 6 -8 -40 -3 -42 -8 -43 -8 -19 39 -18 -26 -4 -29 10 18 24 27 36 39 -10 37 16 -31
91 29 24 30 18 -4 17 28 -1 -22 -40 -20 38 22 -41 3 -29 44 2 -23 -32 -33 -29 12 41 -11 -13 24 28 37 8 10 14 -13 27 25 -43 -37 38 -14 24 29 6 -24 26 8 -32 -3 40 27 -41 -19 -27 3 -20 40 -27 9 -38 6 8 41 -40 31 12 28 -6 29 -4 -18 29 18 -14 13 -42 -4 10 28 7 11 6 -23 33 -21 -40 38 -38 8 5 21 -24 22
100 42 9 -4 7 -12 -22 -39 -22 36 -13 -24 20 12 7 38 -5 -3 9 5 -22 12 -28 14 -38 -3 40 -26 -29 11 -41 -30 -36 -8 -11 27 -24 -38 9 -23 -30 15 26 27 33 -35 31 -7 -4 13 -42 -10 -25 14 -29 -27 -7 13 35 37 -23 9 -5 21 -9 -36 -38 -41 24 -20 -31 8 39 -42 -17 -18 -2 -38 -11 28 20 -5 32 -26 33 16 -13 -37 34 -17 -14 1 37 34 -7 -24 7 -7 42 -12 26
78 10 40 16 4 13 39 -12 28 24 -14 36 8 -19 10 9 -23 5 -3 -27 -21 6 -43 10 12 43 -1 -39 16 -24 -22 29 15 38 -38 -26 30 32 -39 -19 33 -15 -42 41 -25 14 -37 -15 41 -22 34 -38 13 -20 12 -40 -33 5 -22 1 -29 2 32 -41 28 3 -7 2 -36 -1 -33 -14 -15 -19 -25 30 -37 -43 -42
100 28 -37 -27 -28 7 -6 24 6 20 -34 -33 -20 5 -11 -4 2 6 -42 40 15 -1 -3 -3 7 -9 27 29 41 8 9 20 16 34 19 -18 42 27 29 -13 -12 16 -19 12 21 1 42 11 -28 15 -43 -7 23 -36 -9 6 26 -22 8 2 -30 -15 -12 -33 -33 31 -32 -22 16 -30 31 35 3 26 10 1 33 22 43 40 -4 -3 13 32 42 -17 18 -11 -9 1 36 -43 26 21 31 8 10 -25 -24 17 -37
83 -4 32 0 17 44 -11 -35 43 -10 22 3 15 -8 -30 27 22 42 29 43 33 -24 5 -16 -11 3 -17 37 6 -6 -28 -4 28 -11 0 -43 15 21 -6 40 -4 -28 -37 -15 25 -6 13 34 -2 33 -33 -15 25 -9 -8 -35 10 -31 -9 43 16 12 43 -21 17 7 -9 -25 43 8 16 19 24 14 -3 -28 26 18 2 -38 -39 -33 15 -2
100 2 34 -24 31 5 12 -25 -41 25 23 -39 -3 -14 -8 -33 39 39 15 -16 -17 11 38 27 36 -40 36 -5 -42 42 23 32 34 32 8 -17 29 -18 -13 -24 -2 -21 27 13 -30 15 -6 44 14 -4 -26 17 6 -31 23 -13 38 12 43 -37 -20 44 -30 -16 -5 21 14 41 0 25 24 -21 36 25 28 -27 -41 -12 -19 12 -10 -34 -29 43 29 35 -18 -31 24 -5 39 -23 -1 -40 42 -20 -25 42 26 -43 -20
25 -7 -23 -9 -7 -16 -4 -22 -37 -43 40 5 -14 -26 -22 37 -22 -18 12 9 -15 13 -34 33 -34 -16
100 -32 29 17 15 36 36 -15 -10 -7 -9 14 9 44 -18 44 35 4 41 13 3 24 15 -21 -17 -8 31 -21 25 15 -39 -7 33 8 17 -34 1 -6 15 34 -43 38 -34 17 -22 11 40 -27 -34 -37 -32 15 -13 23 37 -37 22 -30 -8 -2 34 -32 13 -27 10 -1 23 -3 35 2 10 20 28 31 -21 6 3 -33 30 -26 -27 -41 -34 24 -36 -29 -24 6 13 6 4 -17 -41 -27 -36 44 -37 -34 -15 -26 5
100 14 -26 24 -2 -31 38 41 22 -34 10 -7 31 -9 -42 -10 13 16 26 -36 44 10 -27 -5 -18 -4 13 -42 -13 -4 31 30 22 39 18 6 -21 11 41 4 13 31 3 29 18 -23 -29 12 -15 -15 37 30 -29 9 -38 22 -15 -27 -39 30 -26 -1 -16 30 0 -32 -37 39 -28 -10 19 44 -10 -29 -7 0 -42 -9 -38 4 7 -4 31 -23 11 33 -3 38 -26 36 13 -13 36 -18 -8 17 -36 -1 1 20 24
100 -42 -24 34 8 -39 -24 23 -31 15 -7 -40 -24 -17 -21 -2 -7 37 -24 -28 35 14 -13 -40 -12 30 10 5 35 -1 -29 1 27 19 -17 3 -33 -4 6 1 -1 39 42 -29 27 33 -21 -17 -6 -6 17 42 -28 20 35 14 43 23 13 8 28 43 12 36 -35 -7 28 -37 21 26 30 -10 -31 17 14 -2 -13 -11 11 -33 -25 38 -9 23 37 34 -2 4 25 0 -9 39 40 -13 32 -39 -18 44 -18 26 36
100 -9 6 6 2 -34 -40 -11 33 -25 0 4 37 -10 20 6 0 7 4 -19 -7 15 -10 28 18 -15 -14 35 -24 19 16 -33 -14 -9 -43 9 41 -16 27 -38 -28 -38 -22 21 -7 25 -28 -10 44 -26 -40 -35 12 5 -26 -41 21 10 2 -34 23 30 23 41 -15 -21 35 -33 -9 -9 -36 33 32 -34 -5 40 19 -16 21 -28 -32 44 -33 36 -10 -11 39 -12 23 -12 -19 26 28 20 14 -25 -42 -40 21 -31 23
89 19 -5 -39 35 -9 2 18 -33 -37 -24 38 -13 -42 -10 34 23 28 -18 17 -26 -34 -25 21 -14 -5 -27 44 -10 -28 -31 -15 -9 26 -6 -32 3 -35 -33 -36 -14 24 -14 -1 6 38 5 -24 43 17 -29 39 22 35 -30 12 -11 -12 -11 -18 21 -42 -33 8 -29 36 -1 -40 29 -40 -17 26 27 -5 -32 -42 -24 6 -7 29 43 -2 3 27 -7 -1 -33 5 -39 -37
100 11 -8 -29 38 -33 42 12 32 -19 37 42 -10 43 -20 -39 3 35 42 -22 16 30 -26 9 39 36 -31 36 11 -20 -5 14 40 -40 32 -22 9 -3 -30 10 26 9 36 5 37 26 16 24 -22 1 35 4 -5 -26 -22 -12 36 -41 17 35 20 39 5 25 -19 17 -40 12 19 -8 12 -17 -20 30 -35 -17 31 14 16 -4 21 -27 -3 12 -35 -24 -20 25 33 26 -12 -41 17 41 -5 40 -16 -23 -41 -13 -36
41 37 35 40 28 10 -14 -2 41 32 38 29 -38 -22 -23 21 -33 8 38 37 -13 -12 42 -35 -4 -12 -41 -27 12 40 30 -13 -38 33 12 -7 -1 -30 18 26 15 1
58 26 10 38 -31 21 31 32 -16 13 29 -8 -32 38 35 5 -41 27 -43 2 14 5 -16 42 -28 38 -22 23 13 32 -33 0 -12 22 22 7 -37 40 -15 16 -22 0 -21 -23 -26 16 -24 41 30 23 33 -1 40 22 -43 -11 -43 17 -25
100 0 -42 -12 40 43 -41 16 -3 -15 33 -36 -39 -33 -43 -30 17 31 44 16 38 -19 29 -7 34 21 22 41 -35 -18 6 -39 -7 -2 -40 -37 -17 -26 17 -7 -24 34 33 -41 -3 34 -17 -33 3 2 -11 37 -40 28 25 39 -30 30 -30 -35 37 24 -18 0 -8 -22 42 25 -1 32 -30 -40 16 -13 0 28 38 -22 -22 -22 9 -12 42 -5 16 37 -6 -39 7 23 6 -39 20 -31 35 9 14 17 23 13 -8
100 -30 36 41 34 4 -42 14 -21 38 36 18 33 -4 25 29 -9 22 -17 33 -2 34 -12 -23 -29 42 30 -25 31 -43 -34 -42 -33 -7 44 21 -20 -14 -24 3 38 14 -43 30 -23 40 35 18 34 30 1 1 -16 -5 -32 38 -3 7 23 41 39 -5 -11 -2 -31 25 -36 -23 -16 1 -29 -25 -30 32 -11 16 -22 20 -39 37 -20 17 -43 21 2 4 37 -35 10 -19 -37 20 13 36 -42 24 25 10 7 -27 -41
100 -43 12 9 -37 -24 30 -19 14 11 -41 17 -21 40 -9 17 -30 -42 39 25 23 -40 16 -14 31 -6 24 -9 -38 -23 39 -22 2 -31 -18 24 8 36 -22 28 4 -19 -2 31 22 0 20 -5 -38 -24 -14 -9 -32 8 -35 33 -13 -32 1 12 0 18 42 28 9 -10 -19 44 27 -12 -25 -36 -8 -35 -19 41 28 -21 24 -29 2 -38 30 5 -23 3 44 15 -32 -42 9 -5 16 44 30 -37 -39 15 -31 14 39
100 30 -40 -15 37 17 43 -13 21 -30 32 -2 -29 -6 -25 20 -24 2 -2 20 13 -20 17 31 44 -39 -11 26 -34 20 7 -34 -40 24 2 -5 14 -20 25 -9 40 13 21 -22 -38 -33 -15 -40 17 43 -8 -40 29 -21 32 -7 -22 39 36 -43 44 23 26 43 -6 -37 29 6 8 -15 -21 -7 -35 -2 -8 -32 -16 -41 -9 -5 -1 4 44 -20 -15 32 16 -1 20 5 29 11 33 -38 9 26 -19 7 -22 -7 28
100 -16 -11 -37 16 28 -16 36 -9 30 34 -32 -4 2 -24 2 9 -10 -15 27 36 -38 37 26 37 29 16 3 14 -9 35 18 -43 -34 26 32 -39 -13 21 -39 39 4 -4 -39 0 20 32 42 -14 -40 -38 10 -22 -22 -2 30 -8 43 -19 -32 17 -25 -43 27 -24 -28 44 32 39 -33 6 -37 -19 12 -9 15 4 -18 44 10 -30 -37 21 -40 -41 -15 -14 -34 17 15 26 3 -21 -19 24 -15 15 -3 13 32 -15
100 12 -41 19 29 -29 20 -14 4 3 -22 32 39 -29 -12 -7 -38 -9 -19 -11 -42 -39 -38 2 0 15 -30 25 -22 -17 24 34 -35 37 -13 -24 24 26 -27 36 -17 -17 -12 22 15 21 37 -12 -19 31 -34 34 0 17 7 34 17 -36 40 -17 -43 -39 15 26 35 -3 -24 -28 -5 -27 -9 -24 30 -41 15 26 -25 10 3 2 24 14 16 -37 1 -21 -9 20 40 42 44 29 -2 -22 21 5 -34 3 17 21 40
39 -25 -17 21 0 12 26 -17 5 35 -8 -41 14 6 -2 26 30 -21 -40 7 22 -28 -17 17 -1 35 -3 -34 -31 -42 3 37 -25 -25 7 23 35 41 28 21
85 15 7 27 9 30 -20 -23 25 -24 8 -26 24 7 28 13 -1 -39 25 -12 -8 -16 44 -9 -3 -41 -36 7 34 41 36 16 -29 14 1 44 -10 -43 -36 27 -13 12 -27 -9 -32 3 23 17 33 19 29 -41 -39 -11 26 -6 -35 0 -27 -10 -42 -20 -7 -30 1 15 41 19 -33 36 -27 11 -40 24 -16 5 30 42 5 -6 -16 24 -22 -13 -32 -18
14 41 -13 43 -9 -8 -15 11 20 -38 -3 -34 11 -12 4
100 -15 -28 36 -6 42 27 33 -39 43 -20 -9 -6 -24 12 15 -43 43 -37 -29 -34 -9 -5 -30 21 -31 15 40 5 -32 -10 -14 39 -32 -1 -4 -2 33 -10 -5 18 -43 22 -30 -40 -21 -1 33 15 -33 -20 2 -24 39 11 44 -17 -3 5 0 -19 17 22 12 23 22 40 -1 -26 15 -39 -20 5 -20 -30 -26 -19 -14 12 -7 3 22 14 -24 26 -20 -31 31 -28 38 24 -16 19 -7 -9 34 39 40 -8 -20 -40
100 -41 -21 -41 3 -30 14 19 -28 41 2 2 13 -18 26 -12 24 -35 3 -35 -24 29 -21 34 -21 41 -35 -23 -6 24 41 43 -41 -42 -27 31 25 16 7 -33 -29 17 -18 39 -31 5 34 27 22 -35 -15 -31 11 26 -25 -3 35 -7 -31 -13 -38 -36 -6 -4 3 0 -27 -21 -3 43 -12 13 19 -27 -12 -15 17 8 -33 -1 -37 -7 41 25 -43 -16 38 32 18 2 -6 19 -6 -11 -23 21 -20 13 -38 11 -23
100 -21 -30 13 25 -13 -21 39 1 -14 17 -28 22 -43 -7 -36 -3 -11 -34 3 29 -31 -4 38 -5 10 25 -31 39 25 0 -1 5 -24 -4 -36 -5 8 -5 -42 19 2 -30 40 -1 -18 25 -34 10 3 19 24 31 -6 -31 17 37 -6 -18 29 -17 -7 19 -38 -7 -15 -23 1 -21 35 42 42 21 18 1 38 -26 35 6 -8 35 8 -2 11 43 -34 19 -3 12 25 -11 -40 -42 27 -1 -23 29 6 15 19 43
71 1 2 44 -16 35 -28 -4 -13 -28 -33 -18 21 1 -17 -5 -17 24 19 18 20 21 25 1 -35 7 32 -4 9 0 25 -6 -30 -27 -23 -3 43 10 -19 -8 -33 26 2 4 -33 30 44 35 0 9 13 -37 -7 -32 21 21 0 1 28 24 -12 -43 -24 -39 -1 -13 25 7 30 19 33 -6
77 -40 -20 -3 43 29 -1 30 -42 19 19 -29 -28 -38 40 -15 7 -32 28 -26 -43 -5 7 -13 -26 -19 42 -18 21 -2 -21 -9 18 -16 34 -6 -12 0 -4 25 12 -18 9 -18 -9 -20 15 32 29 -20 -35 -25 -1 10 38 10 -36 22 32 -5 32 -21 -38 -20 -18 12 -25 -19 -35 -39 -16 -2 14 22 -28 -38 -35 27
99 31 43 3 -22 -37 7 3 18 -31 24 -21 23 -20 39 40 -12 -30 -10 14 39 42 -1 -34 38 20 14 27 3 -14 -30 -3 31 -26 -16 34 -19 -7 -17 7 -7 10 11 11 5 -14 -33 -36 -41 -19 11 -42 -17 -40 -16 8 12 24 -40 13 -39 40 -25 32 -2 -6 32 38 -30 -26 -26 -26 -3 -21 -33 9 16 -13 -36 21 42 -20 -7 -25 -11 -10 36 -41 11 -40 38 17 -27 -37 -18 0 19 -36 -28 34
100 32 -3 11 24 -10 16 -10 34 26 -37 19 -25 -35 -16 12 -36 1 30 39 -37 36 13 -32 -2 -36 8 28 -5 26 13 36 -26 41 -36 -14 -14 -39 34 -41 5 -6 -31 -19 43 28 -35 25 4 11 7 26 -12 33 -17 27 24 -25 -14 -14 -31 20 4 -31 -39 -2 -12 -35 44 -3 -34 -38 -23 -7 3 -8 0 9 37 -43 -35 -43 -27 -39 18 -43 -27 27 26 -11 17 -11 -8 23 15 -29 36 -16 -43 -2 -16
47 -39 22 15 27 23 19 9 -19 -39 -35 25 -15 -13 21 -29 -16 36 -6 -38 -3 0 -35 37 19 -35 -28 39 19 44 -13 38 6 10 -25 -25 19 39 -38 -11 -34 -40 20 28 -11 -32 -4 8
65 -5 37 -25 -36 -14 6 -41 38 6 -18 -5 -43 37 43 -14 -39 38 24 11 28 -3 -11 -15 -23 4 -42 17 -32 10 -25 -16 -19 -6 -39 18 -30 15 -16 -12 -23 -29 44 1 4 -17 -11 21 12 14 44 -17 -6 15 16 -17 -34 26 27 21 -22 15 -13 -23 20 -9
97 -2 33 -43 30 -25 -35 29 -2 -42 -43 -42 35 23 3 -22 1 -38 8 -41 -30 -27 18 18 -8 -24 26 -30 -40 -26 -15 -43 -13 -30 9 -1 13 4 3 -29 -37 -33 -41 -10 -36 7 2 -23 -31 32 31 23 -37 1 3 25 8 -21 -28 -39 5 36 17 -35 -12 27 -35 28 -23 37 -32 -31 12 20 36 36 35 7 19 35 40 19 -35 -27 -17 0 -32 41 29 -39 21 33 9 30 -37 14 9 11
3 -37 -7 35
100 -29 -34 5 39 1 9 -8 39 -3 4 6 -33 0 14 24 -13 -4 40 30 -33 41 -36 -19 3 44 17 -16 33 -41 21 -5 -3 -37 -30 -31 -42 44 -41 17 31 -22 -1 -37 32 -30 -27 -19 -27 12 -4 19 19 -35 5 24 28 -14 31 -22 -2 -34 33 -42 32 -26 -11 -30 10 -4 36 1 23 38 -37 -29 22 29 -2 5 -3 -32 -37 -4 5 -7 -17 43 1 -28 -2 -21 1 28 -34 43 23 14 37 -32 10
100 25 -4 33 -25 -28 -39 -30 42 31 -11 -3 -1 8 -27 -18 -40 -13 0 -14 30 8 31 23 -37 -25 18 19 44 1 44 24 -34 23 13 35 22 9 35 37 -18 6 8 -3 36 9 -25 40 28 -43 9 -23 9 -2 1 2 -2 -13 10 -3 27 11 -3 -9 24 23 -41 24 -38 28 -42 30 -37 -23 -34 -14 -39 -4 -8 -42 -15 21 -13 40 -16 -39 -7 -22 -25 13 -38 9 7 -21 29 -5 32 5 -6 4 -13
100 -17 11 22 19 37 -37 17 -18 -35 3 43 -8 34 18 30 8 3 17 44 1 -43 20 15 17 40 4 -1 -15 -40 -32 -17 0 2 25 -21 -13 -41 -3 44 14 -31 10 42 23 -8 9 -18 19 -12 40 27 -2 29 -36 -10 -4 38 -12 -6 -7 -27 -17 35 -4 -4 -30 -6 -43 -29 27 -43 15 27 37 -37 -1 15 -5 -2 -18 -39 12 0 -25 -9 -28 -20 -2 44 28 -35 -23 33 39 -28 31 36 16 7 16
82 34 20 -19 -38 -2 8 0 -24 42 1 12 36 24 -28 -40 -6 11 -4 4 41 2 9 3 4 -30 41 -14 27 -35 15 -31 -22 16 -15 19 -38 -28 42 15 9 -24 16 8 20 37 33 -6 -24 -27 -24 -22 -23 -37 -41 18 -12 -24 44 -19 4 -28 25 -3 -11 -14 22 -32 18 -7 34 25 -11 -37 -14 33 -31 34 40 -32 -26 10 24
100 6 5 14 5 -19 35 -43 -34 44 6 40 12 15 -32 -42 -10 -37 -27 -31 37 -41 2 40 28 16 9 2 43 -36 -8 27 44 29 37 4 -6 28 26 -27 28 -14 -29 -2 -6 31 43 23 5 -29 -10 3 1 25 9 43 2 33 21 33 -37 27 6 19 29 -30 4 -27 -6 -5 -40 2 -12 44 17 -25 -29 -19 25 44 -41 2 -15 -43 -42 19 -25 0 -12 20 43 10 -17 31 27 13 -33 43 -9 41 25
100 33 -2 23 -29 -42 -36 31 19 -27 -29 35 7 39 29 -27 12 21 37 -18 8 -32 -39 8 25 34 6 -13 -11 7 -26 13 35 -23 -5 -15 6 -24 -1 -32 35 -20 -7 -13 16 -12 11 -8 -11 24 4 -16 -34 -42 -3 -43 -20 -33 -16 -41 -11 -16 9 17 -40 35 10 -38 -18 -34 -41 -34 -22 -17 22 13 -20 5 -40 9 -36 18 -10 -6 -24 42 5 12 32 22 -3 15 -5 -41 18 -3 -21 24 -20 -29 -26
96 40 -33 -26 -30 -38 -13 -29 2 29 31 13 41 41 8 16 41 -2 -36 -33 -27 -2 3 -1 -30 -27 39 32 42 28 38 40 -6 21 -42 -23 10 38 31 29 -41 -23 34 -16 39 2 28 -11 32 -16 -12 18 -3 -13 10 9 18 -37 -5 -16 41 -33 -19 11 21 9 18 -29 15 29 28 27 -17 10 -15 34 36 -7 -1 -36 -12 -19 7 -9 8 -23 12 3 -38 -43 41 7 41 -28 -11 -42 18
94 3 38 -42 -14 33 34 -6 7 -40 -16 27 -34 9 36 -31 42 -16 32 32 25 -26 4 30 -19 33 38 -22 7 -25 -18 -12 -10 15 -19 13 21 24 -25 -17 -31 -5 30 34 -21 -5 -42 -28 -40 -14 -1 38 10 -23 41 -23 13 -9 4 -8 -6 -12 28 3 38 -35 5 13 36 -17 -24 34 34 39 -20 11 -9 23 35 -10 17 -18 -26 -8 -22 40 28 -14 19 -24 34 -27 -32 16 44
5 -27 4 -2 -24 -23
100 8 -10 -16 -15 25 5 -7 40 -16 16 -19 2 3 38 11 -35 10 -13 31 34 -23 -40 -25 -32 6 -10 12 -16 -31 2 41 -5 -38 -28 16 0 -9 -12 30 -15 -42 -24 43 11 -29 -18 10 -42 16 -28 22 -42 34 -21 -26 -24 -11 20 36 -21 1 -31 -32 -37 -18 9 43 26 -13 37 16 22 37 11 27 27 1 -24 -31 12 -1 -12 -41 -12 2 -15 -25 -16 -25 -34 6 -31 29 1 38 20 33 39 -21 14
100 -22 -18 -36 -34 -17 -18 -42 -23 37 -25 -10 5 -2 23 7 6 29 -7 36 43 39 30 35 -43 -43 -34 -10 2 9 -19 8 -27 35 5 -38 -7 -12 -20 5 23 -32 -25 -17 -24 -22 0 22 -3 -28 -22 41 -11 -4 39 -20 44 21 -6 -33 12 -24 2 -7 6 -11 30 9 42 10 -20 -35 26 -31 43 12 -3 13 10 8 -42 35 0 42 -18 13 -36 33 27 12 33 -29 23 35 20 -26 22 -22 33 -1 -38
87 -18 21 -21 23 16 3 -40 24 14 28 0 -41 -37 37 -43 -32 17 -21 -25 -23 16 41 -36 2 -21 -9 1 0 -13 11 15 -37 -21 -32 -40 4 43 37 -10 10 -37 -16 -33 13 6 22 37 -16 28 24 -18 -20 -39 30 4 9 3 15 44 36 -35 -37 4 7 38 -42 27 31 -42 11 37 4 21 -26 2 20 11 13 25 32 11 39 -38 -30 27 31 36
51 -28 17 10 -12 19 37 26 -35 -41 -38 -27 -36 4 -37 43 31 23 -14 23 -6 43 -9 -26 27 -28 -38 -40 -1 38 -17 2 20 44 41 41 -15 -36 2 12 -42 37 14 -28 -28 -43 -22 -4 -10 -5 23 29
100 17 41 -34 -43 22 -10 -31 30 7 -39 -37 -37 -39 -33 1 29 -34 -41 29 -9 -29 -24 -41 29 28 12 43 22 -15 1 -28 24 -35 -20 1 -22 6 -18 -20 6 -8 4 -35 -10 -2 -30 -42 18 10 38 9 43 -41 28 19 1 -28 39 -4 10 -19 -4 9 34 -43 8 -12 -32 30 13 29 -36 -12 -31 -11 -27 -42 -30 18 -11 -15 -8 4 -20 -12 -10 42 -21 10 11 -10 -39 -39 -4 41 12 -17 18 31 -17
21 -26 -19 -1 -18 -35 23 -21 23 -17 -10 -14 -31 -25 11 18 -19 -28 -12 28 32 18
49 5 13 -6 10 24 4 -36 36 8 -27 -38 -40 -31 6 -23 -15 18 22 6 -31 -42 40 -43 5 -14 -2 22 26 14 -23 21 -28 27 33 12 34 7 -42 -30 -26 8 31 10 2 -16 -16 5 -36 18
100 44 25 31 41 -18 29 -20 -26 10 18 21 34 28 42 4 19 14 -22 -13 6 -22 32 19 -20 -7 20 -11 30 -27 33 -27 17 13 35 39 38 -2 -2 32 37 -2 28 25 44 -26 -3 7 24 -34 -6 -36 -43 -16 -12 -14 7 18 -32 -11 31 -29 30 15 40 -27 15 -11 -34 12 -28 -19 -9 29 -27 3 -12 17 -25 3 41 -30 18 -12 39 22 23 -10 21 -14 -30 43 38 -10 -38 -33 0 -28 -42 44 -27
91 -31 28 -28 21 11 24 -28 10 9 -17 39 0 -15 -6 31 27 -1 -9 42 5 -17 -8 29 -15 -26 34 21 -20 -10 17 -20 21 9 -7 26 -4 -34 40 -6 27 -12 -20 7 -19 42 -9 -1 -8 -23 -17 -13 14 -30 -10 -21 -40 14 -2 -29 19 35 -39 29 11 16 19 26 -42 39 -3 -28 -18 -39 44 -39 -30 -3 4 15 -22 -17 -24 37 31 6 8 44 35 -34 -26 25
100 -24 1 42 -41 38 25 -38 12 21 -5 20 -9 -21 -40 0 11 20 -29 -24 -35 4 14 36 -31 31 -21 38 -8 33 34 42 32 -41 -33 -28 36 30 10 9 29 3 24 -26 -14 4 18 19 38 42 42 20 -21 37 -24 -28 14 31 -7 27 -32 33 36 6 -21 -17 13 40 -10 -22 8 24 29 -38 30 23 -23 16 8 -19 29 15 43 -16 9 -5 20 -18 -3 -2 -27 -38 -7 22 -15 -9 26 -11 -37 15 35
100 -33 8 28 -3 27 -32 -33 17 2 -19 24 -2 10 -14 35 -8 -19 31 -42 -20 -8 10 -31 9 -32 2 -24 10 -12 12 -25 -23 18 3 -39 26 -40 44 6 17 32 1 16 17 -11 -26 -35 9 34 -7 8 44 -27 44 -24 5 -1 -1 16 -18 -40 -41 20 -26 -29 26 22 22 -24 3 -11 8 -25 23 -40 41 25 15 -14 -38 40 -36 38 -38 20 26 39 -8 19 -41 42 12 -43 33 -11 6 -27 -14 -24 -12
100 -10 -31 -14 -10 41 -17 38 -38 12 26 7 40 42 -26 10 16 -33 20 -1 -14 -35 -7 -11 -9 -29 1 -12 36 29 -6 26 26 -22 21 17 44 -1 30 -31 22 33 -23 3 7 41 -10 14 2 -31 0 -12 17 -25 -34 -5 41 -38 -34 28 15 14 31 40 -38 29 33 21 -41 7 1 5 -38 7 21 -43 -18 -32 -43 42 38 7 -17 26 14 -33 -29 7 -30 17 2 4 27 -1 11 42 -24 -41 0 9 -5
100 -14 39 12 12 -27 -3 42 27 40 -42 26 -17 32 33 -34 36 12 -35 -6 -11 3 24 43 -7 -42 -15 -20 20 16 -4 33 10 40 20 14 -9 5 -29 18 20 21 19 36 29 -31 24 16 -13 7 14 -5 3 -8 34 3 42 44 18 -28 -34 25 7 -19 30 -5 38 17 13 20 15 -42 18 40 -6 43 -4 19 -27 -40 18 28 2 -11 34 -36 6 26 -1 -35 22 -9 11 3 -21 -18 -22 35 28 27 -14
100 -36 -9 2 42 15 -8 21 -25 34 -15 1 27 16 -13 -20 25 25 36 -37 -40 35 -41 11 20 19 33 -35 -25 23 -3 -2 -1 12 -3 -30 -16 34 1 -43 -21 -36 43 -32 -29 43 -19 -26 -29 25 5 -11 18 43 -40 36 16 -17 0 20 35 28 -27 2 -36 44 -14 -7 -13 31 44 -5 -21 43 35 44 -8 -39 -34 1 1 -28 26 -31 -27 -14 -12 13 -40 24 -22 35 -26 12 43 6 -43 -20 -16 -17 44
77 -34 -16 1 -33 39 -34 -5 -7 -29 -26 37 32 -11 41 -41 -34 40 -28 24 0 33 23 -29 13 39 28 14 -17 34 26 -37 30 -18 14 -9 17 22 -37 0 -9 23 -36 -38 -43 22 -12 20 -20 -39 27 31 39 -17 -33 41 -29 41 24 -38 -35 -14 41 16 2 -24 12 -16 -31 0 21 43 17 -9 5 -24 -15 -27
79 20 26 -35 11 -43 -23 43 -6 -9 7 -12 44 -23 -29 23 -21 -25 -33 -9 -28 37 -6 -37 8 27 -29 -36 -33 -21 -20 7 -11 30 28 -16 11 -33 36 39 -16 -7 -17 -6 -4 -25 14 36 -12 -11 -16 36 8 -28 4 23 -10 19 33 18 24 -3 -14 -12 -10 5 31 20 5 38 7 -39 33 0 42 7 -10 -24 -15 -16
100 -8 -43 20 -21 40 28 -27 16 -21 12 11 -27 -28 -31 -6 -18 9 14 10 -12 -6 12 -24 40 13 -37 18 -3 -30 18 -35 7 36 30 -20 7 -27 -32 -25 -35 20 38 37 12 24 12 -41 26 41 8 13 -15 -33 18 -33 -6 35 -23 32 40 26 -22 34 14 32 20 5 32 16 9 7 31 4 -4 19 11 39 14 -39 -14 -31 -25 -34 -6 14 -37 23 -13 7 30 36 22 32 37 12 38 -5 6 35 -25
59 4 -12 -40 -1 8 33 35 -36 22 9 -13 -42 36 5 -32 10 -7 -39 -7 -39 22 26 -42 -25 24 3 34 -41 6 19 44 19 3 -10 11 -26 12 39 22 -5 5 -38 14 30 -41 -7 -43 -39 4 -18 44 41 24 40 -29 3 -4 30 9
83 16 -39 -13 -4 -36 13 22 -29 27 -12 -11 16 -40 -39 -13 18 -29 -31 34 40 28 -33 13 10 -22 -32 33 -14 -16 -11 3 -20 -12 -26 22 2 42 11 14 42 43 39 -27 -35 -34 -40 -9 -30 39 20 -33 16 -34 6 1 -14 4 -21 -26 -9 -17 38 -6 8 34 -28 -34 -37 -31 23 -4 6 41 -38 -3 32 -2 42 -17 11 -6 -38 -10
100 -19 0 -23 14 -15 21 -37 11 33 20 8 -35 -16 9 -16 -37 -36 33 -30 12 32 -20 44 16 -23 -4 6 -2 -19 -24 9 12 5 -12 -19 -3 -32 0 -26 -39 -11 41 15 42 44 -23 9 21 37 25 -4 -35 -15 -7 -38 19 20 41 17 2 31 -35 38 -28 40 -13 -20 14 -43 18 22 -39 34 27 17 15 -8 31 -34 34 20 28 15 35 21 15 -30 -37 9 37 -42 -20 1 -26 -31 -3 31 10 22 32
91 7 -14 -7 26 0 11 -18 44 23 -1 -30 26 26 -34 -37 -25 -26 11 -17 11 -21 21 -27 -42 26 -23 0 40 30 -38 35 23 17 11 30 -40 -11 22 41 21 35 18 -4 -12 -19 1 -39 6 -38 -21 0 -26 11 14 29 31 28 38 -21 -13 4 -42 -17 -17 -20 -34 -15 40 4 0 -16 -6 23 -39 -12 37 43 -29 -35 28 31 -5 44 -8 -27 30 17 -19 -36 40 21
100 36 3 7 1 18 -26 1 -17 1 25 -35 29 13 -1 -26 28 26 34 -4 17 -14 -22 6 -10 -33 -19 4 -30 27 40 -18 3 -28 43 -2 5 -8 33 -35 -20 -26 32 32 38 -15 26 43 16 -9 32 -30 -10 -19 33 35 -5 -5 3 4 -40 22 -29 -26 -22 41 -39 8 23 18 -8 6 -28 28 20 -10 43 -26 -12 6 19 9 10 17 -21 -42 -5 -7 42 37 42 -28 10 10 4 35 4 -4 -11 -3 9
100 -6 16 4 36 -1 -31 -9 9 -2 30 28 -7 25 32 22 37 -24 5 -10 -36 9 28 32 35 9 21 15 -39 -37 -42 -8 41 -33 -35 43 28 -29 14 2 41 25 -3 -8 35 35 3 29 7 22 43 -24 4 -10 20 -22 -42 25 25 -7 14 -13 -10 -25 42 37 -33 16 41 9 32 -12 41 33 29 -34 -11 41 32 -12 15 -8 -16 -32 -37 5 -23 35 -23 -41 -23 -26 35 18 -3 2 33 -38 -10 -38 31
63 13 42 -32 -11 34 40 7 37 -26 15 9 -23 27 24 41 -20 33 21 -5 -10 40 -14 22 6 -20 35 -29 -19 18 14 -38 43 -19 29 -13 -31 20 12 -22 44 -9 25 38 41 10 21 4 -21 -3 -19 -14 -9 30 -19 37 -16 -35 -26 3 30 -10 10 -1
100 27 -27 37 -5 6 -38 34 0 -36 41 44 28 -30 30 25 44 -23 35 -3 42 27 6 -10 -39 -38 -26 -8 -9 22 -7 25 -31 -15 -29 33 -28 -21 20 -4 7 -41 23 44 -13 -10 -8 0 36 -18 -27 -21 38 31 -11 -16 -37 6 7 23 22 -8 -15 -5 18 8 -10 18 4 -11 4 -9 -43 11 -36 22 1 -40 -13 33 5 -42 27 22 32 -32 -8 -2 3 16 12 -34 5 -29 -25 -6 -26 37 35 -39 -39
45 35 -36 -22 -39 -20 22 5 8 39 11 15 -11 -36 19 -9 -28 -5 13 -34 7 -15 11 -4 32 22 -24 -19 38 -38 -27 23 4 0 -24 42 -23 19 24 -34 -19 -39 40 2 -37 -36
100 24 15 18 13 14 -9 -24 -4 -33 -36 31 43 17 22 -38 15 15 18 1 4 1 27 24 22 -18 29 -6 -7 2 27 -36 11 -20 39 -29 27 13 -35 -2 32 27 5 -34 19 -13 36 -30 25 5 16 -34 -18 12 24 -15 11 34 16 42 6 -6 -34 44 33 33 -15 33 -15 -16 -13 38 2 35 4 -19 12 -29 -16 43 8 26 -18 -18 -9 23 25 34 -5 11 1 -7 -24 -36 -41 39 2 28 2 43 38
100 22 -32 -11 33 -21 -5 2 -43 0 -6 22 -19 21 -15 -1 38 -12 43 12 -16 26 1 20 -36 -2 -20 11 1 -7 -9 12 -4 4 -8 -10 -35 23 -7 31 -32 18 35 -36 -2 -28 38 39 -32 -21 28 -26 20 -18 0 31 33 27 -3 -25 -3 8 37 37 13 -34 7 -10 -24 23 38 0 -41 19 2 -1 -17 4 33 0 -33 -36 40 6 28 -8 13 -27 -6 -13 0 18 -37 42 28 -34 41 -29 -30 42 12
5 -12 31 8 -26 -22
54 -38 -38 -20 -17 20 18 20 -8 -8 13 -1 42 -7 16 -35 33 -20 -38 38 -1 -11 34 25 -27 0 -6 42 -4 43 -40 39 29 20 42 37 33 -31 23 -40 -3 44 -10 -11 14 27 10 -22 20 21 18 28 -33 42 31
100 -13 -29 -33 22 31 -12 15 15 -20 27 -43 -5 31 -38 -3 -4 -14 16 0 -5 31 0 -22 30 -37 -5 -33 37 17 43 11 -2 -36 6 10 -32 29 32 -37 11 -25 13 23 -8 13 4 -31 37 -41 15 -32 -36 44 -14 -25 -19 -20 29 10 -10 -2 -21 -29 -25 42 -2 42 20 34 -38 -8 -34 5 32 -7 5 0 -10 -37 26 -22 11 3 -28 18 43 19 44 41 7 -19 30 -5 -31 -4 -31 -39 19 10 19
92 9 18 25 -27 -7 44 -1 -20 -23 14 10 -16 -3 1 33 26 19 -20 -39 -38 23 -2 -12 15 18 7 8 -28 36 32 -32 9 25 15 -33 -41 -42 13 11 16 -10 17 -31 -34 -37 -41 2 -18 -36 36 6 -8 13 -23 13 40 16 -43 38 42 -30 8 7 -20 39 21 -24 -39 -21 -1 39 42 9 -43 4 25 -6 -18 -13 0 5 20 41 7 -4 14 -15 -10 -27 25 44 -15
83 -11 -1 -30 32 26 15 10 -14 -4 43 30 30 -34 2 14 5 0 -5 35 -41 44 -42 4 43 12 19 -43 -36 -5 -16 -29 42 -5 -21 -8 20 -25 5 -15 -40 28 -8 -40 40 17 30 -37 -5 40 26 -29 2 -38 22 -4 29 40 -13 -30 -5 38 14 -37 19 -33 -18 15 3 24 -19 41 44 -24 31 -33 44 36 22 30 44 1 -40 29
93 -20 -22 32 -32 32 41 8 -27 -1 35 -23 6 -27 0 -17 -2 41 27 -2 18 7 -32 7 26 -10 -18 -3 24 39 -35 -40 13 7 -9 5 18 3 19 19 34 -13 -26 -21 9 -42 41 30 -37 0 39 35 15 -43 -42 -8 32 -26 6 -15 -8 -38 3 -24 27 -40 -17 -26 7 6 14 36 0 -32 41 14 -14 38 -21 27 -17 -35 -39 8 -19 10 1 -19 -33 -16 -16 -31 -36 17
100 -23 -25 29 -42 -32 -7 -16 13 17 -31 -22 25 -5 27 28 40 -15 -16 21 21 -36 -19 -17 -6 25 -43 13 32 13 42 22 -21 -1 -37 29 23 35 -40 38 -36 22 29 -20 8 12 17 15 42 36 30 11 30 7 -6 -34 -38 -23 -15 11 -33 13 34 23 -42 -25 27 10 -17 -37 35 4 -32 16 -22 39 -34 -25 -17 -20 31 -13 -19 -15 36 11 -19 -36 9 -30 10 31 31 -8 34 7 16 38 -7 40 -21
100 -35 -15 -38 -23 3 1 40 -12 5 -32 -15 18 14 13 -19 -42 30 7 -15 -18 -30 -37 16 24 17 44 16 18 -3 28 -21 -15 42 24 -12 -25 -10 -31 8 36 -3 -15 33 -42 19 -14 -14 -43 38 21 43 24 38 -5 -31 39 42 34 -40 7 -22 24 18 39 19 -26 3 -11 13 17 40 1 1 -41 25 7 37 34 -3 13 41 -31 -1 -5 1 35 -38 -41 18 35 37 -12 6 -17 36 -14 -19 -33 12 -4
100 39 19 26 -8 -3 -19 4 -11 -11 -4 -6 19 -32 -3 19 -31 -41 23 -43 26 19 36 -33 23 23 -40 -15 -12 -34 37 17 -16 43 36 -42 -11 -23 -43 -28 -6 -16 -40 -42 -39 -7 -20 13 -25 -7 10 16 32 -7 -39 -39 -25 -39 -37 -27 25 19 29 1 43 -23 -43 36 33 21 -14 -33 10 -14 -40 35 24 40 -23 -24 10 43 17 -42 24 -22 -35 -43 -24 3 -20 16 -40 9 2 32 -38 -18 12 -22 -9
18
