6 20
24 110 119 126 227 278 291 295 316 351 438 548 557 563 567 568 582 619 693 817 832 843 886 969 997
26 19 23 39 192 211 213 287 317 329 336 355 400 539 543 573 659 719 728 733 750 815 816 834 903 926 938
18 70 139 141 215 223 368 436 481 537 564 580 662 667 679 843 853 928 946
14 9 103 243 278 289 302 608 719 778 780 790 814 920 970
26 94 188 198 208 212 279 297 460 462 464 472 501 521 552 552 554 557 598 605 687 689 760 764 773 1008 1040
24 36 57 148 209 235 272 330 367 498 513 539 555 777 778 803 829 847 980 1017 1032 1053 1085 1107 1136
print 4
print 6
print 6
add 6 1
add 5 4
print 2
print 3
add 6 4
add 1 1
print 2
print 5
print 5
print 4
print 1
print 2
print 1
print 6
print 5
add 6 6
print 5
