9 30
33 45 83 88 137 168 176 244 258 303 341 342 385 405 438 468 519 537 549 555 561 596 619 651 698 785 834 837 837 865 907 947 948 987
36 20 23 95 98 121 153 168 207 209 293 323 371 374 399 417 431 479 490 535 538 557 567 568 584 588 599 610 615 632 773 846 852 900 906 947 974
11 181 211 261 321 429 452 603 822 893 1001 1009
34 16 47 64 69 124 147 147 150 172 230 237 278 303 306 315 317 342 392 447 473 490 529 535 546 568 635 684 738 854 865 876 947 1005 1034
23 36 91 108 111 185 188 212 318 323 382 452 484 573 607 707 780 841 887 906 912 971 1034 1066
31 12 175 181 236 245 271 289 427 484 485 490 512 591 631 647 674 727 748 748 752 805 806 815 818 903 963 974 978 994 1109 1120
10 405 689 732 746 881 936 944 954 1236 1257
23 101 141 179 231 231 281 414 424 791 838 857 866 946 1066 1102 1153 1185 1200 1204 1291 1350 1355 1379
24 7 23 42 136 153 179 227 397 558 570 632 650 657 733 744 903 1091 1099 1119 1346 1421 1488 1546 1625
add 6 4
add 3 9
add 1 7
add 4 7
add 3 2
add 7 1
print 6
print 8
print 2
add 2 7
print 2
add 3 5
print 7
print 8
print 4
print 3
print 2
add 2 9
print 9
print 1
add 9 3
add 1 7
print 4
add 8 7
add 7 5
add 8 7
add 4 5
add 7 8
add 9 6
add 3 9
