12 40
35 11 15 28 49 102 128 201 246 264 287 307 354 361 404 476 479 494 495 567 640 688 749 800 805 834 841 857 864 868 875 875 906 949 949 984
45 32 68 203 213 253 260 260 280 297 336 344 349 368 442 455 458 490 505 532 537 551 559 639 735 740 740 773 776 787 808 816 817 841 868 884 894 895 910 919 920 925 958 975 979 994
34 50 66 71 79 120 123 148 150 158 189 219 268 367 416 441 460 528 555 655 662 666 680 685 689 696 751 773 800 841 855 859 885 909 983
36 28 29 52 64 95 108 123 127 130 154 178 203 228 228 287 331 357 375 433 467 548 575 639 654 678 702 716 737 796 800 841 852 863 912 990 1006
31 113 183 221 265 295 309 322 369 383 385 397 423 464 505 516 531 573 585 675 728 735 774 843 868 918 991 1008 1075 1077 1082 1085
40 54 55 58 59 86 137 141 177 231 349 382 437 446 478 482 485 487 494 536 722 734 751 878 897 924 934 949 979 991 1001 1014 1040 1048 1099 1122 1123 1151 1164 1170 1180
21 18 67 151 210 286 424 459 574 725 738 782 867 928 946 950 1139 1159 1179 1223 1273 1286
42 64 68 115 126 201 358 361 365 397 408 477 490 493 564 630 667 673 707 707 708 725 736 754 800 834 918 922 935 938 940 956 1017 1062 1063 1157 1187 1195 1275 1357 1380 1385 1437
30 10 138 236 343 417 434 538 668 705 738 754 771 860 933 935 946 1013 1027 1092 1128 1221 1230 1341 1367 1374 1455 1480 1542 1630 1647
23 192 198 236 280 502 602 751 833 916 940 975 1092 1487 1490 1532 1569 1691 1696 1714 1749 1806 1882 1900
34 47 110 111 124 157 212 212 326 379 394 468 661 686 729 758 789 859 890 1026 1089 1093 1222 1326 1388 1511 1683 1684 1697 1889 1955 1966 2050 2113 2185
37 126 421 497 499 660 746 756 809 876 999 1059 1116 1170 1190 1265 1455 1456 1462 1560 1612 1621 1676 1720 1808 1906 1909 1950 2036 2055 2079 2144 2214 2340 2349 2355 2389 2496
print 6
add 11 2
add 6 1
add 8 8
add 12 1
add 8 9
add 12 12
add 9 8
add 8 11
add 4 6
add 6 3
print 12
print 5
add 1 3
add 1 6
print 7
add 11 3
add 5 2
print 12
print 2
print 3
print 1
print 12
print 10
print 2
add 2 8
print 10
add 9 1
add 7 5
print 5
add 9 5
add 3 9
add 7 7
print 9
print 4
add 6 11
print 4
print 12
print 5
add 10 10
