15 50
30 10 99 146 158 182 220 246 283 314 333 385 424 554 556 580 603 719 721 772 783 825 826 839 880 895 900 920 921 959 974
26 116 138 154 219 234 237 276 284 334 354 364 443 466 509 511 520 573 582 597 648 678 701 805 839 889 936
34 27 53 72 76 113 116 186 192 196 300 364 364 402 434 459 466 503 525 525 542 544 622 632 673 688 745 801 822 868 908 940 980 992 1018
22 76 82 82 234 299 325 342 344 368 380 395 424 462 568 621 665 758 776 906 917 935 1042
32 42 52 78 118 128 128 158 182 281 340 354 369 413 416 472 481 530 535 544 639 711 753 766 787 798 822 831 835 848 871 925 1025
18 49 54 411 420 509 595 608 633 836 892 902 977 1098 1103 1125 1162 1165 1180
33 48 62 140 184 221 315 327 327 365 381 399 422 460 505 598 630 658 689 700 750 798 812 827 847 988 1018 1064 1083 1129 1164 1189 1259 1294
29 44 62 85 115 178 340 406 428 430 546 559 652 701 780 827 846 946 980 1008 1018 1066 1127 1191 1203 1232 1232 1247 1370 1382
22 11 14 147 224 241 268 364 387 423 653 723 831 902 910 1100 1137 1240 1306 1307 1513 1614 1637
38 66 110 189 195 200 207 208 223 225 237 318 374 389 403 538 620 631 698 702 754 780 791 808 891 894 914 948 988 990 1111 1203 1262 1648 1674 1701 1787 1866 1894
32 42 66 205 206 211 218 256 336 381 491 517 521 586 619 647 766 973 1030 1108 1187 1204 1451 1508 1609 1674 1704 1820 1833 1862 1954 2013 2196
18 20 76 593 718 824 933 939 951 953 1015 1390 1435 1621 1762 2119 2187 2510 2581
56 49 126 144 279 372 428 462 534 536 615 630 676 730 740 882 894 938 947 1049 1206 1235 1317 1436 1515 1582 1587 1627 1631 1633 1647 1663 1674 1732 1886 1902 1939 2025 2052 2099 2155 2157 2185 2242 2261 2338 2346 2384 2622 2658 2709 2821 2918 2925 2930 3002 3023
52 16 82 413 492 539 568 616 659 795 848 856 864 909 928 1075 1278 1587 1672 1701 1728 1735 1736 1799 1800 1870 1886 1893 2053 2125 2145 2386 2548 2589 2675 2726 2747 2764 2819 2878 2991 3040 3118 3120 3142 3161 3198 3266 3347 3371 3401 3437 3474
17 35 721 757 895 1007 1078 1319 1627 1846 2040 2461 3220 3384 3546 3618 3686 4022
add 10 9
add 12 7
add 15 13
print 12
add 9 10
add 1 2
print 13
print 15
add 7 12
print 14
add 1 12
add 15 2
add 1 9
add 7 13
print 7
add 9 4
add 6 8
add 3 8
add 11 6
print 3
print 2
add 4 2
print 8
add 4 14
add 8 13
print 15
add 13 13
add 4 1
add 4 2
print 8
add 5 6
print 3
add 10 15
add 5 2
add 6 9
print 15
add 8 10
print 15
print 5
print 9
add 15 7
print 14
print 14
print 12
print 9
print 12
print 14
print 5
add 8 1
add 5 10
