18 60
23 28 236 284 310 323 332 450 517 613 626 641 642 646 663 670 768 768 818 827 864 955 966 993
16 11 59 69 149 196 216 245 319 329 402 550 561 709 940 967 1001
13 12 21 27 45 142 386 438 450 578 660 735 765 835
34 19 39 113 199 203 239 247 281 306 335 338 341 374 397 455 477 484 518 529 560 613 668 766 790 811 824 842 866 893 933 981 1012 1023 1036
69 12 26 48 77 80 109 137 151 175 182 244 287 298 307 315 343 407 437 464 467 472 491 496 506 510 514 523 545 558 562 576 580 585 591 615 620 642 672 678 695 715 733 734 763 783 795 812 818 830 861 867 870 872 874 874 901 914 918 922 957 958 968 973 1005 1019 1026 1064 1073 1097
59 3 34 69 95 121 159 173 224 229 239 245 256 278 289 301 304 402 433 441 453 466 477 501 536 536 548 554 573 592 601 602 603 627 654 703 709 712 750 763 817 823 843 858 861 921 932 935 955 962 966 1002 1009 1024 1075 1077 1084 1091 1150 1170
25 18 77 167 216 230 248 283 288 289 370 403 473 480 590 610 656 702 734 787 856 907 918 948 1240 1247
39 14 19 24 192 206 250 282 384 391 452 532 571 617 623 643 676 678 723 794 920 925 1075 1099 1146 1151 1163 1189 1203 1241 1286 1310 1341 1348 1357 1409 1428 1430 1433 1445
57 8 85 96 142 169 236 254 291 324 333 346 347 391 490 508 539 564 599 661 663 671 716 730 763 805 816 822 828 829 887 919 934 957 993 1061 1086 1091 1093 1125 1241 1256 1261 1267 1332 1342 1365 1370 1380 1389 1400 1504 1523 1545 1567 1626 1634 1635
19 15 35 80 91 98 168 265 513 546 871 1253 1271 1317 1333 1472 1490 1743 1890 1893
58 4 45 76 99 104 162 172 183 313 381 485 486 497 501 505 579 601 637 666 678 731 753 797 967 975 993 1006 1079 1162 1267 1355 1367 1422 1425 1511 1525 1571 1572 1589 1596 1617 1645 1645 1671 1682 1694 1703 1716 1733 1746 1766 1776 1844 1845 1968 1981 2073 2195
60 20 47 112 146 178 263 339 387 576 591 625 669 672 838 846 937 974 984 997 1035 1096 1121 1162 1266 1276 1284 1297 1331 1421 1467 1476 1539 1590 1592 1657 1720 1720 1859 2036 2055 2091 2146 2178 2187 2252 2259 2293 2301 2338 2382 2395 2405 2431 2447 2454 2512 2518 2540 2554 2567
26 10 36 114 196 202 251 580 643 891 1175 1423 1462 1605 1737 1919 1931 2085 2090 2126 2135 2164 2392 2593 2705 2858 2946
31 210 275 366 395 445 543 666 930 1155 1201 1211 1446 1475 1525 1715 1730 1788 1916 2057 2146 2204 2443 2673 2787 2826 2845 2886 2887 3233 3480 3498
37 162 210 234 292 328 389 513 514 618 711 906 1041 1046 1193 1230 1245 1624 1926 2282 2419 2448 2477 2546 2677 2700 2731 2799 2818 2820 3015 3089 3239 3247 3555 3785 3830 4042
58 43 57 201 261 358 361 449 504 516 531 755 808 815 896 1003 1078 1117 1139 1269 1321 1386 1603 1713 1837 2113 2124 2167 2296 2458 2669 2777 3054 3238 3311 3357 3409 3437 3458 3475 3486 3496 3544 3553 3593 3596 3667 3759 3895 4303 4327 4355 4441 4510 4593 4626 4691 4709 4739
29 243 754 881 1042 1090 1130 1936 2016 2352 2414 2824 2911 2984 3140 3373 3487 3837 4077 4136 4170 4262 4346 4547 4894 4918 5267 5350 5602 5614
32 275 432 876 1088 1276 1278 1691 1741 1750 1874 2227 2656 3285 3341 3621 3682 3762 4107 4195 4216 4908 5265 5563 5792 5806 5928 6035 6159 6202 6301 6495 6499
print 11
print 13
add 10 6
print 1
add 11 10
add 6 15
add 1 16
add 12 7
add 18 10
add 8 2
add 7 10
add 14 5
add 14 18
print 16
print 1
add 12 18
print 16
add 5 4
add 17 8
add 16 10
print 14
add 9 15
print 3
add 13 6
add 7 4
print 7
print 10
print 17
print 2
print 10
add 18 18
add 8 2
add 13 12
print 2
add 17 16
print 16
print 6
add 10 8
add 2 10
add 18 1
add 15 6
add 10 8
print 8
print 5
print 4
print 4
print 1
print 15
print 13
print 3
add 16 5
print 1
add 2 15
print 15
print 9
print 10
add 4 6
add 2 1
add 4 6
print 11
