21 70
39 20 23 54 65 126 156 159 166 181 188 237 265 278 291 338 338 377 379 411 433 451 463 463 518 564 591 600 646 731 732 790 812 818 841 845 861 889 931 989
44 27 38 57 70 77 126 172 190 249 275 297 336 340 362 444 445 447 466 467 550 567 567 608 611 639 678 684 692 738 741 765 774 794 824 882 924 926 941 943 944 951 964 988 998
15 38 136 230 361 415 416 443 528 552 574 650 767 791 826 970
30 34 55 65 72 77 125 125 266 339 374 451 469 524 572 640 640 643 651 670 748 779 799 835 872 876 916 940 995 1000 1011
50 44 53 55 57 94 125 131 186 216 253 254 306 382 397 421 426 435 453 463 466 467 475 485 498 540 615 652 656 675 694 754 763 766 792 805 825 919 923 937 950 969 970 986 1020 1032 1035 1038 1050 1051 1083
10 64 64 327 353 380 592 717 1021 1022 1165
29 100 119 131 155 159 166 238 248 356 372 387 397 441 477 526 531 555 559 794 795 816 882 892 916 917 982 1042 1174 1250
43 5 199 230 233 257 319 370 426 453 460 472 506 525 532 573 598 643 785 832 834 836 881 899 982 1007 1010 1029 1045 1051 1081 1104 1109 1129 1133 1151 1199 1251 1255 1365 1374 1419 1420 1437
25 47 88 132 217 284 327 349 480 482 666 704 795 841 881 971 1070 1153 1170 1260 1276 1333 1340 1403 1514 1609
70 36 88 91 109 164 175 197 206 207 226 236 282 297 300 313 335 369 375 404 427 443 457 496 502 551 580 670 689 714 736 745 764 820 841 875 910 928 1011 1069 1081 1114 1140 1210 1222 1236 1248 1278 1290 1316 1319 1330 1345 1352 1362 1379 1384 1416 1434 1461 1463 1499 1510 1532 1568 1577 1669 1707 1759 1761 1899
59 11 38 38 151 160 192 233 249 315 323 394 412 450 457 475 481 497 502 502 521 522 573 575 668 717 785 798 808 859 898 959 960 986 1030 1049 1057 1078 1082 1092 1145 1164 1211 1259 1489 1573 1586 1596 1705 1793 1868 1899 1915 1962 1996 2035 2063 2132 2178 2205
70 54 101 115 117 150 162 164 185 345 346 350 352 373 397 428 654 657 694 720 742 781 801 814 865 881 959 970 1028 1093 1117 1149 1168 1174 1211 1242 1310 1445 1449 1455 1492 1525 1571 1617 1625 1634 1652 1691 1702 1722 1746 1772 1850 1915 1931 1967 1976 2163 2179 2216 2244 2402 2426 2431 2456 2469 2475 2500 2503 2531 2556
45 113 197 255 381 475 545 603 635 684 716 823 926 944 1111 1281 1334 1353 1428 1476 1614 1651 1714 1748 1783 1865 1907 1999 2080 2116 2208 2233 2406 2411 2576 2601 2602 2615 2623 2627 2679 2710 2761 2927 3001 3020
64 13 307 339 423 482 554 579 634 636 640 801 878 886 1130 1176 1203 1205 1243 1388 1455 1481 1524 1556 1557 1558 1657 1680 1852 2033 2047 2098 2113 2151 2172 2252 2339 2352 2489 2497 2509 2524 2599 2602 2682 2780 2799 2829 2861 2905 2940 2996 3023 3051 3055 3161 3168 3181 3193 3233 3241 3286 3352 3480 3512
72 15 82 189 231 267 293 339 373 423 494 505 522 702 862 872 932 1036 1121 1122 1126 1176 1200 1364 1445 1579 1591 1603 1672 1706 1726 1797 2112 2157 2223 2289 2316 2349 2539 2595 2611 2612 2630 2689 2768 2796 2810 2913 3019 3065 3148 3238 3257 3303 3324 3377 3415 3417 3462 3520 3536 3572 3632 3635 3667 3690 3802 3879 4005 4014 4059 4062 4084
10 441 688 985 1811 2015 2066 2608 3476 4024 4838
50 58 133 206 243 384 473 622 729 782 960 1150 1497 1616 1653 1887 2041 2546 2659 2695 2715 2751 2824 2836 2953 2978 3127 3140 3293 3338 3343 3365 3428 3465 3729 3789 3812 3969 3990 4042 4050 4059 4398 4602 4619 4833 5106 5134 5240 5359 5486
29 12 489 497 507 1429 1794 2409 2766 2865 2954 2957 3072 3182 3301 3367 3372 3792 4025 4139 4419 4599 4721 4800 5780 5814 5826 5969 5977 6198
26 550 628 701 949 989 1092 1427 1496 1607 2444 3144 3196 3310 3363 3399 3417 4468 5209 5212 6146 6153 6733 6795 6859 6914 7213
49 206 240 246 251 380 440 525 809 1055 1089 1264 1319 1483 1518 1551 1612 1709 1988 2071 2362 2366 2460 2515 2724 2899 2932 3060 3206 3343 3449 3668 3825 3890 4010 4223 4599 4643 4751 4774 4836 5466 7633 7755 7782 7842 7908 8242 8346 8498
44 409 444 860 886 946 1037 1170 1365 1505 1555 1635 1659 1854 2061 2339 2602 2944 3094 3139 3471 3645 3650 4011 4017 4074 4543 5078 5112 5271 5625 6518 6637 7501 7630 7962 8170 8481 8549 8717 8974 9124 9447 9589 9735
print 3
add 10 9
print 6
add 17 19
add 14 14
print 3
add 10 21
print 17
add 7 17
print 9
print 19
print 4
add 1 7
print 12
add 5 6
add 6 15
add 19 15
add 18 3
print 6
add 12 21
add 16 19
print 13
print 21
add 5 16
add 14 16
print 9
add 18 10
add 18 2
print 16
print 19
add 12 6
print 19
add 21 21
print 15
print 14
add 16 6
print 1
add 1 6
add 5 16
print 4
add 1 16
print 4
print 19
print 12
add 15 6
print 7
print 21
print 12
add 16 20
print 7
add 7 21
add 11 20
print 11
add 19 17
print 12
add 6 8
add 1 7
print 12
add 19 5
print 18
add 17 17
print 6
print 19
add 11 13
print 8
print 2
print 8
add 17 8
add 20 1
add 14 21
