24 80
34 3 12 81 103 167 212 218 222 233 240 244 252 253 265 274 304 320 321 342 345 428 530 549 552 566 580 787 800 838 872 914 928 987 988
82 12 14 14 36 46 50 60 63 63 66 70 70 72 96 149 152 160 180 197 224 228 243 245 268 273 284 293 319 331 345 366 367 403 409 421 430 437 455 470 492 536 540 543 548 570 581 592 596 596 617 628 660 679 681 695 700 700 714 728 731 753 759 761 764 769 805 807 808 816 819 828 855 861 864 866 870 891 894 907 952 957 1004
14 28 56 135 213 250 376 478 553 598 793 862 946 986 986
38 7 32 53 108 140 154 203 229 255 263 321 338 351 380 386 452 577 615 645 666 684 697 705 732 751 757 775 795 801 815 821 832 833 842 990 1015 1036 1041
55 30 38 138 157 235 248 261 274 277 285 292 299 318 335 344 359 396 430 446 462 489 496 512 519 593 621 643 645 646 653 660 687 711 716 722 737 745 761 794 815 843 846 850 861 877 892 902 923 929 984 992 993 998 1019 1019
66 9 23 83 116 128 152 253 256 257 261 275 280 300 309 319 340 385 391 403 414 425 426 438 452 461 491 505 530 557 557 569 570 595 597 598 606 614 617 628 673 690 707 709 774 787 838 838 885 896 947 949 977 994 1043 1060 1085 1089 1092 1104 1110 1113 1121 1129 1140 1152 1176
34 67 190 211 222 233 237 474 474 487 499 515 604 626 698 717 738 740 796 806 807 835 878 962 963 1027 1040 1071 1076 1118 1159 1198 1250 1256 1273
11 138 221 222 304 546 610 633 937 945 1066 1129
40 5 116 298 321 386 418 441 472 503 506 522 540 552 563 577 613 637 672 672 783 870 873 875 887 890 932 1077 1126 1158 1159 1161 1200 1232 1238 1311 1333 1399 1402 1439 1517
18 19 30 84 498 518 568 615 845 875 890 911 1220 1249 1415 1460 1474 1629 1714
47 36 142 196 234 318 333 338 423 470 472 488 529 566 670 680 699 751 771 780 809 971 1026 1030 1033 1052 1124 1200 1247 1348 1382 1436 1441 1477 1477 1544 1558 1561 1563 1631 1690 1761 1873 2077 2116 2186 2193 2203
28 13 38 49 175 186 257 271 394 445 457 476 524 642 737 745 975 1259 1339 1344 1411 1597 1664 1836 1995 2110 2150 2341 2583
33 106 212 312 362 499 695 890 899 960 1095 1102 1176 1293 1400 1449 1481 1494 1882 1908 2080 2201 2347 2473 2510 2611 2791 2839 2913 2928 2936 2953 2955 3026
81 23 34 46 80 227 252 299 357 438 652 681 682 691 752 756 825 838 893 941 965 970 1014 1037 1127 1168 1182 1235 1304 1316 1337 1351 1463 1464 1490 1518 1560 1581 1619 1641 1653 1669 1682 1725 1747 1787 1819 1826 1965 2010 2044 2073 2149 2208 2383 2476 2528 2562 2569 2599 2613 2642 2690 2733 2734 2763 2788 2818 2835 2847 2855 2867 2875 2911 3174 3248 3282 3311 3368 3403 3459 3504
47 48 254 269 349 409 421 499 972 1017 1038 1231 1280 1317 1651 1672 1708 1726 1760 1794 1898 2154 2222 2296 2300 2354 2465 2524 2549 2627 2657 2659 2910 2910 2975 3085 3187 3218 3234 3277 3702 3783 3806 3833 3853 3883 3914 4087
55 157 324 484 499 500 537 573 640 648 799 817 1069 1106 1320 1449 1492 1773 1807 1897 1945 2101 2120 2356 2365 2421 2625 2806 2905 2944 2995 3106 3289 3289 3402 3448 3505 3522 3531 3795 3805 3824 3874 3895 3897 3934 3945 4024 4150 4178 4366 4418 4446 4659 4735 4831
12 632 1962 2276 2767 2825 2906 3377 3602 4040 4308 4516 4585
20 49 310 480 495 497 745 988 1433 1434 2322 2498 2816 3463 3658 4178 5452 5507 6078 6477 6494
74 70 116 362 409 656 810 874 1100 1103 1271 1276 1282 1339 1390 1434 1492 1607 1624 1783 1999 2118 2120 2143 2450 2478 2510 2512 2587 2742 3111 3150 3302 3436 3647 3661 3722 3810 3838 3959 4050 4076 4529 4875 4900 4998 5136 5148 5166 5325 5409 5418 5428 5448 5491 5723 5776 5783 5853 5883 6075 6113 6176 6341 6349 6373 6440 6452 6511 6594 6976 7016 7134 7319 7378
71 91 137 223 225 326 829 846 928 1189 1232 1480 1771 1965 2025 2335 2362 2437 2459 2539 2778 3014 3018 3060 3192 3347 3415 3427 3540 3715 3755 3765 4236 4251 4335 4516 4545 4714 4782 4820 5039 5177 5202 5232 5371 5397 5643 5744 5747 5998 6055 6210 6264 6370 6799 6799 6890 6891 6944 6955 7019 7147 7179 7365 7423 7582 7706 8271 8337 8377 8410 8594
43 590 984 1061 1299 1512 2036 2068 2435 2469 2549 2764 3494 3499 3796 3939 3942 4172 4177 4259 4318 4584 4822 4906 4928 5237 5515 5844 6025 6522 6749 6937 7120 7372 7849 8082 8246 8543 8592 8789 8791 8811 8841 9204
12 305 1912 3229 3829 4816 8126 8339 8982 9531 9690 10459 10774
33 448 1146 2141 2326 2868 2875 3001 3167 3281 3507 3767 4303 4868 5244 5399 5869 5967 5994 7178 7191 7268 7897 8736 8854 9985 11017 11252 11314 11567 11653 11769 11900 11922
85 244 287 346 456 691 774 775 1281 1477 1509 1583 1710 1933 2153 2296 2443 2667 2725 3106 3209 3424 3525 3577 3821 4022 4050 4106 4116 4395 4482 4619 4660 4917 4952 4978 5390 5675 5731 6225 6337 6470 6506 6601 6676 7290 7470 7492 7939 7949 8282 8447 8571 8936 9147 9151 9230 9349 9379 9385 9423 9561 9601 10438 10460 10525 10549 10684 10928 10965 11341 11374 11553 11566 11717 11781 12099 12127 12189 13460 13534 13538 14073 14225 14239 14248
print 10
print 11
print 4
print 20
print 9
print 1
print 24
print 6
print 19
print 1
print 14
print 1
print 15
add 19 20
print 23
print 6
add 7 9
print 3
print 22
add 9 24
add 21 22
add 24 19
print 5
print 22
print 17
add 13 10
print 7
add 3 4
add 19 8
add 7 8
add 13 24
add 6 20
add 4 6
add 24 14
add 13 22
print 23
add 10 8
print 3
add 8 19
print 24
print 4
print 16
print 20
print 12
add 19 9
add 17 13
print 10
add 13 24
print 18
print 13
print 16
print 18
add 15 11
add 3 3
add 17 5
add 8 24
print 19
print 19
print 3
add 15 13
print 14
add 2 11
print 18
add 7 4
add 15 1
print 19
add 20 8
add 4 19
add 11 17
add 6 13
add 22 3
print 8
print 12
add 2 18
print 5
add 15 12
print 12
add 13 24
add 15 24
add 7 7
