27 90
43 15 105 106 107 115 116 156 170 191 234 270 316 319 343 370 389 410 415 427 449 485 515 519 626 650 653 661 671 686 692 707 731 735 749 755 827 882 913 923 926 958 973 977
41 5 20 30 32 56 58 101 139 158 167 176 177 188 198 256 294 309 313 321 329 346 359 376 395 396 401 402 406 417 563 707 762 844 872 880 895 906 910 960 984 1000
31 50 58 73 83 96 126 158 175 188 218 324 334 340 484 535 536 582 601 720 744 748 750 753 770 780 790 823 880 888 928 992
19 30 114 166 216 307 397 521 535 622 638 646 705 724 749 789 795 876 947 966
32 80 139 140 146 167 172 179 225 263 350 356 386 466 476 522 537 542 570 605 613 634 646 650 652 704 797 827 828 869 969 1039 1059
68 11 25 28 41 44 54 57 96 125 126 134 152 155 168 170 179 180 182 211 237 262 299 305 338 358 359 364 386 402 417 446 447 482 503 511 544 550 566 585 586 621 664 716 736 748 749 751 753 800 814 834 845 859 865 877 896 903 908 934 969 1048 1076 1078 1082 1089 1127 1155 1176
47 4 7 32 45 46 80 82 141 201 259 332 435 438 488 516 535 635 649 665 688 692 734 739 743 770 772 791 822 842 853 886 944 949 956 987 995 1056 1090 1105 1151 1179 1186 1205 1220 1230 1240 1241
89 9 20 27 46 46 61 79 88 97 99 114 123 127 159 167 193 206 227 233 248 287 320 337 340 351 387 392 419 428 435 442 459 473 486 489 508 539 553 554 556 593 630 652 683 715 718 734 735 742 790 798 804 814 836 847 854 859 868 870 883 887 900 914 944 991 1009 1019 1044 1066 1085 1096 1099 1137 1169 1180 1182 1195 1201 1236 1262 1270 1275 1286 1293 1308 1319 1401 1409 1434
54 16 77 86 95 180 201 233 239 251 253 283 312 313 332 403 405 419 427 484 486 554 555 567 643 663 714 726 731 734 749 769 834 862 869 933 1027 1036 1064 1080 1094 1129 1129 1134 1200 1284 1296 1312 1316 1327 1459 1497 1509 1564 1604
82 1 18 41 60 64 66 80 92 114 133 254 266 299 327 344 449 467 468 501 607 608 655 693 722 733 743 765 776 826 849 858 872 925 933 942 967 980 1005 1010 1011 1047 1073 1083 1086 1154 1163 1181 1215 1230 1250 1258 1281 1331 1338 1362 1371 1402 1449 1462 1485 1518 1522 1552 1554 1561 1575 1591 1618 1636 1673 1673 1678 1709 1755 1756 1765 1783 1800 1831 1851 1863 1891
92 37 67 103 125 197 223 230 281 285 289 373 385 391 419 472 489 511 530 586 645 671 704 792 799 804 807 835 842 848 856 883 886 900 906 919 946 1005 1082 1091 1114 1154 1156 1190 1200 1217 1221 1247 1250 1274 1278 1318 1320 1334 1361 1383 1463 1492 1509 1509 1542 1547 1554 1556 1609 1635 1646 1678 1684 1701 1704 1721 1727 1743 1748 1757 1758 1759 1787 1798 1811 1833 1865 1932 2013 2054 2082 2098 2114 2120 2157 2179 2193
47 42 58 138 153 218 263 292 398 599 632 653 653 671 694 761 853 1108 1157 1256 1264 1327 1353 1433 1481 1505 1566 1575 1601 1602 1691 1714 1737 1820 1824 1861 1885 1905 1925 2021 2054 2123 2316 2327 2333 2364 2477 2485
45 17 20 177 297 326 366 451 487 515 572 596 647 720 825 839 852 859 860 937 1003 1037 1066 1228 1259 1287 1302 1362 1364 1369 1433 1650 1716 1937 1976 2061 2094 2139 2158 2262 2302 2309 2510 2589 2657 2871
33 2 118 196 425 563 571 658 713 825 872 1052 1072 1092 1161 1495 1531 1579 1608 1739 1826 1860 1931 2002 2049 2351 2599 2666 2890 2983 3077 3100 3379 3529
83 58 90 120 182 237 243 313 318 330 339 378 401 460 474 634 734 750 844 908 981 1075 1085 1164 1167 1217 1231 1242 1289 1333 1370 1388 1402 1492 1546 1620 1671 1712 1724 1782 1816 1823 1870 1913 1975 2075 2076 2251 2357 2392 2428 2451 2473 2503 2512 2545 2581 2612 2663 2839 2914 2952 2991 2993 3128 3154 3217 3219 3221 3280 3353 3381 3409 3411 3412 3442 3478 3588 3641 3649 3882 3983 4036 4047
55 2 186 188 367 393 446 457 469 570 711 871 1066 1096 1210 1231 1373 1390 1411 1450 1540 1634 1706 1715 1783 2049 2072 2221 2252 2324 2330 2335 2451 2596 2821 2848 2899 2943 2993 3022 3035 3048 3076 3182 3608 3616 3640 3650 3851 3876 3904 4243 4278 4624 4829 4840
56 3 20 123 133 142 205 298 359 472 618 895 917 973 1090 1195 1474 1506 1567 1616 1754 1873 1880 1986 2195 2342 2426 2591 2768 2837 2894 2914 3008 3025 3207 3440 3549 3703 3725 3852 3900 3908 4011 4048 4133 4135 4160 4298 4317 4440 4484 4667 5022 5063 5092 5149 5203
60 51 105 217 619 655 680 722 853 991 1207 1245 1510 1541 1759 1888 1965 1966 1979 2038 2112 2133 2151 2350 2352 2571 2681 2748 2769 2914 2951 2993 3060 3234 3262 3690 3703 3786 3833 3843 3975 4029 4049 4125 4281 4417 4461 4985 5024 5204 5261 5408 5411 5526 5583 5684 5786 5804 6056 6137 6379
80 35 42 304 310 469 550 558 563 567 609 773 1216 1276 1350 1438 1448 1515 1615 1688 1692 1695 1715 1782 1887 1996 2008 2050 2117 2343 2373 2440 2480 2550 2607 2688 2762 2799 2855 3164 3174 3492 3638 3640 3690 3729 3899 3924 3996 4019 4055 4108 4186 4228 4414 4642 4707 4777 4800 5093 5147 5155 5261 5555 5665 5996 6025 6079 6126 6326 6363 6509 6735 6829 6848 6921 6995 7173 7188 7294 7391
79 124 218 410 793 887 891 964 988 1032 1154 1177 1284 1295 1561 2060 2080 2253 2300 2333 2372 2587 2659 2672 2786 2991 3163 3284 3426 3684 3742 3829 3909 3926 3941 3994 4032 4086 4121 4124 4174 4257 4499 4503 4519 4542 4577 4777 4782 4815 4878 4935 4967 5188 5279 5305 5455 5580 5786 5892 5897 6199 6258 6309 6411 6459 6511 6684 6736 6792 6813 7011 7024 7208 7419 7498 7535 7656 7859 8531
38 835 1094 1213 2068 2259 2524 2717 2911 3284 3457 3652 4134 4548 5155 5871 5937 6031 6320 6553 6704 6901 6916 7028 7514 7624 7878 7899 8219 8247 8734 8842 8995 9030 9080 9429 9481 9552 9724
99 15 21 66 102 190 305 392 405 468 680 773 854 960 1053 1538 1562 1571 1668 1977 2007 2066 2077 2106 2196 2228 2271 2398 2500 2553 2738 2921 3081 3124 3316 3605 3644 4355 4390 4418 4491 4672 4806 4808 4818 4897 5055 5061 5087 5095 5441 5486 5536 5620 5650 5762 5814 5859 5879 5935 5980 6141 6281 6471 6545 6559 6718 6770 6998 7132 7190 7255 7318 7405 7645 7881 7913 8113 8244 8409 8646 8666 8878 9000 9122 9367 9368 9461 9661 9760 10065 10155 10484 10517 10714 10781 10861 10953 10998 11046
90 123 370 472 637 710 851 1050 1059 1191 1325 1467 1646 1761 2109 2161 2413 2634 2644 2833 3264 3453 3495 3546 3568 3775 3896 4127 4289 4468 4568 4652 4714 4964 5053 5078 5097 5099 5176 5202 5229 5253 5483 5604 5691 5797 5842 5901 5966 6386 6544 6555 6584 6614 6679 6838 6868 6940 7087 7192 7319 7675 7737 8002 8039 8138 8193 8606 8795 9137 9260 9299 9404 10088 10243 10303 10586 10839 11039 11118 11320 11380 11385 11587 11704 11736 11944 12077 12409 12498 12619
83 24 249 299 540 544 631 642 815 939 1013 1015 1020 1056 1057 1092 1129 1157 1428 1626 2103 2166 2470 2482 2564 2750 2798 2972 3081 3184 3391 3411 3917 3985 4073 4685 4694 4944 5560 5657 5742 5835 6289 6300 6593 6626 6992 7233 7763 8457 8753 8859 9142 9430 9652 9763 9888 9963 10127 10139 10193 10340 10395 10514 10594 10770 10775 10838 10876 11051 11243 11398 11743 11795 11812 12284 12800 13128 13214 13413 13944 14048 14088 14143
78 31 167 268 297 388 584 722 811 957 963 989 1305 1632 1765 2222 2235 2323 2487 2875 3047 3150 3176 3228 3293 3313 3813 3888 4039 4353 5040 5565 5984 6224 6265 6589 7845 7991 8034 8338 8346 8434 8461 8537 8541 8702 8999 9238 9350 9361 9730 9779 9982 10035 10167 10342 10400 10599 11263 11311 11369 11708 11765 11867 11950 12540 13453 13941 14296 14345 14391 14438 14685 15038 15040 15050 15470 15677 15967
26 1025 1851 2080 2697 3410 4947 4963 4964 5003 5854 6214 6544 6999 7493 7838 7870 8619 9275 9998 10714 12816 13324 13476 14332 16510 17154
69 164 576 736 961 1083 1243 1442 2041 2297 2417 2675 2992 3010 3221 3239 3379 3660 3942 3990 4757 5855 6083 6174 6353 6620 6743 7048 7781 7885 7975 8071 8324 8878 9367 10237 10325 10369 10491 11160 11688 11725 12615 12686 13138 13575 13750 13984 14299 14557 14586 15261 15654 15779 16027 16122 16206 16411 16503 16750 16847 17038 17412 17661 17761 17824 18329 18401 19624 19853
add 13 1
add 14 7
print 8
print 3
add 21 21
print 2
print 2
print 4
print 22
add 25 8
print 5
print 3
add 5 18
add 19 5
add 22 7
print 19
add 26 18
add 22 19
print 1
add 16 11
add 10 9
print 14
print 7
add 4 27
add 21 22
print 17
print 4
add 6 27
add 13 5
add 12 8
add 23 12
print 25
print 19
print 21
add 22 3
print 20
add 25 7
add 8 12
print 27
print 1
add 23 10
print 25
add 18 6
add 10 5
add 26 27
add 22 6
add 20 20
print 25
add 8 1
add 1 3
print 4
print 7
add 23 21
print 24
add 3 17
print 26
print 26
print 12
print 22
print 2
add 10 4
print 17
add 10 6
print 27
add 10 11
print 7
add 4 11
print 17
print 10
add 23 10
print 10
print 22
add 6 2
print 27
print 18
print 15
print 19
print 15
add 25 2
print 2
print 18
print 1
add 13 15
print 18
print 18
add 17 22
print 6
add 20 24
print 4
print 25
