48 765
-229 -586 -232 -31 873 133 -632 -307 -497 -319 -954 -291 -550 906 -688 512 -949 -332 772 -223 393 -481 502 -748 -797 206 584 325 -473 -375 613 500 103 666 491 -19 -516 797 -479 -411 -886 -658 -822 453 -385 792 -980 -46
9 342
12 366
40 -967
47 687
36 -92
28 57
8 -945
48 324
37 -517
5 596
5 169
24 -143
45 487
43 -729
1 356
29 443
13 562
38 550
17 108
39 -399
12 781
17 745
29 771
22 120
5 -163
45 419
1 -936
25 438
39 -558
28 -514
14 -141
24 732
35 948
39 -197
25 -351
27 -751
1 681
40 457
43 -499
1 822
28 504
32 -703
32 -526
42 134
17 -908
2 -837
40 -752
29 -64
4 -571
7 -907
41 -12
19 992
27 -484
24 501
27 -343
10 -273
17 560
39 568
27 71
4 371
36 120
6 -397
40 -106
37 -960
7 485
45 130
25 -366
40 812
1 251
41 429
37 -176
42 7
12 -109
24 -938
9 -545
45 -310
39 20
30 -143
6 352
6 -106
5 654
35 866
48 779
48 -190
44 -595
19 534
48 771
23 -55
22 936
13 -397
3 -591
30 1000
3 88
4 214
9 -899
10 469
6 275
17 -257
22 798
20 702
3 553
14 -147
5 -308
43 -558
7 686
28 505
16 -106
31 324
48 -326
15 -296
41 557
7 848
17 995
45 950
5 989
12 821
15 569
34 162
27 -531
12 -982
7 -560
15 326
25 -199
25 53
37 -817
6 354
31 -690
23 -266
30 -736
48 -87
2 331
33 -882
8 -361
7 -517
11 -343
20 811
28 -447
29 867
21 950
18 -49
11 -926
35 678
19 -618
1 197
38 -913
34 305
23 238
41 -837
5 498
22 -172
44 243
26 -428
33 430
45 665
29 841
3 -860
41 617
13 -566
12 -25
44 -72
33 25
43 -963
12 299
46 -611
14 692
37 -48
23 -611
5 923
12 285
9 9
41 -846
5 868
8 -624
12 876
35 -282
18 -25
6 191
20 -736
9 -967
6 98
44 64
13 100
20 448
31 -148
37 382
40 923
16 499
31 -7
48 978
24 -5
31 -326
10 -985
30 254
35 885
37 -860
27 211
23 -733
7 13
10 690
47 214
5 -455
34 424
11 -85
40 495
40 351
9 -224
9 333
12 333
48 188
34 -714
24 998
4 -485
22 758
9 670
33 -676
45 482
36 899
31 276
1 -880
26 -533
8 978
23 695
8 615
16 89
5 522
39 602
27 -584
40 -337
2 -203
13 797
3 -518
1 -506
9 -377
23 228
11 -234
12 -876
41 -351
26 -527
5 869
46 -199
21 -161
28 955
38 636
17 -573
19 700
26 359
37 -521
3 -791
13 -293
18 -475
1 -573
6 45
35 954
42 -680
8 -126
46 -887
39 527
24 710
32 -930
38 -55
32 -163
23 -690
34 561
11 -801
23 -561
25 -343
10 113
32 677
45 -205
47 -56
24 -659
40 -717
36 277
18 978
18 -431
31 222
1 885
46 -645
16 151
2 -844
32 -838
34 -650
14 262
2 584
32 -881
17 36
14 -842
20 -818
35 840
4 -394
3 662
36 -368
47 569
38 -68
39 -647
46 138
32 529
22 828
38 241
20 948
19 -312
41 787
17 144
27 -194
29 -987
37 -60
44 -447
45 664
34 -824
23 979
32 -550
24 -679
30 -258
30 553
26 -405
46 815
31 563
29 -125
10 -453
3 -989
41 408
13 560
5 -617
2 925
33 798
41 920
35 -594
9 747
35 310
48 231
33 805
8 -897
12 -644
39 -24
16 -707
38 -225
48 432
20 -203
5 465
11 -861
21 74
36 424
39 362
23 325
38 297
22 -941
36 524
10 346
1 -757
29 251
28 493
10 942
41 553
2 -782
36 -205
33 399
21 -294
16 -600
5 -108
44 -917
31 -177
6 -271
26 -911
28 190
23 -302
41 361
22 432
25 970
45 792
15 -114
11 -197
10 413
10 195
5 -495
20 -253
14 -833
8 809
42 -329
44 -983
39 908
37 -999
17 -299
37 -673
25 939
36 973
19 852
34 -159
15 -243
12 99
11 -367
29 611
39 335
23 483
25 -187
2 503
33 -371
20 -763
47 -86
33 327
20 293
21 -274
23 163
48 196
25 873
34 -221
27 -580
23 93
46 -281
20 -623
26 -180
3 671
36 -643
43 -204
26 135
20 -495
1 93
25 -513
1 -895
14 81
30 72
20 -843
11 -5
43 736
10 -688
8 580
39 599
39 826
6 963
3 874
10 237
35 620
8 -478
7 745
10 -788
4 -857
24 -719
11 -299
36 -18
1 8
5 979
27 -768
39 803
24 -546
33 930
19 970
39 89
41 -394
32 -877
40 -207
43 3
9 -295
30 295
47 -313
47 744
16 -187
22 -303
4 281
2 323
43 968
11 860
20 -117
25 553
12 -673
3 -437
35 983
42 493
37 -727
39 27
39 699
34 387
33 -519
5 817
27 -23
48 -702
11 -287
14 977
14 979
24 977
36 332
8 371
33 -786
17 438
17 29
29 -246
44 -378
7 -241
11 518
42 303
26 -125
41 -146
30 712
1 366
40 -84
44 459
42 844
23 -305
26 -52
38 -914
21 87
39 -127
6 -356
4 -800
23 369
13 985
38 87
5 -389
12 -583
12 734
11 -834
13 -665
38 -234
8 550
5 698
19 432
40 -511
45 649
12 -985
19 -205
28 -851
22 313
42 28
45 180
14 -537
39 -600
14 -504
3 -68
31 433
20 -681
26 26
15 -796
35 -541
39 -793
6 -468
43 117
35 661
14 -648
12 -831
7 -586
11 161
26 307
10 740
7 -926
29 -141
17 3
19 60
34 880
45 -600
45 803
29 -952
36 733
19 -370
11 -965
4 -718
12 665
29 -244
13 -241
6 276
31 571
26 -761
8 468
5 726
36 -824
47 395
39 795
9 227
6 -796
21 -284
6 167
27 -302
5 -236
25 -582
8 -321
11 -461
20 731
27 -56
2 -554
11 505
45 556
48 953
13 -833
33 30
25 829
17 -493
24 410
41 -449
24 -952
26 -252
19 609
32 25
31 -402
43 529
21 -209
27 -818
37 -36
9 768
39 -979
46 -525
21 -596
30 -729
7 803
21 -721
15 -164
5 -721
6 -545
46 -972
6 966
48 225
11 -28
45 -150
4 -399
34 -542
45 -929
7 888
34 -787
5 -545
45 494
24 -125
16 697
37 -27
10 996
45 -852
35 615
2 695
26 72
26 153
34 651
2 -672
40 652
37 647
24 34
13 -564
48 756
41 389
21 -818
16 -31
37 -381
20 293
45 -932
26 -221
28 794
10 -958
23 792
18 -643
30 714
16 681
15 640
31 -978
42 -278
33 -329
37 -652
14 -914
48 -413
28 170
28 -406
16 -247
23 -40
36 22
27 -556
41 207
41 74
15 -19
15 -461
34 698
1 -601
23 631
23 -268
40 -422
20 -475
44 -706
23 949
11 -436
37 -244
32 -596
6 -979
48 715
47 -82
42 -161
1 -260
47 131
47 907
36 -22
37 -881
6 373
23 680
45 -13
24 633
36 -655
29 736
40 -198
1 -74
14 152
26 -701
10 -399
43 -765
46 -833
11 981
32 482
38 284
15 -419
35 -841
7 -129
22 391
18 -592
23 72
34 -117
34 -441
12 -783
48 -364
39 -832
38 -731
38 -169
13 -271
34 214
18 247
28 -10
15 943
1 -123
9 -792
14 241
11 -696
6 374
35 -192
2 -960
27 -533
24 -252
43 818
32 579
29 874
35 299
17 768
4 820
18 -125
19 -513
41 312
16 765
33 -415
45 -200
26 805
39 930
18 -804
22 -901
1 -894
35 -706
19 504
26 668
11 -401
32 970
22 -581
38 739
14 169
15 79
1 -558
46 -3
1 -578
20 -125
45 93
9 -209
15 -397
24 293
23 575
32 -194
40 736
7 767
2 906
34 -275
