526 673
-235 -681 760 385 -235 -73 944 539 -235 583 662 147 -278 -311 999 -812 -379 -133 -292 674 483 306 637 993 -731 105 381 742 -885 938 -438 28 156 923 -854 356 821 53 -852 589 671 826 190 -632 -638 907 506 215 -436 -274 832 180 956 -894 533 63 567 -703 934 530 -613 -475 167 -866 241 -809 -228 -360 591 -439 371 825 -457 -158 126 -302 -804 -14 -170 -668 -387 -138 328 685 306 640 -136 -837 -978 -718 303 292 -780 721 -927 -532 997 637 -451 692 -99 -591 -71 983 608 -354 -889 -859 648 -640 112 -949 -321 235 -235 686 -766 -498 -712 -491 672 -353 -592 704 -721 -785 638 146 19 416 -310 -449 322 -920 569 -487 206 900 -153 -710 -378 985 174 594 790 -801 -992 264 -321 -191 -858 531 411 -368 476 -975 473 979 901 -12 -233 333 -281 344 -336 826 -534 -672 -704 -836 834 573 274 587 -983 -611 -414 -741 -519 -412 323 -548 -813 618 512 -379 538 102 199 -502 -673 37 -680 841 709 782 -268 673 -23 293 -797 401 -619 252 249 -583 -422 828 82 -929 413 -85 841 595 -875 123 -647 648 927 -387 849 -713 -938 786 620 -705 793 -90 -930 423 -365 -259 -878 218 -901 683 -65 3 -788 -984 -845 -317 -417 -918 149 -75 576 -144 -559 646 -968 333 806 635 936 193 982 -555 903 614 -284 -601 -843 -533 -138 621 -842 -706 -291 -856 -36 266 302 550 -417 -734 -95 902 347 -910 895 696 -949 861 -806 852 -801 -568 -668 692 279 361 450 -550 -561 972 852 515 529 113 947 -839 -696 353 -615 15 52 -519 -486 -490 670 -942 -554 -725 -517 888 136 -480 45 -121 471 79 465 207 -455 698 52 -780 -866 -546 736 497 261 900 385 763 -614 -421 -65 823 -635 760 965 960 953 -985 879 941 989 -752 833 -873 -441 -192 562 -457 15 286 -748 -612 871 -357 114 -115 -244 -523 533 192 899 386 235 -523 -406 681 569 195 632 442 -150 879 -897 418 108 480 129 -281 -529 -903 -385 382 -779 -639 843 -823 -705 -437 280 -210 9 -203 -109 479 -243 -539 -168 827 761 -367 -178 -522 -694 -349 -424 930 98 947 -921 -192 -99 -819 846 -574 77 237 -57 561 -776 -606 175 -1000 -496 698 -57 552 114 -615 -556 -724 242 -150 -521 -53 470 -957 744 716 457 -996 -576 -535 -635 -306 448 385 -142 72 -812 -813 394 829 -727 52 -112 -776 -246 -56 -782 438 296 -869 646 -613 923 571 -390 -579 -317 976 518 87 797 732 682 -130 -847 -255 -211 387 -791 -648 103 907 -600 -597 -543 -584 -860 -604 542 646 -510 -234 -716 492 95 -30 307 994 468 -570 546 343 -805 -955 971 31 -811 520 -728 -838 250 256 -291 750 -127 42
83 -725
264 295
381 -875
521 331
146 -626
87 163
136 50
23 333
24 875
335 992
66 584
289 -5
64 -664
322 -17
292 -933
402 -20
372 513
100 677
210 327
201 -505
172 -543
518 -935
187 -280
221 703
71 -498
169 -442
249 19
208 976
392 65
293 -971
222 -595
474 -3
177 303
14 -524
50 -468
63 455
404 -128
75 -505
81 462
322 86
225 -246
121 -623
266 -82
255 298
180 -45
46 -215
374 144
292 902
214 -468
100 26
392 367
112 -570
237 462
78 -587
146 -670
276 -452
347 622
351 -19
115 443
372 815
422 586
464 -713
505 3
98 -976
229 40
58 -193
526 536
231 162
320 781
285 933
246 -42
399 -566
282 554
509 800
268 94
72 -96
252 237
396 -781
162 283
380 967
420 639
442 451
61 584
302 163
59 345
1 -433
509 -432
204 -645
214 710
319 165
210 960
129 -30
464 159
441 -580
321 -626
417 -895
21 -410
302 -17
401 640
141 -522
58 -372
128 -29
443 714
410 455
313 968
416 801
424 -789
301 438
356 556
66 372
328 -248
418 344
82 -125
437 83
429 918
245 165
263 -681
216 955
184 541
407 -860
94 -593
245 335
504 -142
342 -242
54 95
117 455
276 728
65 -397
313 434
300 325
138 -31
464 313
176 316
516 -526
404 28
321 -900
363 73
318 -959
421 -508
469 -100
20 -597
462 -298
48 -804
396 -918
44 413
313 180
156 433
176 779
283 227
143 -367
414 -759
2 293
488 971
169 -156
306 794
1 113
18 -926
303 -963
60 894
72 500
206 425
486 23
432 532
3 196
100 -879
491 935
313 829
290 -299
393 -183
244 312
454 -468
454 414
212 -96
279 -705
365 -366
223 101
82 791
65 876
27 574
94 220
63 780
394 280
106 528
72 579
83 -462
265 167
267 -696
496 97
108 154
365 -556
280 -424
125 -346
245 -958
259 903
480 454
110 283
384 445
283 -783
59 913
493 -44
389 -977
85 -974
209 304
154 -22
404 -700
395 -388
239 -291
258 699
359 676
347 -75
493 -345
77 584
460 -931
448 -553
346 642
473 638
431 -378
413 -94
221 -201
292 650
464 -979
433 321
99 -890
357 -201
426 -355
363 907
508 991
271 -647
144 65
357 568
350 -42
506 196
158 -856
83 -779
408 405
286 220
45 -786
33 -511
33 442
253 545
435 -386
415 212
78 -386
282 -410
365 57
19 820
42 -57
341 235
221 609
419 -714
295 -188
37 -671
256 -19
30 439
279 -799
84 -454
87 209
413 -396
26 267
105 -685
247 384
202 -151
24 -736
194 -378
54 248
130 561
368 806
435 -363
339 -359
439 637
497 475
354 937
6 -981
184 245
72 -978
104 -923
264 587
478 697
437 -77
215 9
322 -494
476 158
166 -998
360 -924
521 -32
25 -52
354 679
181 126
433 -659
256 441
313 -461
519 -301
177 925
282 -196
316 256
183 -939
41 -964
99 586
283 105
265 -147
211 201
97 -862
203 75
314 796
211 437
175 -597
266 -934
381 -481
257 -382
486 759
281 191
340 -274
260 -797
446 -502
116 906
330 -550
115 40
252 -379
405 -496
332 901
430 -728
32 235
195 -315
235 909
277 -907
457 801
63 985
340 469
318 -918
407 205
56 26
201 871
182 891
99 207
429 -608
491 -583
161 782
302 195
157 -436
353 256
149 -757
419 811
293 236
144 -471
379 710
523 -842
505 -69
517 -610
388 -373
3 856
277 -997
459 -149
447 -895
115 -816
57 -792
317 475
185 -334
140 829
499 -375
393 669
478 -417
244 962
504 415
275 811
170 81
347 -824
269 -60
426 474
156 849
191 255
431 -793
332 256
253 -825
303 -218
430 421
244 -320
50 914
512 114
251 862
205 -794
197 43
9 -74
50 -863
305 838
501 -928
119 -645
146 -263
384 -943
459 -208
242 255
307 727
210 -383
193 -384
184 -732
321 243
231 -326
229 -984
143 -742
477 -885
320 -738
517 -446
497 -164
430 -940
397 864
159 -496
515 -524
358 233
436 -431
511 826
294 218
241 -389
490 336
209 -784
243 728
466 -16
317 -655
220 -973
419 945
106 -976
447 -68
525 -748
175 -178
505 -35
261 -611
479 -871
470 -340
13 858
102 -913
434 -683
130 -214
518 -815
83 -546
334 940
105 -674
101 -936
21 -955
337 -56
398 -679
405 -715
72 211
394 -170
43 -307
230 -540
287 593
332 457
383 -465
398 1
394 -270
518 449
472 -478
243 -52
124 509
255 -305
326 -102
147 -859
196 689
483 193
311 806
9 483
469 -454
312 981
446 -28
248 297
229 843
299 675
195 978
363 286
334 897
436 -166
484 -626
82 568
371 -252
257 440
324 392
422 321
9 662
338 -802
91 246
373 -477
300 980
498 -806
283 -216
513 515
323 64
285 149
261 473
252 -70
487 -408
480 259
417 -760
444 464
157 678
463 377
2 -99
186 -33
513 603
498 800
393 -824
324 -587
441 -615
341 391
117 -938
184 188
2 -55
150 792
413 41
418 979
149 356
292 497
254 634
159 253
247 699
391 741
360 -704
171 98
449 -743
332 516
368 -87
399 883
103 805
512 150
368 129
168 -977
115 -269
415 -1
356 35
30 -411
396 528
411 984
89 929
379 267
418 -146
70 -551
356 941
65 -861
339 691
419 -104
38 -259
50 -911
67 361
23 -713
475 -906
284 -977
213 -876
507 448
27 757
68 706
201 868
504 322
273 211
399 924
40 401
17 -187
37 261
57 758
380 330
243 971
50 -294
456 185
314 -958
340 -733
483 365
472 785
267 -730
405 227
387 437
209 -217
52 -249
433 641
367 470
498 942
257 -758
277 627
490 155
147 -959
411 -636
26 291
261 483
141 -288
35 50
520 -531
302 -269
512 603
477 -417
402 -425
367 548
326 -610
321 -275
525 537
118 127
482 -355
469 691
448 -679
285 745
473 33
66 978
469 63
4 857
282 105
516 515
166 -717
442 -677
388 192
236 933
515 -52
59 210
489 388
78 903
311 877
442 -827
32 -876
177 -912
486 734
239 -30
24 846
149 683
52 -615
334 -222
272 -482
500 790
285 -933
306 -617
410 -258
32 -104
295 -815
170 -552
15 704
339 696
517 671
187 379
243 -781
400 750
411 714
381 785
156 378
340 -753
273 562
127 282
494 -981
166 96
171 -315
341 394
361 -181
402 385
278 -481
313 -962
403 203
286 901
373 63
414 -884
323 -637
502 -476
103 -942
286 -65
468 -882
99 453
103 -223
424 -264
175 -139
426 -233
41 892
44 -442
127 -137
26 -907
459 691
279 -801
222 -94
88 870
377 -852
297 -979
222 -982
439 -67
500 -679
