548 319
602 192 187 -743 -548 577 -836 -870 -142 -253 -603 -995 -157 -542 492 -173 163 318 890 -881 834 -586 -687 -388 828 -328 810 -655 -601 -870 -2 610 553 -15 540 806 855 114 658 559 157 413 485 -91 -126 -612 -409 -791 -94 141 186 981 -138 -619 349 -570 -590 -863 -445 -652 -842 -199 353 -698 -354 -861 -330 -77 -400 -27 -608 -852 -705 -907 -312 -279 156 401 -302 572 695 -172 95 -876 -818 -212 112 -823 629 -560 295 599 247 538 849 -713 -551 646 800 631 -439 -284 -887 -382 60 104 -746 397 -243 -522 -457 663 -262 -39 -431 -367 -256 -23 -740 812 -713 611 379 -766 -321 -18 512 -318 -198 -827 -891 818 763 -285 144 -79 -230 -61 -365 -989 -358 412 -59 717 -991 -203 -731 203 -106 -155 -458 -214 -290 358 366 514 -128 -928 -551 846 319 -684 -752 739 -124 -355 -103 -991 -740 -476 -3 254 173 299 798 964 -493 272 -678 -354 -123 96 -216 -199 -2 571 526 812 -112 57 -890 -126 886 356 -185 -235 717 985 -127 -175 -858 -291 718 -567 -133 -715 -652 -374 -490 7 -437 -104 -665 -764 155 543 25 65 -910 -381 -561 -763 775 863 -839 249 -119 -861 755 21 405 803 -948 -721 -868 224 382 -922 419 -335 -691 -956 -962 -1 561 -921 656 -309 436 93 -993 797 387 223 -692 -854 331 -120 -781 -283 -642 -662 -587 -882 898 -801 -712 171 -472 437 422 289 479 -136 503 874 746 -762 -374 -81 400 -669 675 69 -262 423 669 -449 852 -183 -931 975 -213 -915 904 690 359 -639 -801 -815 515 -578 -149 695 -641 -880 929 -949 -522 136 239 -861 112 136 -792 282 650 553 642 396 -799 306 380 -750 961 456 -781 930 143 -916 -920 790 -304 -597 792 -427 322 -98 742 181 -756 -2 506 -488 790 -204 436 -106 -321 634 856 743 -114 -225 811 256 -566 208 789 -11 475 -375 617 -120 328 -194 -591 356 -247 -27 -917 -218 431 -895 -729 -64 -831 529 393 -768 -721 -759 -481 395 933 826 230 -685 -580 645 875 764 -389 -336 446 970 -437 -895 209 467 -681 280 -945 489 -427 -458 968 51 19 -522 -174 -256 53 255 -820 -103 -607 -753 -28 121 -973 382 329 392 -928 61 676 -316 -47 -166 -218 323 -544 -804 720 -200 351 -550 865 -511 -628 -526 -54 -10 -748 -389 -25 -714 -660 -498 -172 985 -989 335 84 502 411 108 368 771 -551 -921 305 334 -123 779 -655 -662 596 772 314 -370 -708 -479 420 900 24 299 120 96 -129 486 -699 584 -971 978 166 466 -551 28 -204 844 651 -16 38 -351 -186 10 -328 -412 290 -494 -994 -412 -639 804 879 -730 419 610 -81 -155 356 -728 607 -39 -867 -917 430 -351 -470 -531 -51 132 803 -507 -419 915 -475 -444 641 903 559 208 -531 225 187 -312 -587 266 -370 -354 767 301 -559 -634 419 783
81 988
388 -594
520 -738
232 734
165 610
531 762
171 262
441 -750
256 737
475 -358
197 721
252 166
428 -442
313 -284
450 -297
265 -427
208 -679
543 -664
429 -332
167 -889
66 -613
70 -426
408 -853
458 -27
104 -496
125 187
525 626
389 371
315 557
268 91
128 142
209 730
331 -971
103 -220
354 -126
168 848
96 -562
44 716
364 419
323 -729
149 -522
180 -559
450 -946
408 643
168 -597
463 -582
437 -269
249 517
215 605
75 -181
346 -499
275 -608
362 676
237 -701
308 958
152 -31
146 -816
45 -14
98 95
461 -633
463 167
105 429
122 -561
121 -435
156 850
441 30
379 350
104 562
290 -679
166 -66
424 827
173 506
272 -55
162 394
278 11
388 -209
130 -532
437 -651
158 -579
445 119
433 115
476 227
245 -853
155 538
388 -100
173 -288
175 -480
414 -62
251 146
284 -25
536 -5
478 -216
46 483
257 -853
466 760
209 548
538 -936
508 724
437 802
281 -630
377 240
347 -29
486 208
143 188
225 473
332 -463
444 170
369 -422
318 -53
172 781
122 -36
493 83
173 658
385 818
55 650
20 230
297 976
397 295
340 242
496 -203
213 418
404 -623
274 -412
38 527
472 142
198 202
545 -23
85 322
439 668
123 -447
430 963
9 -600
271 -956
209 754
194 156
105 -327
213 525
334 -215
337 233
134 -904
356 914
531 -644
119 -80
201 -518
11 664
30 -33
519 -565
25 31
520 -306
501 -835
531 408
242 -159
98 147
456 -210
101 518
108 874
15 -848
439 930
346 -655
414 -604
71 -972
146 -164
89 194
403 -606
151 966
524 -166
456 641
324 -558
383 -811
516 -579
171 284
295 -940
137 563
355 349
335 481
530 -733
467 441
467 -66
33 -951
494 376
337 -33
245 62
420 674
325 -510
249 -640
325 -810
95 -449
61 -523
297 648
117 -714
349 740
147 412
148 389
397 770
410 -266
112 -523
477 856
250 -859
480 8
235 -143
503 -824
523 -143
108 273
201 -939
491 969
70 -596
237 -289
79 14
138 -333
169 -153
1 -583
52 573
68 340
94 -897
284 324
376 286
294 206
61 425
275 -919
314 367
365 138
291 -143
218 412
384 -121
448 -378
417 -585
254 -308
362 -101
446 -811
161 -526
403 229
538 -858
173 825
265 -368
251 -467
238 567
105 327
50 543
110 547
468 674
203 652
79 -36
240 85
441 -691
414 -524
355 -725
342 13
408 -348
241 -40
322 -532
281 -378
468 -304
307 6
321 100
209 991
301 -312
366 -534
25 -279
391 -947
463 528
293 325
424 763
416 897
121 -339
470 -903
260 157
536 -483
528 -83
244 -41
174 661
80 -197
298 -177
466 -175
313 -587
73 480
175 -857
274 -335
72 -57
322 -973
487 632
379 273
499 -831
245 -930
278 747
155 515
59 -150
423 -25
227 -149
338 794
81 253
119 680
434 364
422 -14
55 559
444 -516
345 -858
233 -420
208 467
196 -442
362 -923
478 812
490 -221
109 -79
527 910
351 744
283 -300
524 147
126 -739
348 324
425 848
333 -477
191 -359
391 917
41 254
132 -61
441 919
322 -706
509 -188
243 -759
