45 710
836 -153 -84 -47 -430 -943 381 29 -48 -223 796 789 -552 83 869 444 -197 -263 -768 725 46 -396 23 -859 -696 208 584 -456 714 963 -405 12 352 -163 -322 -46 -997 -989 -723 -777 960 -757 -355 -648 852
13 446
15 13
12 -665
6 -629
28 -493
24 -909
43 -166
1 985
12 332
29 -595
38 74
16 -350
5 40
21 68
11 -223
44 -574
30 866
24 -543
36 518
17 -607
4 636
26 427
45 -156
45 -103
27 326
44 116
45 -479
37 -583
19 -36
28 -913
44 356
34 744
35 883
35 577
17 -129
19 -222
31 561
1 -179
13 -933
13 -842
39 63
2 495
4 777
23 -14
2 -441
31 475
29 -125
23 -103
29 -34
5 -289
31 -181
34 -528
15 650
19 -817
30 794
11 -3
29 492
6 710
4 184
36 63
17 -702
9 88
33 917
25 -999
38 798
23 -654
14 -878
8 942
28 976
13 815
9 -853
32 169
23 523
6 -684
37 171
21 -127
13 111
37 431
31 -99
22 701
3 -988
15 -883
41 -126
27 -326
4 -174
4 -578
17 -911
42 -299
41 -473
39 527
40 1
6 -327
36 639
20 657
41 582
15 -843
15 -285
25 312
41 -740
32 -314
30 446
31 -643
24 671
29 395
44 85
28 -799
17 -227
21 -265
2 235
7 -683
29 799
39 -443
19 -282
3 609
19 -955
35 516
15 -452
44 -629
29 -228
43 822
14 -9
44 -656
26 -74
28 860
25 714
33 363
43 -521
3 -387
18 291
28 -160
23 837
41 -32
29 801
24 -138
32 611
45 -418
25 745
26 613
1 -269
14 118
41 348
12 -360
18 133
3 561
14 -579
5 -764
33 822
41 -868
40 -918
19 880
15 -254
14 45
39 564
8 -942
13 -957
29 356
12 -624
6 -100
30 111
39 -595
14 803
16 -77
14 -473
3 614
13 485
44 -879
27 315
39 106
26 123
17 -366
24 809
28 -59
39 495
13 285
35 -655
30 679
30 588
21 -71
34 -436
6 794
34 310
30 -323
44 548
9 -66
8 -195
21 -58
45 309
27 -731
16 860
8 -410
32 107
39 186
44 -353
23 -323
28 -870
42 -425
36 -177
16 43
45 756
5 -783
25 -538
10 -522
23 -96
24 -748
3 -410
21 -994
5 751
40 -746
19 -195
28 -757
31 11
10 -613
36 495
10 861
10 -663
29 -327
32 -100
24 644
10 -698
11 333
21 -982
43 -624
28 -782
1 -516
12 -896
10 -905
14 -677
35 -319
40 13
9 922
10 -221
44 541
38 -864
32 231
35 -714
42 -276
8 430
4 -63
17 -960
40 505
32 290
25 606
27 -725
39 -571
42 -978
8 -591
44 149
32 578
34 -848
8 686
6 482
45 910
21 579
45 -421
13 -172
14 -39
5 -925
41 544
31 657
23 133
25 131
20 -85
10 356
17 -178
4 -860
29 -401
33 846
16 -851
12 679
17 337
5 31
31 -726
43 -620
3 74
1 96
15 -440
3 -345
38 -828
33 893
15 -667
36 -751
5 716
23 677
27 230
15 901
19 -356
12 -314
1 -357
27 -162
33 -738
45 55
11 509
32 624
38 -684
31 -164
23 191
15 343
37 -330
24 355
8 -47
10 -370
45 -416
43 -337
11 -219
28 792
2 325
39 834
21 795
14 529
21 -872
1 852
28 251
20 497
7 -994
39 -904
21 153
43 -538
25 390
10 -329
42 -314
2 544
4 -880
16 68
40 11
17 567
14 789
3 441
6 143
17 244
4 -344
11 458
4 -570
43 951
38 190
27 -997
19 120
13 -140
3 -88
15 979
23 -728
16 653
18 -875
38 -62
24 270
30 -172
16 207
16 573
6 915
23 616
39 511
34 -963
8 373
13 -531
6 -643
44 -379
42 -533
12 -842
10 -384
9 -484
37 -695
19 960
15 -360
10 -580
28 502
22 -565
25 283
38 741
32 -744
4 -947
1 -234
22 -358
15 -742
8 164
1 640
35 935
14 -300
12 302
7 591
44 -441
2 120
31 96
14 -921
31 -87
41 108
22 -235
26 -909
37 17
33 -418
25 -30
39 -282
31 37
6 927
42 -763
4 85
14 640
14 -784
26 -2
45 -877
11 -809
37 536
36 461
29 -310
31 61
9 -355
36 -424
32 -225
12 252
43 -21
25 102
28 54
39 -359
4 758
13 253
25 38
27 -449
40 -827
4 461
43 314
14 677
43 431
44 953
29 380
2 599
12 -871
14 -54
12 323
40 383
32 -258
4 684
39 93
17 549
2 -324
16 -955
38 -136
1 851
35 -55
45 274
23 -746
10 -575
23 921
43 -966
18 -379
24 -230
17 -65
25 71
26 957
15 831
27 -27
21 -45
13 -608
25 405
13 -784
17 -322
37 16
19 -578
7 -583
8 586
40 318
9 45
6 127
13 -90
15 -302
8 376
3 -731
31 896
17 -407
31 -3
22 298
37 -734
35 432
13 112
35 -791
44 534
16 438
35 -967
35 -367
14 654
45 -719
14 254
37 790
9 -722
20 -435
35 -128
3 267
45 848
27 -585
5 -144
9 -840
25 -728
17 653
16 646
24 -709
30 218
26 71
3 116
18 -965
42 479
5 305
41 -137
1 472
2 -557
41 781
1 -151
8 -93
40 407
5 -471
43 -867
33 464
10 230
38 582
15 701
24 28
23 -420
6 703
43 -116
37 35
22 -717
12 240
35 122
6 -889
12 754
32 538
21 78
9 -717
16 776
44 -280
35 835
31 -435
23 381
30 554
33 -63
45 -896
33 -188
11 -346
4 -956
24 -46
45 -411
33 -457
17 152
35 -840
22 -95
16 801
1 -576
38 -782
1 387
8 796
20 -138
9 850
43 -315
18 -721
10 319
7 -608
23 650
39 60
38 112
32 -976
15 877
39 -472
3 471
5 -671
3 -932
40 519
19 -668
41 -38
37 -737
38 -225
9 -766
39 910
4 386
2 753
38 799
17 -418
45 -91
11 -240
2 552
40 -484
2 353
6 -540
19 -893
35 411
45 875
41 948
3 -84
10 5
27 206
15 -320
17 640
33 -942
26 -565
27 -749
31 91
40 920
29 -619
33 756
5 35
8 -316
9 806
10 -751
8 828
10 210
15 982
25 -946
39 -349
18 -290
23 849
11 656
13 89
36 453
3 -997
9 -562
42 -205
7 -953
42 -448
24 -717
1 -986
14 574
19 544
45 233
27 682
31 -190
34 -1
16 -979
3 -863
34 56
4 781
40 -558
42 -842
14 788
27 -175
21 -450
27 -142
43 420
13 -65
3 723
20 -582
42 156
6 700
3 -948
5 -588
17 -64
19 -511
41 -904
3 -24
34 714
25 -708
1 -52
30 -919
26 -404
42 159
34 678
16 -368
2 574
5 730
15 -653
42 -826
44 -672
21 -390
7 383
2 -559
5 -841
5 833
11 528
3 989
32 -527
15 679
29 -347
32 182
40 405
29 -427
45 -849
11 -225
33 -7
17 88
4 427
12 -174
2 -516
28 -710
6 483
40 -533
9 699
29 -580
15 602
1 511
25 -480
8 424
2 -890
3 395
22 -791
19 82
9 506
33 -4
40 566
38 -33
20 -841
16 -500
34 -64
31 -979
42 -378
45 397
31 813
6 693
9 520
24 56
45 -718
38 -546
30 546
29 646
32 562
12 625
43 551
